1462804 1.3249 36 75 -0.2 0.6
1337737 1.3163 36 75 -0.2 0.45
1273257 1.28855 36 75 -0.2 0.3
1273257 1.28855 36 75 -0.2 -10
1273257 1.28855 36 75 -0.2 0.15
1273257 1.28855 36 75 -0.2 0
1191455 1.36716 36 75 -0.6 0.6
1113230 1.3604 36 77.5 -0.2 0.75
1084601 1.35654 36 75 -0.6 0.45
1082395 1.35696 36 77.5 -0.2 0.6
1071832 1.30301 36 45 -0.4 1.2
1054432 1.19897 36 65 -0.6 0.75
1031000 1.31996 36 75 -0.6 0.15
1031000 1.31996 36 75 -0.6 0.3
1031000 1.31996 36 75 -0.6 -10
1031000 1.31996 36 75 -0.6 0
1029917 1.23451 36 70 -0.6 0.75
1011886 1.21739 36 70 -0.2 0.75
999852 1.73458 30 77.5 0.6 1.2
985434 1.43994 36 75 -0.2 0.9
985342 1.23557 36 65 -0.6 0.9
976849 1.626 30 75 1 1.2
975762 1.52194 24 0 1 1.35
973507 1.438 36 77.5 -0.2 0.9
971788 1.33095 36 65 -0.2 1.35
955995 1.50658 36 75 -0.2 1.2
952819 1.51765 24 55 1 1.35
951390 1.62308 30 75 0.6 1.2
944527 1.50436 36 77.5 -0.2 1.05
944527 1.50436 36 77.5 -0.2 1.2
936426 1.31048 36 77.5 -0.2 0.3
936426 1.31048 36 77.5 -0.2 -10
936426 1.31048 36 77.5 -0.2 0
935018 1.61942 30 77.5 1 1.2
928173 1.40314 36 77.5 -0.6 0.6
921730 1.2385 30 0 1 1.35
921440 1.32454 36 45 -0.4 1.35
917850 1.35796 36 70 -0.2 1.2
912949 1.31479 36 0 -0.6 1.2
912949 1.31479 36 55 -0.6 1.2
912949 1.31479 36 65 -0.6 1.2
905320 1.28247 36 65 -0.6 1.05
905183 1.25983 30 75 1 0.75
902362 1.28678 36 70 -0.2 0.9
901585 1.23721 30 0 0.6 1.35
901585 1.23721 36 0 0.6 1.35
899895 1.23646 30 55 1 1.35
899436 1.24231 30 75 1 0.6
899074 1.23691 30 45 0.8 1.35
895899 1.57696 24 70 1 1.2
893548 1.91767 48 85 1.4 0.6
893548 1.91767 100 85 1.4 1.2
893548 1.91767 48 85 1.4 1.05
893548 1.91767 60 85 1.4 0.9
893548 1.91767 60 85 1.4 1.05
893548 1.91767 60 85 1.4 1.2
893548 1.91767 60 85 1.4 0.75
893548 1.91767 48 85 1.4 0.75
893548 1.91767 48 85 1.4 0.9
893548 1.91767 60 85 1.4 -10
893548 1.91767 100 85 1.4 0.9
893548 1.91767 60 85 1.4 0.6
893548 1.91767 100 85 1.4 1.05
893548 1.91767 100 85 1.4 0.75
893548 1.91767 100 85 1.4 0
893548 1.91767 100 85 1.4 -10
893548 1.91767 60 85 1.4 0
893548 1.91767 100 85 1.4 0.6
893548 1.91767 48 85 1.4 0
893548 1.91767 48 85 1.4 1.2
893548 1.91767 48 85 1.4 -10
880510 1.23019 30 0 1 1.2
880289 1.23518 36 55 0.6 1.35
880289 1.23518 30 55 0.6 1.35
875504 1.31756 36 70 -0.2 1.05
862347 1.25425 30 65 1 1.35
861374 1.22891 36 0 0.6 1.2
861374 1.22891 30 0 0.6 1.2
859761 1.22816 30 55 1 1.2
858975 1.22861 30 45 0.8 1.2
849136 1.90622 48 85 0.6 0
849136 1.90622 100 85 1 1.05
849136 1.90622 100 85 1 0.6
849136 1.90622 48 85 0.6 0.6
849136 1.90622 100 85 1 0
849136 1.90622 60 85 0.6 1.2
849136 1.90622 60 85 1 0.9
849136 1.90622 60 85 1 1.2
849136 1.90622 60 85 1 1.05
849136 1.90622 60 85 1 0.6
849136 1.90622 100 85 1 1.2
849136 1.90622 60 85 0.6 0.6
849136 1.90622 60 85 1 0
849136 1.90622 48 85 1 0.75
849136 1.90622 60 85 0.6 -10
849136 1.90622 100 85 1 0.9
849136 1.90622 60 85 1 0.75
849136 1.90622 60 85 0.6 0
849136 1.90622 48 85 0.6 -10
849136 1.90622 48 85 1 -10
849136 1.90622 100 85 0.6 -10
849136 1.90622 48 85 1 0
849136 1.90622 100 85 0.6 0.75
849136 1.90622 48 85 0.6 0.75
849136 1.90622 100 85 0.6 1.05
849136 1.90622 48 85 1 0.9
849136 1.90622 48 85 1 1.2
849136 1.90622 48 85 1 1.05
849136 1.90622 48 85 0.6 1.2
849136 1.90622 100 85 1 -10
849136 1.90622 60 85 0.6 0.75
849136 1.90622 100 85 0.6 0.9
849136 1.90622 100 85 0.6 0
849136 1.90622 60 85 1 -10
849136 1.90622 48 85 1 0.6
849136 1.90622 100 85 0.6 0.6
849136 1.90622 48 85 0.6 0.9
849136 1.90622 60 85 0.6 0.9
849136 1.90622 100 85 1 0.75
849136 1.90622 48 85 0.6 1.05
849136 1.90622 100 85 0.6 1.2
849136 1.90622 60 85 0.6 1.05
848885 1.34674 36 70 -0.6 1.05
844884 1.38985 36 77.5 -0.6 0.45
843039 1.4694 36 65 -0.2 1.5
842480 1.3501 36 0 -0.6 1.35
842480 1.3501 36 55 -0.6 1.35
840900 1.22688 36 55 0.6 1.2
840900 1.22688 30 55 0.6 1.2
838294 1.27798 36 70 -0.6 0.9
825524 1.52736 30 77.5 1.4 1.2
823595 1.23553 30 75 1 -10
823595 1.23553 30 75 1 0
821724 1.3205 30 75 0.6 0.75
816584 1.29739 30 75 0.6 0.6
815294 1.21271 30 70 -0.2 0.75
812695 1.20096 36 65 -0.2 0.9
810643 1.68639 30 77.5 1 1.35
808424 1.26764 24 45 0.8 1.2
808226 1.1969 100 0 1 1.2
808226 1.1969 60 0 1 1.2
808226 1.1969 48 0 1 1.2
806608 1.19833 48 75 -0.2 0.6
806608 1.19833 100 75 -0.2 0.6
806608 1.19833 60 75 -0.2 0.6
804716 1.19737 60 0 1 1.35
804716 1.19737 100 0 1 1.35
804716 1.19737 48 0 1 1.35
803516 1.42058 36 45 -0.4 1.5
803031 1.34145 36 77.5 -0.6 -10
803031 1.34145 36 77.5 -0.6 0.15
803031 1.34145 36 77.5 -0.6 0
803031 1.34145 36 77.5 -0.6 0.3
801660 1.68574 100 85 10 0
801660 1.68574 100 85 10 0.6
801660 1.68574 100 85 10 1.05
801660 1.68574 100 85 10 0.75
801660 1.68574 48 85 10 1.5
801660 1.68574 48 85 10 0.75
801660 1.68574 48 85 10 0.9
801660 1.68574 100 85 10 1.2
801660 1.68574 60 85 10 -10
801660 1.68574 60 85 10 1.5
801660 1.68574 100 85 10 -10
801660 1.68574 60 85 10 1.2
801660 1.68574 100 85 10 1.5
801660 1.68574 100 85 10 0.9
801660 1.68574 60 85 10 0.6
801660 1.68574 60 85 10 0.75
801660 1.68574 48 85 10 0.6
801660 1.68574 60 85 10 0
801660 1.68574 48 85 10 -10
801660 1.68574 48 85 10 1.05
801660 1.68574 60 85 10 1.05
801660 1.68574 48 85 10 1.2
801660 1.68574 48 85 10 0
801660 1.68574 60 85 10 0.9
789083 1.19502 48 55 1 1.2
789083 1.19502 60 55 1 1.2
789083 1.19502 100 55 1 1.2
788399 1.19456 60 45 0.8 1.2
788399 1.19456 100 45 0.8 1.2
788399 1.19456 48 45 0.8 1.2
788194 1.19449 60 0 0.6 1.2
788194 1.19449 100 0 0.6 1.2
788194 1.19449 48 0 0.6 1.2
786101 1.29092 30 75 1 0.9
785706 1.19549 48 55 1 1.35
785706 1.19549 100 55 1 1.35
785706 1.19549 60 55 1 1.35
784994 1.52012 30 75 1.4 1.2
784986 1.19502 60 45 0.8 1.35
784986 1.19502 100 45 0.8 1.35
784986 1.19502 48 45 0.8 1.35
784725 1.19496 48 0 0.6 1.35
784725 1.19496 60 0 0.6 1.35
784725 1.19496 100 0 0.6 1.35
781735 1.4883 24 70 1.4 1.2
774221 1.40761 30 77.5 0.6 0.75
773177 1.24003 36 65 -0.2 1.2
770684 1.23734 30 65 1 1.2
769519 1.19262 48 55 0.6 1.2
769519 1.19262 100 55 0.6 1.2
769519 1.19262 60 55 0.6 1.2
768906 1.69615 36 65 -0.2 1.65
768196 1.26924 30 70 1 1.2
766164 1.19308 48 55 0.6 1.35
766164 1.19308 100 55 0.6 1.35
766164 1.19308 60 55 0.6 1.35
765126 1.23765 24 0 1 1.2
761140 1.4598 36 75 -0.6 0.9
752892 1.20838 60 65 1 1.35
752892 1.20838 48 65 1 1.35
752892 1.20838 100 65 1 1.35
752847 1.40417 30 77.5 0.6 0.6
747727 1.29013 30 75 0.6 0
747727 1.29013 30 75 0.6 -10
747042 1.23543 24 55 1 1.2
746910 1.36704 30 77.5 1 0.6
744787 1.14534 48 65 -0.6 0.75
744787 1.14534 100 65 -0.6 0.75
744787 1.14534 60 65 -0.6 0.75
737582 1.19039 100 75 -0.2 0.45
737582 1.19039 48 75 -0.2 0.45
737582 1.19039 60 75 -0.2 0.45
732733 1.65089 36 45 -0.4 1.65
729668 1.40284 30 77.5 1.4 0.9
728828 1.2836 30 75 1.4 0.9
728462 1.34757 30 75 1 1.05
724842 1.58619 30 77.5 0.6 1.05
724216 1.64659 36 45 -0.4 1.8
724216 1.64659 36 65 -0.2 1.8
721904 1.22671 100 75 -0.6 0.6
721904 1.22671 60 75 -0.6 0.6
721904 1.22671 48 75 -0.6 0.6
721801 1.448 30 77.5 0.6 0.9
719259 1.36617 30 75 0.6 0.9
718193 1.79792 30 77.5 1.4 1.5
718193 1.79792 30 75 1.4 1.5
718193 1.79792 30 75 1 1.5
718193 1.79792 30 77.5 1 1.5
718045 1.42433 36 77.5 -0.6 0.9
717665 1.64266 36 55 -0.6 1.65
717665 1.64266 36 0 -0.6 1.65
716223 1.40123 30 77.5 1 0.9
714716 1.31377 21 0 0.6 1.05
714490 1.48618 36 55 -0.6 1.5
714490 1.48618 36 65 -0.6 1.5
714490 1.48618 36 0 -0.6 1.5
713259 1.2063 100 45 -0.4 1.2
713259 1.2063 48 45 -0.4 1.2
713259 1.2063 60 45 -0.4 1.2
712865 1.18461 36 70 -0.2 0.6
709324 1.63836 36 0 -0.6 1.8
709324 1.63836 36 55 -0.6 1.8
709324 1.63836 36 65 -0.6 1.8
709057 1.79563 30 75 0.6 1.5
707958 1.45054 30 77.5 1.4 1.05
707330 1.20068 48 65 1 1.2
707330 1.20068 60 65 1 1.2
707330 1.20068 100 65 1 1.2
706941 1.7843 30 80 10 1.5
702142 1.17362 60 75 -0.2 0
702142 1.17362 100 75 -0.2 0.15
702142 1.17362 100 75 -0.2 -10
702142 1.17362 100 75 -0.2 0
702142 1.17362 48 75 -0.2 -10
702142 1.17362 48 75 -0.2 0
702142 1.17362 100 75 -0.2 0.3
702142 1.17362 60 75 -0.2 -10
702142 1.17362 60 75 -0.2 0.15
702142 1.17362 48 75 -0.2 0.15
702142 1.17362 60 75 -0.2 0.3
702142 1.17362 48 75 -0.2 0.3
700179 1.26052 24 70 1 1.05
697866 1.31155 21 55 0.6 1.05
696009 1.16783 100 65 -0.6 0.9
696009 1.16783 60 65 -0.6 0.9
696009 1.16783 48 65 -0.6 0.9
695710 1.22312 30 75 1.4 0
695710 1.22312 30 75 1.4 -10
695710 1.22312 30 75 1.4 0.6
693642 1.19133 36 70 -0.6 0.6
692416 1.26717 30 0 1 1.5
692416 1.26717 30 55 1 1.5
691576 1.78048 36 80 10 1.5
690531 1.18124 100 0 1.4 1.35
690531 1.18124 48 0 1.4 1.35
690531 1.18124 36 0 1.4 1.35
690531 1.18124 60 0 1.4 1.35
690215 1.53916 15 57.5 -0.2 0.6
690215 1.53916 15 60 -0.2 0.6
690177 1.19734 36 0 1 1.2
689820 1.50718 30 75 0.6 1.05
687282 1.19785 36 0 1 1.35
685533 1.26669 36 55 0.6 1.5
685533 1.26669 36 0 0.6 1.5
685533 1.26669 30 0 0.6 1.5
685533 1.26669 30 55 0.6 1.5
685346 1.39335 30 77.5 0.6 -10
685346 1.39335 30 77.5 0.6 0
684913 1.1552 21 0 0.6 0.9
683624 1.26633 30 45 0.8 1.5
680650 1.23681 30 75 1.4 0.75
679963 1.3572 30 77.5 1 -10
679963 1.3572 30 77.5 1 0
679187 1.25609 24 75 1 0.6
676314 1.20797 24 70 1 0.9
676076 1.12879 100 65 -0.2 0.75
676076 1.12879 60 65 -0.2 0.75
676076 1.12879 48 65 -0.2 0.75
675785 1.1544 21 55 0.6 0.9
675493 1.33879 30 75 1.4 1.05
674214 1.17936 48 55 1.4 1.35
674214 1.17936 60 55 1.4 1.35
674214 1.17936 100 55 1.4 1.35
674214 1.17936 36 55 1.4 1.35
673939 1.19531 36 55 1 1.2
673324 1.19576 36 45 0.8 1.2
673006 1.1637 100 65 -0.2 0.9
673006 1.1637 48 65 -0.2 0.9
673006 1.1637 60 65 -0.2 0.9
671003 1.3733 36 75 -1 0.6
670987 1.19581 36 55 1 1.35
670410 1.19627 36 45 0.8 1.35
667916 1.34579 24 75 0.6 0.6
666623 1.22661 24 72.5 0.6 0.75
661009 1.3709 36 75 -1 0.45
658615 1.28409 36 77.5 1 1.2
657150 1.21705 60 75 -0.6 0.45
657150 1.21705 48 75 -0.6 0.45
657150 1.21705 100 75 -0.6 0.45
654489 1.99543 30 77.5 1 1.65
652980 1.1779 48 65 -0.2 1.05
652980 1.1779 100 65 -0.2 1.05
652980 1.1779 60 65 -0.2 1.05
652975 1.93512 36 80 -0.2 0.6
652975 1.93512 36 80 -0.2 0.3
652975 1.93512 36 80 -0.2 0.45
652975 1.93512 36 80 -0.2 0.15
652975 1.93512 36 80 -0.2 0
652975 1.93512 36 80 -0.2 -10
643419 1.30451 18 47.5 0.6 0.9
643419 1.30451 18 50 0.6 0.9
643008 1.20991 36 65 1 1.35
641543 1.20037 24 70 0.6 0.75
640223 1.1933 60 65 -0.2 1.2
640223 1.1933 48 65 -0.2 1.2
640223 1.1933 100 65 -0.2 1.2
639547 1.91329 36 80 -0.6 0.3
639547 1.91329 36 80 -0.6 0.45
639547 1.91329 36 80 -0.6 0.6
639547 1.91329 36 80 -0.6 0.15
639547 1.91329 36 80 -0.6 0
639547 1.91329 36 80 -0.6 -10
637021 1.85007 36 82.5 10 1.2
636825 1.19044 48 55 1.4 1.5
636825 1.19044 100 0 1.4 1.5
636825 1.19044 100 55 1.4 1.5
636825 1.19044 36 0 1.4 1.5
636825 1.19044 48 0 1.4 1.5
636825 1.19044 60 55 1.4 1.5
636825 1.19044 36 55 1.4 1.5
636825 1.19044 60 0 1.4 1.5
636728 1.3036 18 0 0.6 0.9
634739 1.35032 30 77.5 1.4 0
634739 1.35032 30 77.5 1.4 0.75
634739 1.35032 30 77.5 1.4 0.6
634739 1.35032 30 77.5 1.4 -10
634423 1.28305 24 72.5 0.6 0.9
630253 1.50942 18 47.5 0.6 1.05
630253 1.50942 18 50 0.6 1.05
630253 1.50942 18 0 0.6 1.05
628140 1.23529 60 75 1 1.2
628140 1.23529 48 75 1 1.2
628140 1.23529 100 75 1 1.2
626815 1.80266 30 75 10 1.65
624675 1.19515 60 75 -0.6 0
624675 1.19515 60 75 -0.6 0.3
624675 1.19515 100 75 -0.6 -10
624675 1.19515 100 75 -0.6 0.15
624675 1.19515 60 75 -0.6 0.15
624675 1.19515 100 75 -0.6 0
624675 1.19515 48 75 -0.6 0
624675 1.19515 100 75 -0.6 0.3
624675 1.19515 60 75 -0.6 -10
624675 1.19515 48 75 -0.6 0.3
624675 1.19515 48 75 -0.6 -10
624675 1.19515 48 75 -0.6 0.15
624495 1.23606 48 75 -1 0.6
624495 1.23606 100 75 -1 0.6
624495 1.23606 60 75 -1 0.6
623268 1.26437 24 0 0.6 1.2
622408 1.29999 18 65 1 0.9
622042 1.24822 24 75 1 0
622042 1.24822 24 75 1 0.15
622042 1.24822 24 75 1 -10
622042 1.24822 24 75 1 0.3
621040 1.24809 24 75 1 0.45
618916 1.2026 24 70 1.4 0.9
617975 1.18789 24 70 1 0.75
617142 1.7998 30 77.5 10 1.65
616481 1.20713 24 72.5 0.6 0.6
616197 1.61452 15 57.5 -0.6 0.6
616197 1.61452 15 62.5 -0.6 0.6
616197 1.61452 15 60 -0.6 0.6
615216 1.23414 100 75 -1 0.45
615216 1.23414 48 75 -1 0.45
615216 1.23414 60 75 -1 0.45
613855 1.20759 100 77.5 -0.2 0.75
613855 1.20759 60 77.5 -0.2 0.75
613855 1.20759 48 77.5 -0.2 0.75
613164 1.218 48 45 -0.4 1.35
613164 1.218 60 45 -0.4 1.35
613164 1.218 100 45 -0.4 1.35
612859 1.27912 24 70 0.6 0.9
612859 1.27912 21 70 0.6 0.9
612539 1.22679 30 70 -0.6 0.75
612392 1.1595 48 0 1.4 1.2
612392 1.1595 36 0 1.4 1.2
612392 1.1595 60 0 1.4 1.2
612392 1.1595 100 0 1.4 1.2
612187 1.18631 36 45 -0.4 0.9
611742 1.49168 36 80 1 0.6
611742 1.49168 30 80 1 0.6
611651 1.33649 24 75 0.6 0.15
611651 1.33649 24 75 0.6 0
611651 1.33649 24 75 0.6 -10
611651 1.33649 24 75 0.6 0.3
611067 1.15063 100 65 -1 0.75
611067 1.15063 60 65 -1 0.75
611067 1.15063 48 65 -1 0.75
610791 1.33634 24 75 0.6 0.45
608580 1.26166 24 55 0.6 1.2
607974 1.26529 24 65 1 1.2
607974 1.26529 24 67.5 1 1.2
607430 1.20821 60 55 -0.6 1.2
607430 1.20821 100 55 -0.6 1.2
607430 1.20821 100 0 -0.6 1.2
607430 1.20821 100 65 -0.6 1.2
607430 1.20821 60 0 -0.6 1.2
607430 1.20821 48 65 -0.6 1.2
607430 1.20821 60 65 -0.6 1.2
607430 1.20821 48 0 -0.6 1.2
607430 1.20821 48 55 -0.6 1.2
605342 1.78039 30 80 1.4 1.2
604494 1.21229 60 55 1 1.5
604494 1.21229 100 0 1 1.5
604494 1.21229 48 55 1 1.5
604494 1.21229 100 55 1 1.5
604494 1.21229 48 0 1 1.5
604494 1.21229 60 0 1 1.5
604139 1.2015 36 65 1 1.2
603282 1.17048 48 65 -1 0.9
603282 1.17048 100 65 -1 0.9
603282 1.17048 60 65 -1 0.9
602403 1.18747 100 65 -0.6 1.05
602403 1.18747 60 65 -0.6 1.05
602403 1.18747 48 65 -0.6 1.05
601989 1.32715 18 55 0.6 0.9
601989 1.32715 18 52.5 0.6 0.9
600415 1.15938 30 70 1 1.05
597898 1.15776 100 55 1.4 1.2
597898 1.15776 60 55 1.4 1.2
597898 1.15776 36 55 1.4 1.2
597898 1.15776 48 55 1.4 1.2
596841 1.2109 100 45 0.8 1.5
596841 1.2109 48 45 0.8 1.5
596841 1.2109 60 45 0.8 1.5
596813 1.20446 60 77.5 -0.2 0.6
596813 1.20446 100 77.5 -0.2 0.6
596813 1.20446 48 77.5 -0.2 0.6
596703 1.57247 30 80 0.6 0.6
596601 1.21079 48 0 0.6 1.5
596601 1.21079 60 55 0.6 1.5
596601 1.21079 100 55 0.6 1.5
596601 1.21079 60 0 0.6 1.5
596601 1.21079 48 55 0.6 1.5
596601 1.21079 100 0 0.6 1.5
594615 1.22863 48 77.5 1 1.2
594615 1.22863 60 77.5 1 1.2
594615 1.22863 100 77.5 1 1.2
594212 1.23366 24 70 1.4 1.05
593794 1.48949 36 75 -0.6 1.2
593234 1.18375 24 70 0.6 0.6
592790 1.62669 30 80 10 1.35
592674 1.29254 36 65 -1 1.05
591037 1.31473 36 75 -1 -10
591037 1.31473 36 75 -1 0.3
591037 1.31473 36 75 -1 0
591037 1.31473 36 75 -1 0.15
590681 1.30636 24 72.5 1 1.05
589698 1.58512 18 52.5 0.6 1.05
589698 1.58512 18 55 0.6 1.05
587760 1.31403 30 65 1 1.5
587474 1.14021 30 45 -0.4 0.75
585304 1.18689 60 65 -1 1.05
585304 1.18689 48 65 -1 1.05
585304 1.18689 100 65 -1 1.05
583755 1.39782 30 77.5 10 1.2
581985 1.12803 60 75 1 0.75
581985 1.12803 48 75 1 0.75
581985 1.12803 100 75 1 0.75
580268 1.30441 21 72.5 0.6 0.9
580097 1.13255 30 70 1 0.9
580034 1.62351 36 80 10 1.35
579280 1.52888 24 45 -0.4 1.05
579263 1.23052 48 65 1 1.5
579263 1.23052 60 65 1 1.5
579263 1.23052 100 65 1 1.5
578384 1.12076 48 75 1 0.6
578384 1.12076 60 75 1 0.6
578384 1.12076 100 75 1 0.6
577182 1.24184 24 75 1.4 0.3
577182 1.24184 24 75 1.4 0.15
577182 1.24184 24 75 1.4 0
577182 1.24184 24 75 1.4 0.6
577182 1.24184 24 75 1.4 0.45
577182 1.24184 24 75 1.4 -10
575411 1.24616 36 65 -1 0.9
574323 1.17806 30 70 -0.2 0.6
574033 1.62226 30 80 10 1.2
573313 1.18055 36 0 -0.6 0.9
573313 1.18055 36 55 -0.6 0.9
572838 1.22046 36 70 1 1.2
572408 1.25799 30 45 -0.4 1.05
571040 1.30839 36 77.5 1 1.35
570635 1.24454 24 72.5 1 0.9
568769 1.22612 24 72.5 1 0.75
568708 1.47872 30 80 1 0.15
568708 1.47872 30 80 1 0.45
568708 1.47872 36 80 1 0.3
568708 1.47872 36 80 1 0
568708 1.47872 36 80 1 0.45
568708 1.47872 30 80 1 0.3
568708 1.47872 36 80 1 -10
568708 1.47872 36 80 1 0.15
568708 1.47872 30 80 1 -10
568708 1.47872 30 80 1 0
568581 1.2322 36 45 -0.8 1.05
565556 1.50078 30 80 1.4 0.9
565021 1.11524 30 0 0.6 0.9
565021 1.11524 36 0 0.6 0.9
562375 1.24108 100 77.5 -0.6 0.6
562375 1.24108 48 77.5 -0.6 0.6
562375 1.24108 60 77.5 -0.6 0.6
562037 1.39352 30 75 10 1.2
561643 1.61907 36 80 10 1.2
560643 1.23035 48 55 -0.6 1.35
560643 1.23035 100 55 -0.6 1.35
560643 1.23035 100 0 -0.6 1.35
560643 1.23035 60 0 -0.6 1.35
560643 1.23035 48 0 -0.6 1.35
560643 1.23035 60 55 -0.6 1.35
560469 1.17711 30 0 1.4 1.35
560180 1.45286 36 77.5 -0.6 1.2
559383 1.26132 21 70 1 1.05
557451 1.11452 36 55 0.6 0.9
557451 1.11452 30 55 0.6 0.9
557224 1.32483 30 65 -0.6 1.05
555262 1.49809 30 80 1 0.9
555262 1.49809 36 80 1 0.9
554788 1.19177 30 65 -0.6 0.75
554744 1.37028 36 77.5 -1 -0.3
554744 1.37028 36 77.5 -1 0
554744 1.37028 36 77.5 -1 0.3
554744 1.37028 36 77.5 -1 -0.45
554744 1.37028 36 77.5 -1 -0.15
554744 1.37028 36 77.5 -1 -10
554583 1.55734 30 80 0.6 0
554583 1.55734 30 80 0.6 0.3
554583 1.55734 30 80 0.6 -10
554583 1.55734 30 80 0.6 0.45
554583 1.55734 30 80 0.6 0.15
554362 1.31018 24 75 1.4 0.9
553321 1.28108 36 70 -1 0.9
552948 1.20349 36 65 -1 0.75
552024 1.19904 36 45 -0.8 0.9
551970 1.20874 24 72.5 1 0.6
550101 1.20061 48 75 -1 0
550101 1.20061 48 75 -1 -10
550101 1.20061 60 75 -1 0
550101 1.20061 60 75 -1 -10
550101 1.20061 100 75 -1 0.3
550101 1.20061 48 75 -1 0.3
550101 1.20061 100 75 -1 -10
550101 1.20061 100 75 -1 0.15
550101 1.20061 60 75 -1 0.3
550101 1.20061 60 75 -1 0.15
550101 1.20061 48 75 -1 0.15
550101 1.20061 100 75 -1 0
549641 1.32205 36 70 -0.6 1.2
549017 1.36546 30 0 1 1.65
549017 1.36546 30 55 1 1.65
548735 1.60563 30 80 1.4 1.05
547691 1.14538 36 65 -0.6 0.6
547222 1.17508 30 55 1.4 1.35
546032 1.29716 21 45 0.8 1.05
545002 1.16926 48 45 -1.2 0.9
545002 1.16926 100 45 -1.2 0.9
545002 1.16926 60 45 -1.2 0.9
544817 1.25155 30 0 -0.6 1.05
544188 1.30857 24 75 1 0.9
543568 1.36488 30 55 0.6 1.65
543568 1.36488 36 0 0.6 1.65
543568 1.36488 36 55 0.6 1.65
543568 1.36488 30 0 0.6 1.65
543337 1.2378 100 75 -0.2 0.9
543337 1.2378 48 75 -0.2 0.9
543337 1.2378 60 75 -0.2 0.9
543006 1.32241 30 65 -1 1.05
542054 1.3643 30 45 0.8 1.65
541614 1.46512 18 65 1 1.05
541492 1.59632 30 80 0.6 0.9
540306 1.20485 21 70 1 0.9
540297 1.33696 21 72.5 1 1.05
539775 1.14729 100 45 -0.8 0.9
539775 1.14729 48 45 -0.8 0.9
539775 1.14729 60 45 -0.8 0.9
536854 1.31952 36 70 -1 1.05
536823 1.23607 48 77.5 -0.2 0.9
536823 1.23607 60 77.5 -0.2 0.9
536823 1.23607 100 77.5 -0.2 0.9
536433 1.24014 36 75 1 1.2
536220 1.11717 12 52.5 0.6 0
535327 1.41245 15 65 -1 0.45
534953 1.20045 21 70 0.6 0.75
534607 1.32852 100 45 -0.4 1.5
534607 1.32852 48 45 -0.4 1.5
534607 1.32852 60 45 -0.4 1.5
533644 1.3482 30 70 1 1.5
532878 1.511 15 55 -0.6 0.6
532878 1.511 15 0 -0.6 0.6
531791 1.22818 36 70 -1 0.75
531685 1.12428 24 0 0.6 0.9
529947 1.11962 30 70 1 0.75
529619 1.11511 100 75 1 -10
529619 1.11511 100 75 1 0
529619 1.11511 48 75 1 -10
529619 1.11511 60 75 1 0
529619 1.11511 60 75 1 -10
529619 1.11511 48 75 1 0
529042 1.65293 36 82.5 10 1.05
529042 1.65293 36 82.5 10 0
529042 1.65293 36 82.5 10 0.9
529042 1.65293 36 82.5 10 0.75
529042 1.65293 36 82.5 10 0.6
529042 1.65293 36 82.5 10 -10
527985 1.28492 30 70 -0.2 0.9
527153 1.27083 48 75 -0.2 1.2
527153 1.27083 60 75 -0.2 1.2
527153 1.27083 100 75 -0.2 1.2
527150 1.26756 30 65 -1 0.9
526367 1.41011 15 60 -1 0.45
526154 1.17371 36 77.5 1 0.6
524994 1.23386 24 72.5 1.4 0.9
524637 1.12348 24 55 0.6 0.9
523609 1.16023 48 45 -0.8 1.05
523609 1.16023 60 45 -0.8 1.05
523609 1.16023 100 45 -0.8 1.05
522736 1.42109 30 77.5 10 1.35
522225 1.16587 24 70 10 1.05
521860 1.25913 21 72.5 1 0.9
520863 1.24659 30 45 -0.8 1.05
520808 1.60646 21 45 -0.4 1.05
520773 1.26889 48 77.5 -0.2 1.05
520773 1.26889 60 77.5 -0.2 1.2
520773 1.26889 100 77.5 -0.2 1.05
520773 1.26889 48 77.5 -0.2 1.2
520773 1.26889 100 77.5 -0.2 1.2
520773 1.26889 60 77.5 -0.2 1.05
519760 1.30277 21 75 1 0.75
519379 1.1159 12 52.5 1 0
518426 1.2391 30 65 -0.6 0.9
518401 1.23327 21 67.5 1 1.05
516964 1.09855 48 0 0.6 0.9
516964 1.09855 100 0 0.6 0.9
516964 1.09855 60 0 0.6 0.9
516850 1.18731 30 55 1.4 1.5
516850 1.18731 30 0 1.4 1.5
516481 1.27496 21 75 1 0.6
516319 1.17457 48 77.5 -0.2 -10
516319 1.17457 60 77.5 -0.2 -10
516319 1.17457 100 77.5 -0.2 -10
516319 1.23207 60 77.5 -1 0.3
516319 1.23207 100 77.5 -1 -0.3
516319 1.23207 48 77.5 -1 -0.45
516319 1.23207 100 77.5 -1 -0.15
516319 1.23207 100 77.5 -1 0.3
516319 1.23207 60 77.5 -1 -0.15
516319 1.17457 60 77.5 -0.2 0
516319 1.17457 48 77.5 -0.2 0.3
516319 1.23207 48 77.5 -1 -10
516319 1.23207 60 77.5 -1 0
516319 1.23207 60 77.5 -1 -0.3
516319 1.23207 60 77.5 -1 -10
516319 1.23207 60 77.5 -1 -0.45
516319 1.17457 100 77.5 -0.2 0.3
516319 1.17457 100 77.5 -0.2 0
516319 1.23207 48 77.5 -1 -0.15
516319 1.23207 48 77.5 -1 0
516319 1.23207 100 77.5 -1 0
516319 1.23207 48 77.5 -1 -0.3
516319 1.17457 60 77.5 -0.2 0.3
516319 1.17457 48 77.5 -0.2 0
516319 1.23207 100 77.5 -1 -10
516319 1.23207 48 77.5 -1 0.3
516319 1.23207 100 77.5 -1 -0.45
516313 1.11007 12 47.5 0.6 0
516269 1.21459 36 55 1 1.5
516269 1.21459 36 0 1 1.5
515574 1.24455 100 77.5 1 1.35
515574 1.24455 48 77.5 1 1.35
515574 1.24455 60 77.5 1 1.35
514305 1.47606 30 77.5 10 1.5
512813 1.13957 21 45 0.8 0.9
512340 1.13994 30 65 -0.2 0.75
512305 1.32316 30 70 -0.2 1.05
512026 1.14708 24 45 -0.4 0.75
511904 1.22927 60 77.5 -0.6 0.45
511904 1.22927 48 77.5 -0.6 0.45
511904 1.22927 100 77.5 -0.6 0.45
511540 1.17645 15 0 0.6 0.6
511353 1.24307 36 45 -1.2 0.9
511312 1.15474 24 70 10 0.9
510495 1.27128 48 65 -0.2 1.5
510495 1.27128 60 65 -0.2 1.5
510495 1.27128 100 65 -0.2 1.5
510103 1.09787 60 55 0.6 0.9
510103 1.09787 48 55 0.6 0.9
510103 1.09787 100 55 0.6 0.9
509714 1.21375 36 45 0.8 1.5
509674 1.1148 12 50 0.6 0
508405 1.23918 21 72.5 0.6 0.75
507171 1.27184 24 72.5 1.4 1.05
506932 1.31414 30 70 -1 0.9
506560 1.21712 30 65 -1 0.75
506546 1.31957 48 45 -1.2 1.2
506546 1.31957 100 45 -1.2 1.2
506546 1.31957 60 45 -1.2 1.2
506344 1.1006 12 52.5 1.4 0
506148 1.20777 15 55 0.6 0.6
505913 1.33406 36 77.5 1 1.5
505752 1.2091 30 45 -0.8 0.9
505506 1.13533 60 75 1 0.9
505506 1.13533 48 75 1 0.9
505506 1.13533 100 75 1 0.9
504812 1.36556 30 70 -0.6 1.05
504773 1.21638 21 72.5 1 0.6
504591 1.1861 36 77.5 1 0.9
504251 1.26977 30 77.5 10 0.6
504251 1.26977 30 77.5 10 0
504251 1.26977 30 77.5 10 -10
504078 1.21868 60 45 -1.2 1.05
504078 1.21868 48 45 -1.2 1.05
504078 1.21868 100 45 -1.2 1.05
503006 1.48084 24 70 10 1.5
502811 1.24456 60 45 -0.8 1.2
502811 1.24456 48 45 -0.8 1.2
502811 1.24456 100 45 -0.8 1.2
502563 1.11179 12 55 1 0
501181 1.4159 30 75 10 1.35
500694 1.24635 100 65 -1 1.2
500694 1.24635 48 65 -1 1.2
500694 1.24635 60 65 -1 1.2
498910 1.29505 24 70 10 1.2
498531 1.27735 30 70 -0.6 0.9
497690 1.33514 21 75 1 0.9
497063 1.12406 36 75 1 0.75
497022 1.15402 30 0 1.4 1.2
496824 1.33496 21 75 1.4 0.9
496451 1.26869 30 55 -0.6 1.05
495741 1.11149 12 55 1 -0.15
494699 1.23502 36 65 1 1.5
494653 1.18271 21 70 0.6 0.6
493928 1.11659 36 75 1 0.6
492883 1.41109 36 77.5 -1 0.6
492823 1.11121 12 55 1 -10
492823 1.11121 12 55 1 -0.3
492823 1.11121 12 55 1 -0.45
491830 1.3628 30 70 -1 1.05
490508 1.45485 30 80 1.4 0
490508 1.45485 30 80 1.4 0.6
490508 1.45485 30 80 1.4 0.75
490508 1.45485 30 80 1.4 -10
490212 1.16476 36 65 -1 0.6
489238 1.14189 36 70 -0.2 -10
489238 1.14189 36 70 -0.2 0
487202 1.24934 30 70 -1 0.75
486587 1.20177 60 77.5 -0.6 0
486587 1.20177 60 77.5 -0.6 -10
486587 1.20177 100 77.5 -0.6 0.3
486587 1.20177 48 77.5 -0.6 0
486587 1.20177 48 77.5 -0.6 -10
486587 1.20177 100 77.5 -0.6 0
486587 1.20177 60 77.5 -0.6 0.3
486587 1.20177 100 77.5 -0.6 0.15
486587 1.20177 100 77.5 -0.6 -10
486587 1.20177 48 77.5 -0.6 0.3
486587 1.20177 60 77.5 -0.6 0.15
486587 1.20177 48 77.5 -0.6 0.15
486459 1.46816 30 75 10 1.5
486433 1.40492 30 65 1 1.65
486075 1.21585 21 65 1 1.05
485272 1.15214 30 55 1.4 1.2
485220 1.37233 100 45 -0.8 1.5
485220 1.37233 60 45 -0.8 1.5
485220 1.37233 48 45 -0.8 1.5
485191 1.39392 30 80 10 0
485191 1.39392 30 80 10 -10
485191 1.39392 30 80 10 0.6
484483 1.19782 21 70 1.4 0.9
483184 1.52841 36 70 -0.2 1.5
482910 1.44196 36 75 -1 0.9
481786 1.17434 24 0 0.6 1.05
481579 1.48695 18 45 0.8 1.05
479841 1.18442 36 70 -1 0.6
479367 1.2778 60 55 1 1.65
479367 1.2778 100 55 1 1.65
479367 1.2778 60 65 1 1.65
479367 1.2778 48 55 1 1.65
479367 1.2778 48 65 1 1.65
479367 1.2778 100 0 1 1.65
479367 1.2778 60 0 1 1.65
479367 1.2778 100 65 1 1.65
479367 1.2778 48 0 1 1.65
479180 1.93533 100 85 1.4 1.8
479180 1.93533 60 85 1.4 1.5
479180 1.93533 48 85 1.4 1.5
479180 1.93533 60 85 1.4 1.8
479180 1.93533 48 85 1.4 1.8
479180 1.93533 100 85 1.4 1.5
478965 1.16539 36 77.5 1 0
478965 1.16539 36 77.5 1 -10
476734 1.31626 15 60 -0.2 0.45
476683 1.28147 18 45 0.8 0.9
476445 1.11607 36 55 -0.6 0.6
476445 1.11607 36 0 -0.6 0.6
475402 1.36785 100 0 -0.6 1.5
475402 1.36785 48 55 -0.6 1.5
475402 1.36785 100 55 -0.6 1.5
475402 1.36785 60 65 -0.6 1.5
475402 1.36785 100 65 -0.6 1.5
475402 1.36785 60 0 -0.6 1.5
475402 1.36785 48 0 -0.6 1.5
475402 1.36785 60 55 -0.6 1.5
475402 1.36785 48 65 -0.6 1.5
475017 1.14198 60 77.5 1 0.6
475017 1.14198 100 77.5 1 0.6
475017 1.14198 48 77.5 1 0.6
474741 1.3921 36 80 10 0.6
474741 1.3921 36 80 10 -10
474741 1.3921 36 80 10 0
474508 1.49716 36 55 0.6 1.8
474508 1.49716 36 0 0.6 1.8
474481 1.16317 24 0 1.4 1.2
474133 1.37007 60 65 -1 1.5
474133 1.37007 100 65 -1 1.5
474133 1.37007 48 65 -1 1.5
473439 1.09825 12 55 1.4 -0.15
473306 1.27589 48 45 0.8 1.65
473306 1.27589 100 45 0.8 1.65
473306 1.27589 60 45 0.8 1.65
473164 1.2758 60 0 0.6 1.65
473164 1.2758 48 0 0.6 1.65
473164 1.2758 60 55 0.6 1.65
473164 1.2758 100 0 0.6 1.65
473164 1.2758 48 55 0.6 1.65
473164 1.2758 100 55 0.6 1.65
472985 1.26566 21 75 1 0
472985 1.26566 21 75 1 0.3
472985 1.26566 21 75 1 -10
471644 1.15431 24 67.5 -0.2 0.75
471644 1.15431 24 65 -0.2 0.75
470696 1.09801 12 55 1.4 -0.3
470696 1.09801 12 55 1.4 -10
470696 1.09801 12 55 1.4 -0.45
470560 1.24608 21 72.5 1.4 0.9
470384 1.1723 24 55 0.6 1.05
470141 1.17405 12 55 1 0.3
470112 1.21573 21 72.5 0.6 0.6
468543 1.26687 30 45 -1.2 0.9
468425 1.15497 60 75 1 1.05
468425 1.15497 48 75 1 1.05
468425 1.15497 100 75 1 1.05
468262 1.12275 100 65 -1 0.6
468262 1.12275 48 65 -1 0.6
468262 1.12275 60 65 -1 0.6
466987 1.15855 24 70 1 0.6
465257 1.23067 21 70 1.4 1.05
464942 1.3653 60 45 -1.2 1.5
464942 1.3653 48 45 -1.2 1.5
464942 1.3653 100 45 -1.2 1.5
463959 1.19913 24 72.5 10 1.05
463784 1.76496 24 45 -0.4 1.2
463286 1.16113 24 55 1.4 1.2
462027 1.26807 15 62.5 0.6 0.6
461777 1.26107 100 75 1 1.5
461777 1.26107 48 75 1 1.5
461777 1.26107 60 75 1 1.5
461369 1.1762 24 72.5 0.6 0.3
461369 1.1762 24 72.5 0.6 0
461369 1.1762 24 72.5 0.6 -10
461227 1.43449 21 75 1 1.05
461203 1.24803 60 75 -0.6 0.9
461203 1.24803 48 75 -0.6 0.9
461203 1.24803 100 75 -0.6 0.9
461055 1.38843 36 77.5 1 1.65
460988 1.28584 30 77.5 10 0.9
460843 1.34638 15 65 -0.2 0.45
460633 1.20049 24 75 10 -10
460633 1.20049 24 75 10 0
460633 1.20049 24 75 10 0.6
460633 1.20049 24 75 10 0.3
460633 1.20049 24 75 10 0.45
460633 1.20049 24 75 10 0.15
460495 1.43426 21 75 1.4 1.05
459695 1.14142 12 52.5 1 0.3
459530 1.18588 24 72.5 10 0.9
459218 1.87598 60 85 10 2.4
459218 1.87598 48 85 10 2.4
459218 1.87598 100 85 10 2.4
459029 1.14437 12 55 1.4 0.3
458702 1.2454 60 77.5 -1 0.6
458702 1.2454 48 77.5 -1 0.6
458702 1.2454 100 77.5 -1 0.6
458447 1.01358 48 0 1 -10
457252 1.26387 48 55 1.4 1.65
457252 1.26387 36 55 1.4 1.65
457252 1.26387 36 0 1.4 1.65
457252 1.26387 60 0 1.4 1.65
457252 1.26387 100 55 1.4 1.65
457252 1.26387 100 0 1.4 1.65
457252 1.26387 60 55 1.4 1.65
457252 1.26387 48 0 1.4 1.65
456751 1.25903 100 77.5 1 1.5
456751 1.25903 48 77.5 1 1.5
456751 1.25903 60 77.5 1 1.5
456551 1.66723 30 0 1 1.8
456551 1.66723 30 0 0.6 1.8
456551 1.66723 30 45 0.8 1.8
456551 1.66723 30 55 1 1.8
456551 1.66723 30 55 0.6 1.8
456261 1.34593 15 65 -0.6 0.45
455581 1.15097 48 77.5 1 0.9
455581 1.15097 100 77.5 1 0.9
455581 1.15097 60 77.5 1 0.9
455354 1.92006 60 85 0.6 1.8
455354 1.92006 48 85 1 1.5
455354 1.92006 48 85 0.6 1.5
455354 1.92006 100 85 0.6 1.5
455354 1.92006 60 85 1 1.8
455354 1.92006 48 85 0.6 1.8
455354 1.92006 100 85 0.6 1.8
455354 1.92006 100 85 1 1.5
455354 1.92006 60 85 1 1.5
455354 1.92006 60 85 0.6 1.5
455354 1.92006 48 85 1 1.8
455354 1.92006 100 85 1 1.8
454637 1.29415 21 72.5 1.4 1.05
453564 1.09484 12 55 10 -0.15
453434 1.12304 12 52.5 1 0.15
453405 1.14319 36 70 -0.6 0
453405 1.14319 36 70 -0.6 -10
452288 1.11061 36 75 1 -10
452288 1.11061 36 75 1 0
450849 1.0946 12 55 10 -10
450849 1.0946 12 55 10 -0.45
450849 1.0946 12 55 10 -0.3
450848 1.12878 12 52.5 0.6 0.15
450341 1.34517 100 80 1 1.2
450341 1.34517 48 80 1 1.2
450341 1.34517 60 80 1 1.2
449442 1.24664 60 75 -1 0.9
449442 1.24664 48 75 -1 0.9
449442 1.24664 100 75 -1 0.9
449188 1.11826 12 52.5 1.4 0.3
449089 1.18965 21 70 1 0.75
449024 1.17332 30 65 -1 0.6
448515 1.15161 36 70 -0.6 0.3
447700 1.12686 36 70 1 1.05
446599 1.46257 48 82.5 -0.6 -10
446599 1.46257 48 82.5 -0.6 0.45
446599 1.46257 48 82.5 -0.6 0.3
446599 1.46257 48 82.5 -0.6 0.15
446599 1.46257 48 82.5 -0.6 0.9
446599 1.46257 48 82.5 -0.6 0
446599 1.46257 48 82.5 -0.6 0.6
445413 1.43608 15 45 -0.4 0.6
444979 1.42484 30 80 10 0.9
444789 1.35012 15 57.5 -1 0.45
444331 1.34033 15 60 -0.6 0.45
444331 1.34033 15 62.5 -0.6 0.45
444069 1.44609 100 45 -0.4 1.65
444069 1.44609 60 45 -0.4 1.65
444069 1.44609 48 45 -0.4 1.65
443746 1.20129 24 67.5 -0.6 0.75
443746 1.20129 24 65 -0.6 0.75
443703 1.10632 36 65 -0.2 0.6
442413 1.16444 30 70 -0.6 0.6
442168 1.22777 24 75 10 0.9
442130 1.20165 30 75 10 0.9
442091 1.10576 12 52.5 1.4 0.15
441249 1.11726 24 70 10 0.6
439617 1.19841 30 70 -1 0.6
438853 1.44265 100 45 -0.4 1.8
438853 1.44265 48 45 -0.4 1.8
438853 1.44265 60 45 -0.4 1.8
438722 1.09526 12 55 1.4 0
438596 1.44349 100 45 -0.8 1.8
438596 1.44349 60 45 -0.8 1.8
438596 1.44349 48 45 -0.8 1.8
438061 1.33846 60 82.5 1 0.6
438061 1.33846 100 82.5 0.6 0.3
438061 1.33846 100 82.5 0.6 0.9
438061 1.33846 48 82.5 1 0.9
438061 1.33846 60 82.5 1 0
438061 1.33846 60 82.5 1 0.9
438061 1.33846 100 82.5 0.6 0.45
438061 1.33846 100 82.5 0.6 0.15
438061 1.33846 60 82.5 1 0.3
438061 1.33846 60 82.5 1 0.45
438061 1.33846 60 82.5 1 0.15
438061 1.33846 60 82.5 1 -10
438061 1.33846 100 82.5 0.6 -10
438061 1.33846 100 82.5 1 -10
438061 1.33846 48 82.5 1 0
438061 1.33846 100 82.5 1 0.15
438061 1.33846 48 82.5 1 0.3
438061 1.33846 100 82.5 0.6 0.6
438061 1.33846 100 82.5 1 0.45
438061 1.33846 100 82.5 0.6 0
438061 1.33846 100 82.5 1 0.3
438061 1.33846 48 82.5 1 -10
438061 1.33846 100 82.5 1 0.9
438061 1.33846 48 82.5 1 0.6
438061 1.33846 48 82.5 1 0.45
438061 1.33846 48 82.5 1 0.15
438061 1.33846 60 82.5 0.6 -10
438061 1.33846 60 82.5 0.6 0.15
438061 1.33846 60 82.5 0.6 0.6
438061 1.33846 100 82.5 1 0.6
438061 1.33846 100 82.5 1 0
438061 1.33846 60 82.5 0.6 0.45
438061 1.33846 60 82.5 0.6 0
438061 1.33846 60 82.5 0.6 0.3
438061 1.33846 60 82.5 0.6 0.9
437401 1.14089 24 67.5 1 1.05
436529 1.21088 21 72.5 10 1.05
435551 1.13837 12 55 10 0.3
435276 1.42245 36 80 10 0.9
435145 1.27936 48 77.5 -0.6 0.9
435145 1.27936 100 77.5 -0.6 0.9
435145 1.27936 60 77.5 -0.6 0.9
434937 1.43951 48 0 -0.6 1.65
434937 1.43951 60 0 -0.6 1.65
434937 1.43951 60 55 -0.6 1.65
434937 1.43951 48 55 -0.6 1.65
434937 1.43951 100 55 -0.6 1.65
434937 1.43951 100 0 -0.6 1.65
434639 1.17086 18 65 1 0.75
434563 1.9067 48 85 -0.6 1.35
434563 1.9067 60 85 -0.6 1.2
434563 1.9067 60 85 -0.6 0
434563 1.9067 48 85 -0.6 1.2
434563 1.9067 60 85 -0.6 -10
434563 1.9067 48 85 -0.6 0.6
434563 1.9067 100 85 -0.6 0.6
434563 1.9067 100 85 -0.6 1.5
434563 1.9067 48 85 -0.6 1.8
434563 1.9067 100 85 -0.6 -10
434563 1.9067 48 85 -0.6 0
434563 1.9067 48 85 -0.6 -10
434563 1.9067 60 85 -0.6 1.8
434563 1.9067 48 85 -0.6 2.1
434563 1.9067 100 85 -0.6 1.35
434563 1.9067 100 85 -0.6 1.65
434563 1.9067 60 85 -0.6 0.6
434563 1.9067 60 85 -0.6 1.35
434563 1.9067 100 85 -0.6 0
434563 1.9067 48 85 -0.6 1.5
434563 1.9067 100 85 -0.6 1.2
434563 1.9067 48 85 -0.6 1.65
434563 1.9067 60 85 -0.6 2.1
434563 1.9067 60 85 -0.6 1.5
434563 1.9067 100 85 -0.6 2.1
434563 1.9067 60 85 -0.6 1.65
434563 1.9067 100 85 -0.6 1.8
434213 1.11961 12 47.5 0.6 0.15
433808 1.23871 21 72.5 1 0.75
432543 1.10545 36 70 1 0.9
432474 1.12637 60 45 -0.4 0.9
432474 1.12637 100 45 -0.4 0.9
432474 1.12637 48 45 -0.4 0.9
432464 1.13425 48 77.5 1 -10
432464 1.13425 60 77.5 1 0
432464 1.13425 60 77.5 1 -10
432464 1.13425 100 77.5 1 0
432464 1.13425 100 77.5 1 -10
432464 1.13425 48 77.5 1 0
432246 1.19584 21 72.5 10 0.9
431721 1.13131 36 75 1 0.9
430093 1.25651 21 75 1.4 -10
430093 1.25651 21 75 1.4 0.6
430093 1.25651 21 75 1.4 0
430093 1.25651 21 75 1.4 0.3
429857 1.64101 100 85 10 1.8
429857 1.64101 60 85 10 1.8
429857 1.64101 48 85 10 1.8
429829 1.43607 100 65 -0.6 1.8
429829 1.43607 100 55 -0.6 1.8
429829 1.43607 100 0 -0.6 1.8
429829 1.43607 60 0 -0.6 1.8
429829 1.43607 48 0 -0.6 1.8
429829 1.43607 60 65 -0.6 1.8
429829 1.43607 60 55 -0.6 1.8
429829 1.43607 48 65 -0.6 1.8
429829 1.43607 48 55 -0.6 1.8
429077 1.17275 21 70 10 1.05
428749 1.16576 36 45 -1.2 0.75
428596 1.12593 12 50 0.6 0.15
428188 1.14563 30 0 -0.6 0.75
428188 1.14563 30 55 -0.6 0.75
425944 1.11073 12 55 0.6 0
425346 1.33255 36 77.5 10 1.65
423028 1.10126 30 45 0.8 0.9
422753 1.42188 60 82.5 0.6 1.2
422753 1.42188 100 82.5 0.6 1.2
422753 1.42188 48 82.5 1 1.2
422753 1.42188 60 82.5 1 1.2
422753 1.42188 100 82.5 1 1.2
422173 1.17587 30 75 10 0
422173 1.17587 30 75 10 0.6
422173 1.17587 30 75 10 -10
420954 1.10404 36 45 -0.4 0.6
420776 1.27902 21 75 1.4 0.75
420686 1.19171 30 65 -0.2 0.9
420320 1.32586 30 45 -0.4 1.2
420289 1.09167 12 55 10 0
420150 1.15981 21 70 10 0.9
420135 1.11148 12 55 0.6 -0.15
417811 1.27591 60 80 -0.6 0.6
417811 1.27591 100 80 -0.6 0.3
417811 1.27591 100 80 -0.6 0
417811 1.27591 60 80 -0.6 -10
417811 1.27591 48 80 -0.6 -10
417811 1.27591 60 80 -0.6 0
417811 1.27591 100 80 -0.6 0.6
417811 1.27591 48 80 -0.6 0.15
417811 1.27591 60 80 -0.6 0.3
417811 1.27591 48 80 -0.6 0.6
417811 1.27591 100 80 -0.6 -10
417811 1.27591 100 80 -0.6 0.45
417811 1.27591 60 80 -0.6 0.45
417811 1.27591 60 80 -0.6 0.15
417811 1.27591 48 80 -0.6 0.3
417811 1.27591 48 80 -0.6 0
417811 1.27591 100 80 -0.6 0.15
417811 1.27591 48 80 -0.6 0.45
417721 1.11119 12 55 0.6 -0.45
417721 1.11119 12 55 0.6 -0.3
417721 1.11119 12 55 0.6 -10
416313 1.29491 100 77.5 1 1.65
416313 1.29491 60 77.5 1 1.65
416313 1.29491 48 77.5 1 1.65
415875 1.24288 21 75 10 0.9
415112 1.15088 12 47.5 0.6 0.3
414357 1.41619 100 65 1 1.8
414357 1.41619 100 0 1 1.8
414357 1.41619 100 45 0.8 1.8
414357 1.41619 60 65 1 1.8
414357 1.41619 48 45 0.8 1.8
414357 1.41619 48 0 1 1.8
414357 1.41619 100 55 1 1.8
414357 1.41619 48 65 1 1.8
414357 1.41619 60 0 1 1.8
414357 1.41619 60 45 0.8 1.8
414357 1.41619 60 55 1 1.8
414357 1.41619 48 55 1 1.8
413358 1.27636 100 80 -1 0
413358 1.27636 48 80 -1 0.45
413358 1.27636 48 80 -1 0.3
413358 1.27636 48 80 -1 0
413358 1.27636 100 80 -1 -10
413358 1.27636 48 80 -1 0.15
413358 1.27636 60 80 -1 0
413358 1.27636 48 80 -1 -10
413358 1.27636 60 80 -1 0.3
413358 1.27636 60 80 -1 0.6
413358 1.27636 60 80 -1 0.45
413358 1.27636 60 80 -1 0.15
413358 1.27636 100 80 -1 0.3
413358 1.27636 48 80 -1 0.6
413358 1.27636 100 80 -1 0.15
413358 1.27636 100 80 -1 0.6
413358 1.27636 60 80 -1 -10
413358 1.27636 100 80 -1 0.45
413243 1.17771 24 72.5 1 -10
413243 1.17771 24 72.5 1 0
413243 1.17771 24 72.5 1 0.3
413077 1.41517 60 0 0.6 1.8
413077 1.41517 48 0 0.6 1.8
413077 1.41517 60 55 0.6 1.8
413077 1.41517 100 55 0.6 1.8
413077 1.41517 100 0 0.6 1.8
413077 1.41517 48 55 0.6 1.8
411962 1.17231 21 45 -0.4 0.75
409632 1.12005 100 45 -1.2 0.75
409632 1.12005 48 45 -1.2 0.75
409632 1.12005 60 45 -1.2 0.75
409439 1.15923 21 70 1 0.6
409384 1.29034 36 65 1 1.65
409384 1.29034 36 55 1 1.65
409384 1.29034 36 0 1 1.65
409087 1.11376 30 65 -0.6 0.3
408989 1.13538 21 67.5 1 0.9
408154 1.15112 18 47.5 0.6 0.75
408154 1.15112 18 50 0.6 0.75
408141 1.21535 30 65 -0.2 1.05
408134 1.15006 36 45 -0.8 0.75
407867 1.4306 48 82.5 -1 0.3
407867 1.4306 48 82.5 -1 0.6
407867 1.4306 48 82.5 -1 0.9
407867 1.4306 48 82.5 -1 0
407867 1.4306 48 82.5 -1 0.45
407867 1.4306 48 82.5 -1 0.15
407867 1.4306 48 82.5 -1 -10
407088 1.27804 60 82.5 1.4 0.9
407088 1.27804 60 82.5 1.4 0.3
407088 1.27804 60 82.5 1.4 0.15
407088 1.27804 100 82.5 1.4 0.6
407088 1.27804 60 82.5 1.4 -10
407088 1.27804 100 82.5 1.4 0.45
407088 1.27804 100 82.5 1.4 0
407088 1.27804 100 82.5 1.4 0.3
407088 1.27804 100 82.5 1.4 -10
407088 1.27804 60 82.5 1.4 0
407088 1.27804 60 82.5 1.4 0.45
407088 1.27804 60 82.5 1.4 0.6
407088 1.27804 100 82.5 1.4 0.15
407088 1.27804 100 82.5 1.4 0.9
406879 1.27644 15 57.5 -0.2 0.45
406848 1.17884 30 45 -0.4 0.9
406426 1.12417 21 70 10 0.6
406010 1.08322 21 0 0.6 0.6
405525 1.09288 18 50 0.6 0.6
405525 1.09288 18 47.5 0.6 0.6
405032 1.34211 21 65 -0.2 0.9
404945 1.12099 60 55 -0.6 0.9
404945 1.12099 48 0 -0.6 0.9
404945 1.12099 48 55 -0.6 0.9
404945 1.12099 60 0 -0.6 0.9
404945 1.12099 100 55 -0.6 0.9
404945 1.12099 100 0 -0.6 0.9
404705 1.19043 18 65 10 1.05
404390 1.1665 18 65 10 0.9
404200 1.28918 36 45 0.8 1.65
404193 1.15008 24 65 -1 0.45
403954 1.11655 24 0 -0.6 0.6
403954 1.11655 24 55 -0.6 0.6
403925 1.15048 18 0 0.6 0.75
402331 1.18203 36 77.5 10 1.2
401903 1.18732 48 80 1 0.6
401903 1.18732 100 80 1 0.75
401903 1.18732 60 80 1 0.75
401903 1.18732 60 80 1 0.6
401903 1.18732 100 80 1 0.6
401903 1.18732 48 80 1 0.75
401249 1.09239 18 0 0.6 0.6
400559 1.0981 30 70 1 0.6
400045 1.15192 36 75 1 1.05
399373 1.41204 48 65 -0.2 1.8
399373 1.41204 60 65 -0.2 1.8
399373 1.41204 100 65 -0.2 1.8
399246 1.33471 15 45 -0.8 0.45
399237 1.01223 100 0 1 -10
399237 1.01223 60 0 1 -10
399023 1.1109 100 45 -0.8 0.75
399023 1.1109 48 45 -0.8 0.75
399023 1.1109 60 45 -0.8 0.75
398274 1.11775 48 45 -1.2 0.6
398274 1.11775 100 45 -1.2 0.6
398274 1.11775 60 45 -1.2 0.6
398097 1.10866 24 45 0.8 0.9
397926 1.27308 36 70 1 1.5
397416 1.1113 24 67.5 1 0.9
396754 1.13069 30 65 -0.6 0.6
396645 1.31528 30 65 -0.6 1.2
396645 1.31528 30 0 -0.6 1.2
396645 1.31528 30 55 -0.6 1.2
395341 1.33237 100 82.5 10 1.5
395341 1.33237 60 82.5 10 1.5
395341 1.33237 48 82.5 10 1.5
395279 1.39209 60 55 1.4 1.8
395279 1.39209 36 55 1.4 1.8
395279 1.39209 36 0 1.4 1.8
395279 1.39209 100 55 1.4 1.8
395279 1.39209 48 55 1.4 1.8
395279 1.39209 48 0 1.4 1.8
395279 1.39209 100 0 1.4 1.8
395279 1.39209 60 0 1.4 1.8
395166 1.09394 36 70 1 0.75
394397 1.27121 36 75 1 1.5
394158 1.1336 30 70 -0.2 -10
394158 1.1336 30 70 -0.2 0
392810 1.33749 100 82.5 1.4 1.2
392810 1.33749 60 82.5 1.4 1.2
392764 1.17197 30 45 -1.2 0.75
392551 1.45666 100 65 -1 1.8
392551 1.45666 48 65 -1 1.8
392551 1.45666 60 65 -1 1.8
392484 1.26053 21 75 10 1.05
391676 1.15719 12 52.5 0.6 0.3
391676 1.15719 12 50 0.6 0.3
390648 1.01142 48 0 1.4 -10
390443 1.57719 36 75 -0.2 1.8
390443 1.57719 36 70 -0.2 1.8
390266 1.14828 18 45 0.8 0.75
390178 1.10951 30 55 -0.6 0.6
390178 1.10951 30 0 -0.6 0.6
390036 1.14228 30 70 -0.2 0.3
389786 1.12241 30 65 -1 0.3
389786 1.12241 36 65 -1 0.3
389488 1.4538 60 45 -1.2 1.8
389488 1.4538 100 45 -1.2 1.8
389488 1.4538 48 45 -1.2 1.8
388934 1.09998 36 65 -0.6 -10
388907 1.5735 60 0 1 2.4
388907 1.5735 48 45 0.8 2.4
388907 1.5735 48 0 1 2.4
388907 1.5735 48 65 1 2.4
388907 1.5735 60 55 1 2.4
388907 1.5735 60 65 1 2.4
388907 1.5735 100 45 0.8 2.4
388907 1.5735 100 0 1 2.4
388907 1.5735 100 55 1 2.4
388907 1.5735 100 65 1 2.4
388907 1.5735 60 45 0.8 2.4
388907 1.5735 48 55 1 2.4
388247 1.08549 100 45 0.8 0.9
388247 1.08549 48 45 0.8 0.9
388247 1.08549 60 45 0.8 0.9
388233 1.2619 100 80 -0.2 0
388233 1.2619 100 80 -0.2 0.6
388233 1.2619 60 80 -0.2 0.15
388233 1.2619 100 80 -0.2 0.3
388233 1.2619 100 80 -0.2 0.45
388233 1.2619 60 80 -0.2 0
388233 1.2619 100 80 -0.2 0.15
388233 1.2619 100 80 -0.2 -10
388233 1.2619 60 80 -0.2 0.6
388233 1.2619 48 80 -0.2 0.6
388233 1.2619 60 80 -0.2 0.3
388233 1.2619 60 80 -0.2 0.45
388233 1.2619 48 80 -0.2 0.15
388233 1.2619 48 80 -0.2 0.3
388233 1.2619 60 80 -0.2 -10
388233 1.2619 48 80 -0.2 -10
388233 1.2619 48 80 -0.2 0
388233 1.2619 48 80 -0.2 0.45
388045 1.26814 48 80 10 1.5
388045 1.26814 60 80 10 1.5
388045 1.26814 100 80 10 1.5
387721 1.5718 100 0 0.6 2.4
387721 1.5718 100 55 0.6 2.4
387721 1.5718 60 55 0.6 2.4
387721 1.5718 48 0 0.6 2.4
387721 1.5718 60 0 0.6 2.4
387721 1.5718 48 55 0.6 2.4
387343 1.57338 36 77.5 -0.2 1.8
387249 1.17348 30 55 -0.6 0.9
387249 1.17348 30 0 -0.6 0.9
387015 1.13995 24 70 0.6 0
387015 1.13995 24 70 0.6 -10
386909 1.0977 48 65 -0.6 0.6
386909 1.0977 60 65 -0.6 0.6
386909 1.0977 100 65 -0.6 0.6
385759 1.81531 24 70 1.4 1.5
384174 1.01347 30 0 1 -10
384154 1.29866 15 0 -0.6 0.45
384154 1.29866 15 55 -0.6 0.45
384025 1.18245 21 65 -0.2 0.75
383861 1.14285 21 72.5 10 0.6
383431 1.1264 21 65 1 0.9
383119 1.01239 36 0 1 -10
383114 1.31706 60 80 -0.6 0.9
383114 1.31706 100 80 -0.6 0.9
383114 1.31706 48 80 -0.6 0.9
382827 1.10699 24 45 -0.4 0.6
382415 1.56622 36 75 -0.6 1.8
382415 1.56622 36 70 -0.6 1.8
382067 1.31928 48 80 -1 0.9
382067 1.31928 60 80 -1 0.9
382067 1.31928 100 80 -1 0.9
381604 1.33395 24 65 -0.6 0.9
381604 1.33395 24 67.5 -0.6 0.9
380103 1.14718 36 45 -1.2 0.6
379925 1.08015 21 55 0.6 0.6
379868 1.10919 12 52.5 10 0.3
379740 1.09877 36 65 -0.6 0
379537 1.22763 24 45 -0.4 0.9
379494 1.12214 24 65 -0.6 0.3
379379 1.5624 36 77.5 -0.6 1.8
379120 1.14509 12 0 0.6 0.3
377972 1.18277 21 72.5 1 0
377972 1.18277 21 72.5 1 0.3
377972 1.18277 21 72.5 1 -10
375433 1.15579 18 52.5 0.6 0.75
375393 1.29699 15 57.5 -0.6 0.45
375212 1.09012 12 52.5 10 0
373899 1.14988 24 72.5 10 0.75
373874 1.15481 30 45 -0.8 0.75
373562 1.17824 100 80 1 0
373562 1.17824 48 80 1 -10
373562 1.17824 100 80 1 -10
373562 1.17824 60 80 1 -10
373562 1.17824 60 80 1 0
373562 1.17824 48 80 1 0
373191 1.14157 24 72.5 10 0.6
372933 1.09365 18 52.5 0.6 0.6
372326 1.25353 24 67.5 -1 0.75
372292 1.55059 100 0 1.4 2.4
372292 1.55059 60 55 1.4 2.4
372292 1.55059 100 55 1.4 2.4
372292 1.55059 36 0 1.4 2.4
372292 1.55059 60 0 1.4 2.4
372292 1.55059 48 55 1.4 2.4
372292 1.55059 48 0 1.4 2.4
372292 1.55059 36 55 1.4 2.4
371111 1.26976 30 0 1.4 1.65
371111 1.26976 30 55 1.4 1.65
370314 1.27731 24 45 -0.8 0.9
370252 1.12085 24 70 10 0.75
369150 1.08498 100 55 -0.6 0.6
369150 1.08498 48 0 -0.6 0.6
369150 1.08498 48 55 -0.6 0.6
369150 1.08498 60 55 -0.6 0.6
369150 1.08498 100 0 -0.6 0.6
369150 1.08498 60 0 -0.6 0.6
368070 1.15911 24 45 0.8 1.05
367945 1.71163 21 0 10 1.65
367779 1.05676 12 52.5 1.4 -0.3
367419 1.08497 48 65 -0.2 0.6
367419 1.08497 100 65 -0.2 0.6
367419 1.08497 60 65 -0.2 0.6
366005 1.1448 24 70 0.6 0.3
364899 1.24597 15 62.5 1 0.6
364733 1.20234 60 80 1 0.9
364733 1.20234 48 80 1 0.9
364733 1.20234 100 80 1 0.9
364464 1.81986 24 0 1 1.5
364464 1.81986 24 55 1 1.5
364440 1.15365 18 55 0.6 0.75
360808 1.11128 21 65 -0.2 0.3
360427 1.14485 15 0 0.6 0.45
360344 1.1926 36 77.5 10 1.35
360245 1.20967 21 75 10 0
360245 1.20967 21 75 10 0.6
360245 1.20967 21 75 10 0.3
360245 1.20967 21 75 10 -10
360070 1.29685 15 65 -1 0.15
359759 1.09168 18 55 0.6 0.6
359734 1.24322 60 75 -0.6 1.2
359734 1.24322 48 75 -0.6 1.2
359734 1.24322 100 75 -0.6 1.2
359648 1.13284 24 65 -1 0.3
359382 1.12453 24 65 -1 0.15
357611 1.32287 15 65 -1 0.3
357527 1.09807 30 65 -0.2 0.6
357395 1.16106 18 55 -0.6 0.6
357395 1.16106 18 47.5 -0.6 0.6
357395 1.16106 18 50 -0.6 0.6
357395 1.16106 18 0 -0.6 0.6
357395 1.16106 18 52.5 -0.6 0.6
356425 1.01367 24 0 1 -10
356232 1.01078 36 0 1.4 -10
356100 1.0621 12 52.5 0.6 -0.3
356038 1.27097 15 60 -1 0.3
355968 1.29704 48 80 -0.2 0.9
355968 1.29704 100 80 -0.2 0.9
355968 1.29704 60 80 -0.2 0.9
355823 1.34847 18 75 10 0.9
355318 1.37654 36 45 -1.2 1.2
354535 1.21373 36 77.5 10 1.5
354232 1.26322 15 45 -0.4 0.45
353891 1.23056 48 80 1 1.05
353891 1.23056 100 80 1 1.05
353891 1.23056 60 80 1 1.05
353844 1.42287 36 45 0.8 1.8
353844 1.42287 36 0 1 1.8
353844 1.42287 36 55 1 1.8
353844 1.42287 36 65 1 1.8
353500 1.29878 36 45 -1.2 1.05
353240 1.14135 24 70 1.4 0.6
352845 1.27079 15 65 -0.2 0.3
352845 1.27079 15 65 -0.2 0.15
352502 1.22452 21 75 10 0.75
351841 1.17976 21 72.5 0.6 0.3
351841 1.17976 21 72.5 0.6 -10
351841 1.17976 21 72.5 0.6 0
351203 1.36428 36 65 -1 1.2
351203 1.36428 36 45 -0.8 1.2
349330 1.2923 18 65 -1 0.45
348252 1.15184 30 45 -1.2 0.6
347597 1.12383 36 77.5 10 -10
347597 1.12383 36 77.5 10 0
347597 1.12383 36 77.5 10 0.6
346899 1.19332 24 67.5 -1 0.6
346899 1.19332 24 65 -1 0.6
346799 1.69049 21 45 10 1.65
346696 1.10295 21 67.5 -0.2 -0.3
346696 1.10295 21 67.5 -0.2 -10
346696 1.10295 21 67.5 -0.2 0
346696 1.10295 21 67.5 -0.2 -0.15
346696 1.10295 21 67.5 -0.2 -0.45
346209 1.34713 30 70 -0.2 1.2
345983 1.88667 60 45 -0.8 2.4
345983 1.88667 60 65 -1 2.4
345983 1.88667 48 45 -0.8 2.4
345983 1.88667 48 65 -1 2.4
345983 1.88667 100 65 -1 2.4
345983 1.88667 100 45 -0.8 2.4
345529 1.14843 24 70 1.4 0.75
345077 1.88461 100 45 -0.4 2.4
345077 1.88461 48 0 -0.6 2.4
345077 1.88461 100 65 -0.6 2.4
345077 1.88461 100 0 -0.6 2.4
345077 1.88461 48 65 -0.6 2.4
345077 1.88461 60 65 -0.6 2.4
345077 1.88461 60 45 -0.4 2.4
345077 1.88461 100 55 -0.6 2.4
345077 1.88461 48 45 -0.4 2.4
345077 1.88461 60 0 -0.6 2.4
345077 1.88461 60 55 -0.6 2.4
345077 1.88461 48 55 -0.6 2.4
344908 1.06092 12 52.5 1 -0.3
343490 1.10225 24 65 -0.6 -10
342617 1.09851 30 65 1 0.9
342488 1.14688 24 0 -0.6 0.75
342488 1.14688 24 55 -0.6 0.75
342320 1.16036 15 62.5 10 0.6
341447 1.0536 12 52.5 1.4 -10
341219 1.22845 21 45 -0.4 0.9
341193 1.26865 18 65 -0.6 0.45
341127 1.06781 36 0 0.6 0.6
341127 1.06781 30 0 0.6 0.6
340206 1.01018 100 0 1.4 -10
340206 1.01018 60 0 1.4 -10
339396 1.27897 100 77.5 -0.6 1.2
339396 1.27897 48 77.5 -0.6 1.2
339396 1.27897 60 77.5 -0.6 1.2
339212 1.09529 30 45 -0.4 0.6
339081 1.16087 15 55 0.6 0.45
338722 1.06892 24 0 0.6 0.6
338589 1.01602 15 0 10 -10
338549 1.16094 21 65 -1 0.45
338249 1.27157 60 75 10 1.65
338249 1.27157 100 75 10 1.65
338249 1.27157 48 75 10 1.65
337854 1.29615 60 65 10 1.95
337854 1.29615 100 65 10 1.95
336794 1.27115 36 75 10 1.65
335977 1.10406 24 65 -0.2 0.6
335509 1.51203 30 45 -0.4 1.5
334208 1.57807 36 75 -1 1.2
333383 1.25114 60 65 10 1.8
333383 1.25114 100 65 10 1.8
332471 1.37449 24 65 -1 0.9
332471 1.37449 24 67.5 -1 0.9
332135 1.84336 36 55 1 2.4
332135 1.84336 36 0 1 2.4
332135 1.84336 36 45 0.8 2.4
332135 1.84336 36 65 1 2.4
331612 1.08051 36 45 0.8 0.9
331530 1.26184 60 82.5 10 1.35
331530 1.26184 100 82.5 10 1.35
331530 1.26184 48 82.5 10 1.35
331317 1.05903 12 50 0.6 -0.3
330789 1.3488 60 82.5 -0.6 0.15
330789 1.3488 100 82.5 -0.6 0.15
330789 1.3488 60 82.5 -0.6 0.6
330789 1.3488 60 82.5 -0.6 0.9
330789 1.3488 100 82.5 -0.6 0.6
330789 1.3488 100 82.5 -0.6 -10
330789 1.3488 60 82.5 -0.6 0.45
330789 1.3488 60 82.5 -0.6 0
330789 1.3488 100 82.5 -0.6 0.45
330789 1.3488 100 82.5 -0.6 0.9
330789 1.3488 60 82.5 -0.6 0.3
330789 1.3488 100 82.5 -0.6 0
330789 1.3488 60 82.5 -0.6 -10
330789 1.3488 100 82.5 -0.6 0.3
330601 1.05917 12 52.5 0.6 -10
330595 1.1484 21 65 -0.6 0.45
330397 1.14124 21 65 10 1.05
330381 1.12852 21 72.5 10 -10
330381 1.12852 21 72.5 10 0.3
330381 1.12852 21 72.5 10 0
330153 1.09581 21 0 0.6 0.75
330123 1.29275 48 65 10 1.95
329521 1.26108 100 82.5 10 1.2
329521 1.26108 48 82.5 10 1.2
329521 1.26108 60 82.5 10 1.2
329447 1.19883 12 55 0.6 0.3
329435 1.2678 60 77.5 10 1.65
329435 1.2678 48 77.5 10 1.65
329435 1.2678 100 77.5 10 1.65
329015 1.14702 15 65 10 0.45
329015 1.14702 15 65 10 0.3
329015 1.14702 15 65 10 0.15
328854 1.13819 15 62.5 10 0.3
328854 1.13819 15 62.5 10 0.45
328676 1.29211 36 65 10 1.95
328169 1.37752 21 55 10 1.5
327832 1.01237 24 0 1.4 -10
327624 1.12339 24 65 1 1.05
327561 1.05583 12 47.5 0.6 -0.3
327551 1.09361 12 52.5 10 0.15
327099 1.17836 24 72.5 1.4 0.75
327093 1.09354 21 65 -0.2 -10
326854 1.33577 30 70 -0.6 1.2
326573 1.1021 24 67.5 -0.2 0.6
326544 1.16649 24 72.5 1.4 0.6
326185 1.07501 60 45 -0.4 0.6
326185 1.07501 100 45 -0.4 0.6
326185 1.07501 48 45 -0.4 0.6
325843 1.09945 24 70 10 -10
325843 1.09945 24 70 10 0
325795 1.24822 48 65 10 1.8
325748 1.08951 60 45 -0.8 0.6
325748 1.08951 48 45 -0.8 0.6
325748 1.08951 100 45 -0.8 0.6
325447 1.49246 30 45 -1.2 1.2
325377 1.21445 48 80 10 1.35
325377 1.21445 100 80 10 1.35
325377 1.21445 60 80 10 1.35
324813 1.2404 15 60 -0.2 0.3
324357 1.24768 36 65 10 1.8
324167 1.08162 24 67.5 -0.2 0
324167 1.08162 24 67.5 -0.2 -10
324030 1.13097 24 65 -0.6 0.6
323937 1.34378 30 45 -1.2 1.05
323325 1.00996 24 0 10 -10
322719 1.13645 21 70 0.6 -10
322719 1.13645 21 70 0.6 0
321970 1.13484 21 65 -0.2 0.6
321812 1.13289 18 65 1 0.6
321811 1.34007 48 82.5 -0.2 0.9
321811 1.34007 48 82.5 -0.2 0.3
321811 1.34007 48 82.5 -0.2 0.6
321811 1.34007 48 82.5 -0.2 -10
321811 1.34007 48 82.5 -0.2 0
321811 1.34007 48 82.5 -0.2 0.15
321811 1.34007 48 82.5 -0.2 0.45
321804 1.43137 30 45 -0.8 1.2
321804 1.43137 30 65 -1 1.2
321577 1.7959 18 45 10 1.5
321577 1.7959 18 50 10 1.5
321577 1.7959 18 47.5 10 1.5
321577 1.7959 18 0 10 1.5
321210 1.2471 24 65 10 1.65
321202 1.1273 24 72.5 10 0
321202 1.1273 24 72.5 10 -10
321202 1.1273 24 72.5 10 0.3
321041 1.3138 30 65 10 1.8
320804 1.28719 100 65 10 2.1
320804 1.28719 60 65 10 2.1
320804 1.28719 48 65 10 2.1
320635 1.14824 21 72.5 10 0.75
320338 1.25333 21 67.5 -0.6 0.75
320236 1.05799 12 52.5 1 -10
320226 1.05807 18 52.5 0.6 0
319997 1.1653 21 72.5 1.4 0.6
319391 1.28656 36 65 10 2.1
319230 1.09226 21 65 -0.2 0
319139 1.06487 36 55 0.6 0.6
319139 1.06487 30 55 0.6 0.6
319005 1.09394 21 45 0.8 0.75
318596 1.2623 15 65 -0.6 0.15
318596 1.2623 15 65 -0.6 0.3
318503 1.09282 30 65 -0.6 -10
318327 1.09122 15 55 0.6 0
317748 1.12814 36 77.5 10 0.9
317182 1.1022 21 70 10 0
317182 1.1022 21 70 10 -10
316978 1.06586 24 55 0.6 0.6
315967 1.13072 36 70 -1 0.3
315967 1.13072 30 70 -1 0.3
315943 1.25523 30 70 10 1.65
315643 1.12246 36 70 -1 -10
315643 1.12246 30 70 -1 -10
315643 1.12246 36 70 -1 0
315643 1.12246 30 70 -1 0
315583 1.24145 18 65 -0.6 0.3
315583 1.24145 18 65 -0.6 0.15
315306 1.47409 36 77.5 -1 1.2
315115 1.21113 60 80 10 1.2
315115 1.21113 100 80 10 1.2
315115 1.21113 48 80 10 1.2
314956 1.12873 24 67.5 -0.6 0.6
314451 1.08266 100 65 1 0.9
314451 1.08266 60 65 1 0.9
314451 1.08266 48 65 1 0.9
314432 1.25451 24 65 -0.2 0.9
314432 1.25451 24 67.5 -0.2 0.9
314032 1.7856 48 65 -0.2 2.4
314032 1.7856 60 65 -0.2 2.4
314032 1.7856 100 65 -0.2 2.4
313824 1.03539 18 55 10 -0.15
312948 1.24326 24 67.5 10 1.65
312939 1.26054 12 0 -0.6 0.15
312937 1.1326 21 67.5 -0.2 0.6
312503 1.03527 18 55 10 -0.3
312110 1.0567 60 0 0.6 0.6
312110 1.0567 100 0 0.6 0.6
312110 1.0567 48 0 0.6 0.6
311640 1.14426 60 77.5 10 1.2
311640 1.14426 100 77.5 10 1.2
311640 1.14426 48 77.5 10 1.2
311016 1.27272 48 75 -1 1.2
311016 1.27272 100 75 -1 1.2
311016 1.27272 60 75 -1 1.2
310976 1.09154 30 65 -0.6 0
310854 1.28148 18 65 -1 0.3
310853 1.09248 21 55 0.6 0.75
310733 1.10618 21 65 1 0.75
310659 1.25799 18 65 -1 0.15
310344 1.10202 24 65 -0.6 0
310095 1.14125 21 70 1.4 0.6
309946 1.25715 12 45 -0.4 0.15
308908 1.32207 21 0 10 1.5
308763 1.11066 15 0 0.6 0.3
308626 1.48975 30 0 1.4 1.8
308626 1.48975 30 55 1.4 1.8
308020 1.12004 21 45 -0.4 0.6
307875 1.33478 21 67.5 -0.6 0.9
306957 1.28128 12 45 -0.8 0.15
306775 1.30389 100 0 10 2.25
306775 1.30389 48 55 10 2.25
306775 1.30389 60 55 10 2.25
306775 1.30389 60 65 10 2.25
306775 1.30389 100 45 10 2.25
306775 1.30389 60 0 10 2.25
306775 1.30389 100 65 10 2.25
306775 1.30389 48 0 10 2.25
306775 1.30389 48 65 10 2.25
306775 1.30389 100 55 10 2.25
306775 1.30389 60 45 10 2.25
306775 1.30389 48 45 10 2.25
306676 1.11935 24 70 1 0
306676 1.11935 24 70 1 -10
306501 1.16331 18 60 -0.6 0.6
306436 1.20391 15 65 -0.2 -10
306436 1.20391 15 65 -0.2 -0.3
306193 1.36006 100 45 10 2.4
306193 1.36006 48 65 10 2.4
306193 1.36006 100 0 10 2.4
306193 1.36006 100 65 10 2.4
306193 1.36006 60 45 10 2.4
306193 1.36006 60 55 10 2.4
306193 1.36006 60 0 10 2.4
306193 1.36006 48 45 10 2.4
306193 1.36006 48 0 10 2.4
306193 1.36006 60 65 10 2.4
306193 1.36006 48 55 10 2.4
306193 1.36006 100 55 10 2.4
306081 1.24111 15 57.5 -1 0.3
305978 1.06954 60 0 1 0.9
305978 1.06954 48 0 1 0.9
305978 1.06954 100 0 1 0.9
305753 1.13289 21 65 -0.6 0.15
305753 1.13289 21 65 -0.6 0.3
305752 1.10705 21 67.5 -0.2 0.3
305404 1.30312 36 55 10 2.25
305404 1.30312 36 0 10 2.25
305404 1.30312 36 65 10 2.25
305404 1.30312 36 45 10 2.25
305186 1.1414 21 70 0.6 0.3
305151 1.03464 18 55 10 -10
305077 1.30287 24 65 -0.2 1.05
305077 1.30287 24 67.5 -0.2 1.05
304849 1.3591 36 65 10 2.4
304849 1.3591 36 55 10 2.4
304849 1.3591 36 45 10 2.4
304849 1.3591 36 0 10 2.4
304287 1.20337 15 65 -0.2 0
304019 1.01053 30 0 1.4 -10
303983 1.03433 18 52.5 10 -0.15
303966 1.3284 100 80 -0.6 1.2
303966 1.3284 48 80 -0.6 1.2
303966 1.3284 60 80 -0.6 1.2
303860 1.10816 36 45 -0.8 0.6
303723 1.01358 18 0 1.4 -10
303477 1.32164 21 45 -0.8 0.9
303294 1.14189 48 75 10 1.2
303294 1.14189 100 75 10 1.2
303294 1.14189 60 75 10 1.2
303188 1.22689 30 65 -0.2 1.2
303140 1.33107 100 80 -1 1.2
303140 1.33107 48 80 -1 1.2
303140 1.33107 60 80 -1 1.2
302728 1.05548 12 50 0.6 -10
302702 1.03422 18 52.5 10 -0.3
302457 1.07213 36 65 -0.2 -10
302391 1.01041 21 0 10 -10
301988 1.14164 36 75 10 1.2
301925 1.06889 100 55 1 0.9
301925 1.06889 60 55 1 0.9
301925 1.06889 48 55 1 0.9
301530 1.03432 18 55 10 0
301310 1.15001 21 65 -1 0.3
301002 1.1393 21 65 -1 0.15
300859 1.31892 12 45 -0.8 0.3
300614 1.03425 18 55 10 -0.45
300085 1.10433 21 70 10 0.3
299260 1.012 18 0 10 -10
298702 1.07371 36 70 1 0.6
298492 1.14571 18 60 -0.2 0.6
297893 1.20427 15 62.5 0.6 0.45
297679 1.09548 24 65 1 0.9
297612 1.45305 48 82.5 -0.6 1.8
297612 1.45305 48 82.5 -0.6 1.2
295326 1.07097 36 65 -0.2 0
294702 1.05172 12 47.5 0.6 -10
294346 1.22215 21 65 -1 0.6
294346 1.22215 21 67.5 -1 0.6
293869 1.00702 48 0 10 -10
293478 1.32152 100 77.5 -1 1.2
293478 1.32152 48 77.5 -1 1.2
293478 1.32152 60 77.5 -1 1.2
292796 1.43388 36 45 -0.8 1.5
292208 1.22997 12 45 -0.8 0
292096 1.08259 24 67.5 1 0.75
292060 1.03327 18 52.5 10 0
292018 1.05386 60 55 0.6 0.6
292018 1.05386 100 55 0.6 0.6
292018 1.05386 48 55 0.6 0.6
291270 1.12609 21 70 10 0.75
291170 1.31759 21 45 10 1.5
290908 1.03315 18 52.5 10 -10
290882 1.07744 30 65 -0.2 0.3
290862 1.23197 15 60 -0.6 0.3
290850 1.1765 15 62.5 1 0.3
289760 1.05037 18 47.5 0.6 0
289637 1.17793 15 65 1 0.3
289637 1.17793 15 65 1 0.15
289431 1.39623 36 70 -1 1.2
289185 1.11664 30 70 -0.6 0
289185 1.11664 30 70 -0.6 -10
289063 1.30266 100 80 1 1.5
289063 1.30266 60 80 1 1.5
289063 1.30266 48 80 1 1.5
288905 1.34733 21 67.5 -1 0.75
287934 1.2264 12 55 -0.6 -0.15
287908 1.16086 12 45 -0.4 0
286560 1.03276 18 52.5 10 -0.45
286397 1.05377 18 50 0.6 0
286135 1.22593 12 55 -0.6 -0.3
286135 1.22593 12 55 -0.6 -0.45
286135 1.22593 12 55 -0.6 -10
286089 1.12386 30 70 -0.6 0.3
285966 1.23233 15 60 -1 0.15
285912 1.08326 24 67.5 -0.2 0.3
285770 1.1271 15 65 10 -0.3
285770 1.1271 15 65 10 -10
285627 1.09376 18 65 10 0.3
285611 1.18589 18 65 -0.6 -10
285611 1.18589 18 65 -0.6 -0.3
285426 1.25005 15 62.5 -0.6 0.3
285109 1.11973 15 62.5 10 -10
284993 1.2146 24 0 -0.6 0.9
284993 1.2146 24 55 -0.6 0.9
284481 1.28217 12 52.5 -0.6 0.15
284481 1.23057 21 55 10 1.35
284041 1.00808 30 0 10 -10
283669 1.12677 15 65 10 0
283539 1.11949 15 62.5 10 0
283109 1.23373 18 65 -0.2 0.3
283109 1.23373 18 65 -0.2 0.15
282869 1.16682 24 45 -0.8 0.75
282466 1.30437 60 80 -0.2 1.2
282466 1.30437 100 80 -0.2 1.2
282466 1.30437 48 80 -0.2 1.2
282378 1.09425 30 65 -1 0
282378 1.09425 36 65 -1 0
281776 1.13429 21 55 -0.6 0.6
281776 1.13429 21 0 -0.6 0.6
281752 1.07095 24 0 0.6 0.75
281096 1.14799 24 72.5 1.4 -10
281096 1.14799 24 72.5 1.4 0.3
281096 1.14799 24 72.5 1.4 0
281085 1.19968 15 62.5 0.6 0.3
280998 1.27013 15 65 -1 0
280917 1.18592 15 62.5 1 0.45
280749 1.47623 24 45 -1.2 0.9
280462 1.10617 24 65 -1 0
280334 1.20904 30 65 10 1.65
279994 1.01088 48 0 0.6 -10
279163 1.21229 15 57.5 -0.2 0.3
279082 1.25404 18 65 -0.2 0.45
279061 1.1514 60 77.5 10 1.35
279061 1.1514 48 77.5 10 1.35
279061 1.1514 100 77.5 10 1.35
278297 1.10948 30 45 -0.8 0.6
278217 1.09977 24 67.5 -0.6 0
278217 1.09977 24 67.5 -0.6 -10
278155 1.33959 18 45 -1.2 0.6
277755 1.12874 15 62.5 10 0.15
276784 1.10348 21 65 -0.6 -10
276784 1.10348 21 65 -0.6 -0.3
276480 1.05573 18 55 0.6 0
276250 1.19679 15 65 -0.6 -10
276250 1.19679 15 65 -0.6 -0.3
275783 1.11413 24 70 1.4 0
275783 1.11413 24 70 1.4 -10
275415 1.14688 21 72.5 1.4 0.3
275415 1.14688 21 72.5 1.4 0
275415 1.14688 21 72.5 1.4 -10
275273 1.45151 18 47.5 1.4 1.2
275273 1.45151 18 50 1.4 1.2
275273 1.45151 18 0 1.4 1.2
274702 1.06286 60 65 -0.6 -10
274702 1.06286 48 65 -0.6 -10
274702 1.06286 100 65 -0.6 -10
274560 1.16841 100 77.5 10 1.5
274560 1.16841 48 77.5 10 1.5
274560 1.16841 60 77.5 10 1.5
274521 1.34089 18 50 10 1.2
274521 1.34089 18 47.5 10 1.2
274521 1.34089 18 0 10 1.2
274521 1.34089 18 45 10 1.2
274307 1.11543 18 47.5 -0.6 0.45
274307 1.11543 18 0 -0.6 0.45
274307 1.11543 18 55 -0.6 0.45
274307 1.11543 18 52.5 -0.6 0.45
274307 1.11543 18 50 -0.6 0.45
273948 1.23739 12 52.5 -0.6 0
273948 1.23739 12 55 -0.6 0
273585 1.18685 100 82.5 10 0.6
273585 1.18685 60 82.5 10 0.6
273585 1.18685 48 82.5 10 0
273585 1.18685 48 82.5 10 0.9
273585 1.18685 60 82.5 10 0
273585 1.18685 100 82.5 10 0
273585 1.18685 60 82.5 10 -10
273585 1.18685 60 82.5 10 0.9
273585 1.18685 48 82.5 10 0.6
273585 1.18685 100 82.5 10 -10
273585 1.18685 48 82.5 10 -10
273585 1.18685 100 82.5 10 0.9
273454 1.10278 21 67.5 1 0.75
273375 1.08042 24 65 -0.2 0.3
272732 1.19843 15 65 1 0.45
272524 1.04697 12 52.5 10 -0.3
272266 1.06917 24 45 0.8 0.75
271257 1.22376 15 60 -0.2 0.15
270529 1.14826 100 75 10 1.35
270529 1.14826 48 75 10 1.35
270529 1.14826 60 75 10 1.35
270413 1.26875 12 50 -0.6 0.15
269802 1.20625 24 45 -1.2 0.75
269352 1.26849 12 47.5 -0.6 0.15
269331 1.14799 36 75 10 1.35
269313 1.03397 18 55 10 0.3
269173 1.09553 48 77.5 10 0
269173 1.09553 60 77.5 10 0
269173 1.09553 100 77.5 10 0
269173 1.09553 60 77.5 10 0.6
269173 1.09553 100 77.5 10 -10
269173 1.09553 60 77.5 10 -10
269173 1.09553 100 77.5 10 0.6
269173 1.09553 48 77.5 10 0.6
269173 1.09553 48 77.5 10 -10
268888 1.11778 21 70 1 0
268888 1.11778 21 70 1 -10
268570 1.07661 36 65 1 0.9
268484 1.00632 60 0 10 -10
268239 1.20689 18 60 -1 0.6
268206 1.06171 60 65 -0.6 0
268206 1.06171 100 65 -0.6 0
268206 1.06171 48 65 -0.6 0
268195 1.64253 30 0 -0.6 1.5
268195 1.64253 30 55 -0.6 1.5
268195 1.64253 30 45 -0.8 1.5
267798 1.20585 21 0 10 1.35
267296 1.17539 21 72.5 1.4 0.75
267053 1.39834 48 82.5 -1 1.8
267053 1.39834 48 82.5 -1 1.2
266402 1.11589 24 67.5 -1 0.3
266388 1.13668 48 80 10 0.6
266388 1.13668 100 80 10 0.6
266388 1.13668 48 80 10 -10
266388 1.13668 60 80 10 0
266388 1.13668 100 80 10 0
266388 1.13668 100 80 10 -10
266388 1.13668 48 80 10 0
266388 1.13668 60 80 10 0.6
266388 1.13668 60 80 10 -10
266372 1.16684 15 60 -0.2 0
266111 1.10816 24 67.5 -1 0
266094 1.10792 18 65 1 0.3
266092 1.1706 18 60 1 1.05
266008 1.12072 18 45 -0.4 0.6
265953 1.10038 18 65 10 0.6
265453 1.10263 24 67.5 -0.6 0.3
265289 1.06778 24 55 0.6 0.75
265196 1.07797 24 65 1 0.75
265141 1.49114 30 70 -1 1.2
264703 1.06076 60 0 1.4 0.9
264703 1.06076 48 0 1.4 0.9
264703 1.06076 36 0 1.4 0.9
264703 1.06076 100 0 1.4 0.9
264538 1.0314 12 0 1 -0.3
264154 1.12732 15 55 0.6 0.3
263378 1.30402 12 45 -0.4 0.3
262518 1.1633 48 75 10 1.5
262518 1.1633 100 75 10 1.5
262518 1.1633 60 75 10 1.5
261417 1.09082 21 65 10 0.9
261394 1.163 36 75 10 1.5
261322 1.01007 100 0 0.6 -10
261322 1.01007 60 0 0.6 -10
261319 1.06343 36 0 1 0.9
261319 1.06343 30 0 1 0.9
261185 1.06011 60 55 1.4 0.9
261185 1.06011 100 55 1.4 0.9
261185 1.06011 36 55 1.4 0.9
261185 1.06011 48 55 1.4 0.9
260519 1.22604 12 50 -0.6 0
260066 1.08187 21 65 1 0.6
259914 1.22088 60 55 10 1.95
259914 1.22088 100 0 10 1.95
259914 1.22088 60 45 10 1.95
259914 1.22088 60 0 10 1.95
259914 1.22088 100 55 10 1.95
259914 1.22088 100 45 10 1.95
259554 1.30255 12 55 -0.6 0.3
259554 1.30255 12 52.5 -0.6 0.3
259554 1.30255 12 0 -0.6 0.3
259554 1.30255 12 50 -0.6 0.3
259554 1.30255 12 47.5 -0.6 0.3
259477 1.22581 12 47.5 -0.6 0
258971 1.14718 21 70 1.4 0.75
258952 1.0817 18 65 10 -10
258073 1.19148 18 65 -0.6 0
257982 1.61694 21 65 -1 0.9
257982 1.61694 21 67.5 -1 0.9
257875 1.06275 36 55 1 0.9
257875 1.06275 30 55 1 0.9
257551 1.60618 18 52.5 1.4 1.2
257551 1.60618 18 55 1.4 1.2
257336 1.08875 36 65 -1 -10
257336 1.08875 30 65 -1 -10
256716 1.60283 60 75 1 2.4
256716 1.60283 48 75 1 2.4
256716 1.60283 100 75 1 2.4
256646 1.17929 18 65 -0.2 -0.3
256646 1.17929 18 65 -0.2 -10
256323 1.09936 18 60 1 0.9
255965 1.26035 15 65 -1 -10
255965 1.26035 15 65 -1 -0.3
255930 1.60028 60 80 1 2.4
255930 1.60028 100 77.5 1 2.4
255930 1.60028 48 80 1 2.4
255930 1.60028 60 77.5 1 2.4
255930 1.60028 48 77.5 1 2.4
255930 1.60028 100 80 1 2.4
255479 1.09994 24 65 -1 -10
255319 1.09782 15 55 0.6 0.15
254197 1.12131 21 70 1 0.3
253947 1.21796 48 55 10 1.95
253947 1.21796 48 45 10 1.95
253947 1.21796 48 0 10 1.95
253836 1.20466 15 65 -0.6 0
253782 1.20359 21 0 0.6 1.2
253782 1.20359 21 45 0.8 1.2
253560 1.01041 21 0 1.4 -10
253483 1.18144 21 55 10 1.2
253097 1.04381 12 52.5 10 -10
252860 1.21741 36 45 10 1.95
252860 1.21741 36 0 10 1.95
252860 1.21741 36 55 10 1.95
252714 1.0511 12 47.5 10 0.45
252690 1.08076 18 65 10 0
252508 1.01178 24 0 0.6 -10
252506 1.20286 21 45 10 1.35
252127 1.21658 12 0 -0.6 0
251518 1.1483 15 65 1 -0.3
251518 1.1483 15 65 1 -10
251111 1.05088 12 50 10 0.45
250776 1.14661 15 62.5 1 0
250496 1.05495 48 65 -0.2 -10
250496 1.05495 60 65 -0.2 -10
250496 1.05495 100 65 -0.2 -10
250478 1.1775 18 65 -0.2 0
250281 1.21213 15 45 -0.8 0.3
250204 1.05744 18 47.5 0.6 0.3
250115 1.10321 21 65 -0.6 0
250079 1.20472 15 57.5 -0.6 0.3
249855 1.02887 21 55 10 -10
249785 1.10544 24 67.5 10 1.35
249748 1.14788 15 65 1 0
249428 1.0529 18 55 0.6 -10
249402 1.03686 18 52.5 10 0.6
248667 1.07038 30 70 1 0
248667 1.07038 30 70 1 -10
248651 1.03142 18 52.5 10 0.3
247932 1.00635 36 0 10 -10
247792 1.01335 15 0 1.4 -10
247775 1.06564 24 65 -0.2 -10
247772 1.19786 21 55 0.6 1.2
247638 1.01128 18 0 1 -10
247373 1.16703 21 0 10 1.2
247046 1.3274 24 65 -0.2 1.2
247046 1.3274 24 67.5 -0.2 1.2
246876 1.02856 21 55 10 0
246790 1.41428 18 45 10 1.35
246790 1.41428 18 47.5 10 1.35
246790 1.41428 18 50 10 1.35
246790 1.41428 18 0 10 1.35
246788 1.2132 60 0 10 2.1
246788 1.2132 100 45 10 2.1
246788 1.2132 48 55 10 2.1
246788 1.2132 100 55 10 2.1
246788 1.2132 48 45 10 2.1
246788 1.2132 60 45 10 2.1
246788 1.2132 60 55 10 2.1
246788 1.2132 48 0 10 2.1
246788 1.2132 100 0 10 2.1
246121 1.09792 48 77.5 10 0.9
246121 1.09792 60 77.5 10 0.9
246121 1.09792 100 77.5 10 0.9
246036 1.01332 15 0 1 -10
245884 1.20442 15 57.5 -1 0.15
245843 1.23277 24 72.5 0.6 1.2
245707 1.08177 18 0 1 0.9
245699 1.21265 36 55 10 2.1
245699 1.21265 36 0 10 2.1
245699 1.21265 36 45 10 2.1
245589 1.05156 15 55 1 0.45
245542 1.1635 15 62.5 1 0.15
245494 1.03125 100 55 1 -10
245494 1.03125 48 55 1 -10
245494 1.03125 60 55 1 -10
245372 1.20315 15 60 -1 0
245220 1.01073 30 0 0.6 -10
245082 1.138 18 60 -1 0.45
244514 1.05385 100 65 -0.2 0
244514 1.05385 60 65 -0.2 0
244514 1.05385 48 65 -0.2 0
244500 1.16328 15 60 -0.2 -10
244242 1.11253 30 70 10 1.35
244182 1.13542 100 80 10 0.9
244182 1.13542 60 80 10 0.9
244182 1.13542 48 80 10 0.9
244075 1.1592 24 65 10 1.5
244032 1.06867 15 57.5 1 0.6
243932 1.56538 36 70 -1 1.8
243932 1.56538 36 45 -0.8 1.8
243932 1.56538 36 75 -1 1.8
243932 1.56538 36 65 -1 1.8
243665 1.06342 30 65 -0.2 -10
243441 1.28906 36 77.5 10 1.8
242912 1.21533 15 60 -0.6 0.15
242908 1.07013 12 50 10 0.6
242751 1.55819 100 82.5 1 2.4
242751 1.55819 48 82.5 1 2.4
242751 1.55819 100 82.5 1.4 2.4
242751 1.55819 60 82.5 1 2.4
242751 1.55819 60 82.5 1.4 2.4
242751 1.55819 60 82.5 0.6 2.4
242751 1.55819 100 82.5 0.6 2.4
242724 1.08082 21 67.5 1 0.6
242714 1.56025 30 65 1 1.8
242714 1.56025 30 70 1 1.8
242677 1.20521 18 75 10 0
242677 1.20521 18 75 10 0.3
242677 1.20521 18 75 10 -10
242677 1.20521 18 75 10 0.6
242606 1.03088 60 55 1 0
242606 1.03088 100 55 1 0
242606 1.03088 48 55 1 0
242384 1.16309 15 62.5 0.6 0
242366 1.2335 18 65 -1 0
242075 1.11253 21 70 1.4 -10
242075 1.11253 21 70 1.4 0
242000 1.55965 36 45 -1.2 1.8
242000 1.55965 36 77.5 -1 1.8
241888 1.06437 24 65 -0.2 0
241817 1.03478 12 0 10 0.15
241763 1.07005 12 0 10 0.6
241700 1.0559 18 0 0.6 0.3
241459 1.04262 18 52.5 0.6 -10
241413 1.22068 24 75 -0.6 0.6
241273 1.35131 36 77.5 1 1.8
241247 1.09184 18 65 1 -10
241007 1.23271 15 62.5 -0.6 0.15
240861 1.06978 12 45 10 0.6
240772 1.10101 24 67.5 -1 -10
240191 1.1656 21 0 1 1.2
240103 1.07745 24 45 -0.8 0.3
239788 1.06942 12 47.5 10 0.6
239463 1.5489 24 67.5 10 1.8
239463 1.5489 24 65 10 1.8
239194 1.17602 24 45 -1.2 0.6
239103 1.08633 36 45 -1.2 0.3
238886 1.18409 21 55 -0.6 0.75
238886 1.18409 21 0 -0.6 0.75
238629 1.06083 100 65 -1 0
238629 1.06083 48 65 -1 0
238629 1.06083 60 65 -1 0
238616 1.0804 100 75 10 0.9
238616 1.0804 48 75 10 0.9
238616 1.0804 60 75 10 0.9
238112 1.18816 15 57.5 -1 0
237895 1.06221 30 65 -0.2 0
237753 1.15626 24 67.5 10 1.5
237560 1.08021 36 75 10 0.9
237465 1.34046 100 80 -0.6 1.8
237465 1.34046 48 80 -0.6 1.8
237465 1.34046 60 80 -0.6 1.8
237454 1.22299 24 70 0.6 1.2
237454 1.22299 21 70 0.6 1.2
237403 1.24829 18 75 10 0.75
237337 1.18483 15 62.5 0.6 0.15
237191 1.1207 60 65 10 1.5
237191 1.1207 100 65 10 1.5
236532 1.31519 100 82.5 1.4 1.8
236532 1.31519 60 82.5 1.4 1.8
236515 1.12529 18 60 -0.6 0.45
236097 1.05779 18 50 0.6 0.3
235895 1.02188 60 0 10 0
235895 1.02188 100 0 10 0
235819 1.12037 30 65 10 1.5
235684 1.01915 24 0 10 -0.3
235471 1.1747 15 45 -1.2 0
235420 1.09068 18 65 1 0
235246 1.02895 18 52.5 1.4 0
235049 1.1637 18 45 -0.8 0.6
234939 1.1183 21 65 -1 0
234879 1.20979 15 62.5 1.4 0.6
234563 1.07259 15 60 1 0.6
234513 1.16069 21 55 1 1.2
234400 1.12205 18 45 -0.8 0.45
234396 1.00949 36 0 0.6 -10
234288 1.02882 18 52.5 1.4 -10
233950 1.06141 21 67.5 10 0
233950 1.06141 21 67.5 10 -0.3
233950 1.06141 21 67.5 10 -10
233950 1.06141 21 67.5 10 -0.45
233950 1.06141 21 67.5 10 -0.15
233924 1.14958 21 65 -0.6 0.6
233152 1.16447 21 45 10 1.2
233025 1.18382 24 72.5 1 1.2
232414 1.03668 12 50 1 0
232286 1.13174 18 0 1 1.05
231982 1.05701 18 52.5 0.6 0.3
231890 1.19378 21 45 -0.8 0.75
231727 1.11939 48 65 10 1.5
231722 1.33139 48 75 -0.6 1.8
231722 1.33139 60 75 -0.6 1.8
231722 1.33139 100 75 -0.6 1.8
231191 1.03954 21 55 0.6 -10
231164 1.1581 15 45 -0.8 0
231123 1.00971 21 0 1 -10
230988 1.06064 30 65 1 0.6
230870 1.17662 30 75 -0.6 0.6
230741 1.11914 36 65 10 1.5
230488 1.0213 48 0 10 0
229968 1.32853 100 77.5 -0.6 1.8
229968 1.32853 48 77.5 -0.6 1.8
229968 1.32853 60 77.5 -0.6 1.8
229744 1.01087 21 0 0.6 -10
229446 1.13303 24 72.5 -0.6 0.75
229247 1.05335 15 55 0.6 -10
229004 1.11575 21 70 1.4 0.3
228431 1.03913 21 55 0.6 0
228037 1.15764 15 57.5 -0.2 0
228026 1.04963 36 45 -0.4 0
227959 1.04648 12 45 10 0.45
227861 1.07015 60 75 10 0.6
227861 1.07015 100 75 10 -10
227861 1.07015 48 75 10 0
227861 1.07015 48 75 10 0.6
227861 1.07015 60 75 10 -10
227861 1.07015 60 75 10 0
227861 1.07015 48 75 10 -10
227861 1.07015 100 75 10 0.6
227861 1.07015 100 75 10 0
227656 1.07575 21 0 1 1.05
227533 1.03606 12 50 1 -0.15
227468 1.14673 21 67.5 -0.6 0.6
227359 1.19354 15 62.5 -0.6 0
227203 1.02452 100 55 10 -10
227203 1.02452 60 55 10 -10
227056 1.05887 24 0 1 0.9
227056 1.05887 21 0 1 0.9
227048 1.0606 30 45 -0.8 0
227048 1.0606 36 45 -0.8 0
227009 1.02641 100 55 1.4 -10
227009 1.02641 48 55 1.4 -10
227009 1.02641 36 55 1.4 -10
227009 1.02641 60 55 1.4 -10
226892 1.06999 36 75 10 0.6
226892 1.06999 36 75 10 0
226892 1.06999 36 75 10 -10
226473 1.14282 15 62.5 1 -10
226359 1.06273 21 65 10 0.3
226338 1.03452 12 50 1 -0.3
226085 1.10621 24 45 -0.8 0.6
225490 1.01333 15 0 0.6 -10
225417 1.03765 12 0 0.6 0.15
225129 1.13003 24 70 -0.6 0.75
224846 1.29113 21 72.5 0.6 1.2
224737 1.30705 100 82.5 0.6 1.8
224737 1.30705 100 82.5 1 1.8
224737 1.30705 60 82.5 0.6 1.8
224737 1.30705 48 82.5 1 1.8
224737 1.30705 60 82.5 1 1.8
224731 1.05932 18 55 0.6 0.3
224728 1.17535 21 70 1 1.2
224728 1.17535 21 65 1 1.2
224728 1.17535 21 67.5 1 1.2
224525 1.02422 60 55 10 0
224525 1.02422 100 55 10 0
224339 1.02607 100 55 1.4 0
224339 1.02607 36 55 1.4 0
224339 1.02607 60 55 1.4 0
224339 1.02607 48 55 1.4 0
224120 1.10074 21 67.5 -0.6 -10
224120 1.10074 21 67.5 -0.6 0
224081 1.03853 12 47.5 10 0.3
224052 1.05816 24 55 1 0.9
224052 1.05816 21 55 1 0.9
223894 1.02039 30 0 10 0
223771 1.0417 21 0 0.6 0.3
223444 1.02446 12 0 1 -0.45
223377 1.03549 18 47.5 0.6 -10
223140 1.13167 21 67.5 -1 0.3
222940 1.12154 21 67.5 -1 0
222940 1.10129 24 65 10 1.35
222846 1.01709 12 0 1 -10
222796 1.02397 30 55 10 -0.15
222716 1.03393 12 50 1 -0.45
222656 1.03833 12 50 10 0.3
222520 1.02155 15 0 10 -0.3
222470 1.02691 12 0 0.6 -0.3
222267 1.03222 12 0 1 0
222266 1.07413 21 55 1 1.05
222184 1.20371 21 55 -0.6 0.9
222184 1.20371 21 0 -0.6 0.9
222098 1.03487 12 47.5 1 0
222005 1.02388 48 55 10 -10
221927 1.18104 15 62.5 -0.6 -10
221872 1.30258 60 80 1 1.8
221872 1.30258 100 80 1 1.8
221872 1.30258 48 80 1 1.8
221861 1.02386 30 55 10 -0.3
221466 1.03804 30 55 0.6 -10
221234 1.15527 15 62.5 1.4 0.45
220979 1.2252 18 65 -1 -10
220979 1.2252 18 65 -1 -0.3
220910 1.01106 18 0 0.6 -10
220811 1.1113 18 60 -1 0.3
220717 1.0285 15 0 -0.6 -10
220664 1.10623 18 65 10 0.75
220647 1.31042 100 80 -0.2 1.8
220647 1.31042 48 80 -0.2 1.8
220647 1.31042 60 80 -0.2 1.8
220510 1.16542 15 60 -0.6 0
220449 1.31083 100 82.5 -0.6 1.8
220449 1.31083 60 82.5 -0.6 1.8
220449 1.31083 100 82.5 -0.6 1.2
220449 1.31083 60 82.5 -0.6 1.2
220329 1.0502 36 55 -0.6 0
220257 1.29994 60 75 1 1.8
220257 1.29994 100 75 1 1.8
220257 1.29994 48 75 1 1.8
219955 1.02938 18 52.5 1 0
219922 1.09178 18 45 -0.4 0.45
219761 1.19942 24 75 -0.6 0.45
219759 1.027 12 0 10 0
219594 1.03354 12 50 1.4 -0.15
219492 1.0192 24 0 10 -0.15
219365 1.02358 48 55 10 0
219028 1.08602 30 45 -1.2 0.3
218941 1.15883 15 62.5 0.6 -10
218937 1.15667 15 60 -0.6 -10
218840 1.03763 36 55 0.6 0
218840 1.03763 30 55 0.6 0
218760 1.15457 15 62.5 1.4 0.3
218679 1.01711 30 0 10 -0.3
218678 1.09549 24 67.5 10 1.2
218584 1.01841 30 0 10 -0.15
218449 1.03222 12 50 1.4 -0.3
218402 1.06336 21 65 10 0.6
217998 1.06777 21 67.5 1 0
217998 1.06777 21 67.5 1 -10
217837 1.2958 60 77.5 1 1.8
217837 1.2958 48 77.5 1 1.8
217837 1.2958 100 77.5 1 1.8
217819 1.0498 18 60 1 0.6
217808 1.14493 15 45 -0.4 0
217605 1.05623 15 45 0.8 0.6
217525 1.05933 12 47.5 1 0.45
217497 1.06081 24 45 -0.8 0
217487 1.05588 60 65 -1 -10
217487 1.05588 100 65 -1 -10
217487 1.05588 48 65 -1 -10
217210 1.03135 12 0 0.6 0
217163 1.04385 12 0 10 0.45
217019 1.0695 21 65 1 0.3
216916 1.02825 12 0 1 -0.15
216653 1.19161 15 57.5 -0.2 0.15
216632 1.02326 30 55 10 -10
216504 1.02805 18 55 1.4 -10
216435 1.01535 12 0 10 -10
216362 1.04136 12 47.5 1 0.3
216362 1.04136 12 50 1 0.3
216281 1.24371 21 45 -1.2 0.6
216224 1.08309 18 47.5 1.4 1.05
216224 1.08309 18 0 1.4 1.05
216224 1.08309 18 50 1.4 1.05
215584 1.04354 48 45 -0.8 -10
215584 1.04354 60 45 -0.8 -10
215584 1.04354 100 45 -0.8 -10
215564 1.01951 36 0 10 0
215352 1.0451 48 45 -0.8 0
215352 1.0451 60 45 -0.8 0
215352 1.0451 100 45 -0.8 0
215332 1.30136 100 75 -0.2 1.8
215332 1.30136 60 75 -0.2 1.8
215332 1.30136 48 75 -0.2 1.8
214986 1.03169 12 50 1.4 -0.45
214872 1.05881 24 67.5 1 0.6
214843 1.05417 30 0 1.4 0.9
214573 1.04279 100 45 -0.4 0
214573 1.04279 48 45 -0.4 0
214573 1.04279 60 45 -0.4 0
214442 1.29993 48 82.5 -0.2 1.2
214442 1.29993 48 82.5 -0.2 1.8
214419 1.32135 100 82.5 10 2.4
214419 1.32135 60 82.5 10 2.4
214419 1.32135 48 82.5 10 2.4
214391 1.0243 30 55 10 0.3
214101 1.11119 21 65 -1 -10
214065 1.02296 30 55 10 0
213924 1.02769 18 55 1.4 0
213865 1.11136 21 67.5 -0.6 0.3
213646 1.29849 100 77.5 -0.2 1.8
213646 1.29849 48 77.5 -0.2 1.8
213646 1.29849 60 77.5 -0.2 1.8
213409 1.02289 30 55 10 -0.45
213250 1.06253 21 67.5 10 0.6
213228 1.09537 24 65 10 1.2
213115 1.22071 21 72.5 1 1.2
213065 1.32504 100 80 -1 1.8
213065 1.32504 60 80 -1 1.8
213065 1.32504 48 80 -1 1.8
212722 1.05004 18 0 1 0.75
212478 1.02835 18 55 1 0
212172 1.1939 15 45 -0.8 0.15
212015 1.12374 30 70 10 1.5
211977 1.02265 36 55 10 -10
211958 1.05349 30 55 1.4 0.9
211956 1.04908 100 65 1 0.6
211956 1.04908 60 65 1 0.6
211956 1.04908 48 65 1 0.6
211749 1.05536 18 60 1 0.75
211680 1.1614 15 55 -0.6 0
210849 1.03946 60 45 0.8 0.6
210849 1.03946 100 45 0.8 0.6
210849 1.03946 48 45 0.8 0.6
210813 1.03609 24 55 0.6 -10
210511 1.32683 48 75 10 2.4
210511 1.32683 60 75 10 2.4
210511 1.32683 100 75 10 2.4
210164 1.15891 30 75 -0.6 0.45
210157 1.22261 48 82.5 10 1.65
210157 1.22261 60 82.5 10 1.8
210157 1.22261 100 82.5 10 1.65
210157 1.22261 100 82.5 10 1.8
210157 1.22261 48 82.5 10 1.8
210157 1.22261 60 82.5 10 1.65
209817 1.32523 48 77.5 10 2.4
209817 1.32523 60 77.5 10 2.4
209817 1.32523 100 77.5 10 2.4
209814 1.03636 15 55 1 0.3
209661 1.0266 36 55 1 -10
209661 1.0266 30 55 1 -10
209651 1.15401 15 57.5 -0.2 -10
209621 1.03729 18 50 0.6 -10
209582 1.32555 36 75 10 2.4
209540 1.03163 100 55 0.6 -10
209540 1.03163 60 55 0.6 -10
209540 1.03163 48 55 0.6 -10
209537 1.16607 15 60 -1 -0.3
209453 1.02235 36 55 10 0
209315 1.02792 18 52.5 1 -0.15
208904 1.01929 24 0 10 0
208891 1.15856 24 75 -0.6 0.3
208891 1.15856 24 75 -0.6 0.15
208891 1.15856 24 75 -0.6 -10
208891 1.15856 24 75 -0.6 0
208890 1.32395 48 80 10 2.4
208890 1.32395 60 80 10 2.4
208890 1.32395 100 80 10 2.4
208504 1.06202 30 45 -1.2 0
208504 1.06202 36 45 -1.2 0
208440 1.02778 18 52.5 1 -0.3
208397 1.03568 24 55 0.6 0
208326 1.03036 12 47.5 1 -0.3
207943 1.04297 12 47.5 1.4 0.45
207906 1.31296 48 75 -1 1.8
207906 1.31296 100 75 -1 1.8
207906 1.31296 60 75 -1 1.8
207803 1.24629 24 75 0.6 1.2
207410 1.09675 18 60 -0.2 0.45
207361 1.04803 36 0 -0.6 0
207336 1.06097 18 47.5 1.4 0.9
207336 1.06097 18 50 1.4 0.9
207327 1.04306 60 55 -0.6 0
207327 1.04306 48 55 -0.6 0
207327 1.04306 100 55 -0.6 0
207320 1.19732 15 45 -0.4 0.3
207313 1.19709 15 55 -0.6 0.3
207167 1.02623 36 55 1 0
207167 1.02623 30 55 1 0
207044 1.03124 60 55 0.6 0
207044 1.03124 48 55 0.6 0
207044 1.03124 100 55 0.6 0
206792 1.0311 12 50 1 -10
206543 1.04291 48 55 -0.6 -10
206543 1.04291 60 55 -0.6 -10
206543 1.04291 100 55 -0.6 -10
206395 1.44609 30 77.5 -0.6 0.9
206395 1.44609 24 75 -0.6 0.9
206318 1.30914 60 77.5 -1 1.8
206318 1.30914 48 77.5 -1 1.8
206318 1.30914 100 77.5 -1 1.8
206247 1.06109 21 67.5 10 0.3
205753 1.14084 24 72.5 1.4 1.2
205745 1.08404 21 45 -0.8 0.3
205707 1.43896 21 0 -0.6 1.05
205707 1.43896 21 45 -0.8 1.05
205529 1.02589 21 55 1 -10
205390 1.12665 21 0 1.4 1.2
205179 1.05332 21 65 10 -10
205171 1.06036 18 0 1.4 0.9
205054 1.05459 24 0 1.4 0.9
205037 1.03078 12 50 1.4 0
204994 1.23151 30 77.5 -0.6 0.75
204876 1.02531 18 0 -0.6 -10
204852 1.03015 12 50 10 0
204712 1.02432 48 0 1 0
204712 1.02432 100 0 1 0
204712 1.02432 60 0 1 0
204244 1.15104 15 57.5 -0.6 0
203671 1.19599 15 0 -0.6 0.3
203657 1.05524 15 55 1 0.6
203448 1.02987 12 47.5 10 0
203358 1.02312 24 55 10 -0.15
203189 1.15438 15 57.5 -1 -0.3
203145 1.08983 12 50 1.4 0.6
203063 1.02552 21 55 1 0
202826 1.15426 15 57.5 -1 -10
202671 1.02497 100 0 10 0.6
202671 1.02497 60 0 10 0.6
202651 1.16382 15 60 -1 -10
202522 1.01584 12 0 0.6 -10
202510 1.023 24 55 10 -0.3
202398 1.02809 15 45 10 0.3
202392 1.05388 24 55 1.4 0.9
202267 1.0845 18 52.5 1.4 1.05
202267 1.0845 18 55 1.4 1.05
202112 1.02689 18 55 1 -0.15
202102 1.03436 12 45 10 0.3
201925 1.06365 24 0 1.4 1.05
201723 1.11329 21 67.5 -1 -10
201711 1.02478 36 0 10 0.6
201691 1.08918 12 0 1.4 0.6
201668 1.04498 24 45 -0.4 0
201502 1.02047 30 0 10 0.3
201305 1.05068 24 55 -0.6 0.3
201247 1.02675 18 55 1 -0.3
201081 1.02659 15 55 10 -0.3
201081 1.02659 15 55 10 -0.15
200973 1.08885 12 47.5 1.4 0.6
200960 1.05366 21 0 1.4 0.9
200863 1.02224 18 50 10 0
200843 1.02218 18 47.5 10 0
200840 1.02485 30 0 10 0.6
200766 1.02653 15 55 10 -10
200766 1.02653 15 55 10 -0.45
200680 1.05636 24 65 1 0.6
200526 1.12236 21 55 1.4 1.2
200344 1.05241 21 65 10 0
200228 1.08983 18 45 -1.2 0.15
199771 1.12967 30 75 -0.6 0
199771 1.12967 30 75 -0.6 0.15
199771 1.12967 30 75 -0.6 -10
199771 1.12967 30 75 -0.6 0.3
199770 1.0302 15 55 10 0.3
199562 1.02852 12 50 1.4 -10
199550 1.02084 15 0 10 -0.15
199363 1.02799 12 50 10 -10
199334 1.22305 30 77.5 -0.6 0.6
199303 1.17612 15 45 -0.4 0.15
198692 1.04725 24 55 -0.6 0
198596 1.02423 21 55 1.4 -10
198515 1.06803 18 52.5 -0.6 0
198271 1.05294 21 55 1.4 0.9
198189 1.04359 60 45 -1.2 -10
198189 1.04359 100 45 -1.2 -10
198189 1.04359 48 45 -1.2 -10
198037 1.02424 48 0 10 0.6
197898 1.06261 21 0 1.4 1.05
197845 1.04991 24 0 -0.6 0.3
197805 1.02966 15 55 1 0
197768 1.02313 18 50 1.4 0
197760 1.02238 24 55 10 -10
197721 1.0246 24 55 1 -10
197660 1.03601 48 55 1 0.6
197660 1.03601 60 55 1 0.6
197660 1.03601 100 55 1 0.6
197426 1.25481 15 57.5 -1 0.6
197426 1.25481 15 60 -1 0.6
197426 1.25481 15 65 -1 0.6
197155 1.06221 24 55 1.4 1.05
196975 1.08777 30 65 10 1.35
196960 1.18484 24 75 1 1.2
196931 1.14796 30 45 10 1.65
196778 1.03009 21 55 10 0.6
196770 1.02596 18 52.5 1 -10
196756 1.05797 21 65 1 -10
196531 1.02587 15 55 10 0
196452 1.06743 18 55 -0.6 0
196242 1.02388 21 55 1.4 0
196114 1.03388 12 50 1.4 0.3
195913 1.08649 18 60 -0.2 0.3
195897 1.04014 21 55 0.6 0.3
195719 1.02341 24 55 10 0.3
195690 1.04021 15 57.5 1 0.3
195403 1.02208 24 55 10 0
195368 1.02423 24 55 1 0
195128 1.04098 48 0 -0.6 0
195128 1.04098 60 0 -0.6 0
195128 1.04098 100 0 -0.6 0
194926 1.17089 100 55 10 1.8
194926 1.17089 60 55 10 1.8
194890 1.40128 30 82.5 0.6 0
194890 1.40128 30 82.5 1 0
194890 1.40128 30 82.5 1 0.6
194890 1.40128 30 82.5 1 0.9
194890 1.40128 30 82.5 0.6 0.6
194890 1.40128 30 82.5 1 0.3
194890 1.40128 30 82.5 0.6 -10
194890 1.40128 30 82.5 0.6 0.9
194890 1.40128 30 82.5 0.6 0.15
194890 1.40128 30 82.5 1 0.45
194890 1.40128 30 82.5 1 0.15
194890 1.40128 30 82.5 0.6 0.45
194890 1.40128 30 82.5 1 -10
194890 1.40128 30 82.5 0.6 0.3
194839 1.14454 18 45 -1.2 0.45
194822 1.022 24 55 10 -0.45
194207 1.94236 12 45 10 1.2
194207 1.94236 12 52.5 10 1.2
194207 1.94236 12 0 10 1.2
194207 1.94236 12 47.5 10 1.2
194207 1.94236 12 50 10 1.2
194178 1.02139 18 50 10 -10
194069 1.06141 24 45 -1.2 0
193985 1.03349 12 47.5 1.4 0.3
193972 1.06074 18 52.5 1.4 0.9
193972 1.06074 18 55 1.4 0.9
193939 1.18403 15 57.5 -0.6 0.15
193907 1.03341 12 47.5 1 0.15
193845 1.02549 18 52.5 1 -0.45
193750 1.07465 12 52.5 -0.6 -0.3
193565 1.20387 48 75 10 1.8
193565 1.20387 100 75 10 1.8
193565 1.20387 60 75 10 1.8
193280 1.02123 18 47.5 10 -10
193254 1.06117 21 55 1.4 1.05
193219 1.04427 48 45 -1.2 0
193219 1.04427 60 45 -1.2 0
193219 1.04427 100 45 -1.2 0
193113 1.02546 18 55 1 -10
193022 1.04824 24 67.5 1 0
193022 1.04824 24 67.5 1 -10
192963 1.09341 18 60 -0.6 0.3
192854 1.02701 15 45 10 0.45
192819 1.15182 24 55 1.4 1.5
192819 1.15182 24 0 1.4 1.5
192698 1.20311 36 75 10 1.8
192523 1.02131 15 0 10 0
192433 1.09024 30 70 10 1.2
192199 1.06802 21 67.5 1 0.3
192173 1.12887 21 70 1.4 1.2
192110 1.05691 21 65 1 0
191987 1.0316 18 55 10 0.6
191437 1.02663 15 0 10 0.3
191265 1.03413 60 0 1 0.6
191265 1.03413 48 0 1 0.6
191265 1.03413 100 0 1 0.6
191245 1.0433 21 0 1 0.75
191205 1.20325 60 80 10 1.8
191205 1.20325 60 80 10 1.65
191205 1.20325 100 80 10 1.65
191205 1.20325 100 80 10 1.8
191205 1.20325 48 80 10 1.65
191205 1.20325 48 80 10 1.8
191185 1.02215 18 50 1.4 -10
191137 1.0275 12 45 0.8 0
190991 1.03779 15 55 1.4 0.45
190885 1.02288 24 55 1.4 -10
190693 1.0193 18 0 10 0
190606 1.27914 36 70 10 2.4
190483 1.16833 48 55 10 1.8
190330 1.02634 12 47.5 10 -10
190291 1.02523 21 0 10 0.6
190275 1.02817 12 47.5 1.4 0
190204 1.13075 24 72.5 0.6 1.05
190197 1.02498 18 55 1 -0.45
190056 1.32861 21 75 0.6 1.2
189905 1.03786 12 0 1.4 0.45
189852 1.19222 15 55 -0.6 0.15
189705 1.1289 15 62.5 1.4 -10
189646 1.16786 36 55 10 1.8
189594 1.02828 18 55 1 0.3
188926 1.04444 15 0 1 0.6
188837 1.09407 12 45 -1.2 -0.45
188769 1.88779 24 80 1 1.2
188769 1.88779 21 80 0.6 1.2
188769 1.88779 24 80 10 1.5
188769 1.88779 21 80 10 1.5
188769 1.88779 24 80 0.6 1.2
188769 1.88779 21 80 1 1.2
188705 1.02009 100 0 1.4 0
188705 1.02009 48 0 1.4 0
188705 1.02009 60 0 1.4 0
188705 1.02009 36 0 1.4 0
188656 1.1286 15 62.5 1.4 0
188601 1.02253 24 55 1.4 0
188543 1.19859 60 77.5 10 1.8
188543 1.19859 48 77.5 10 1.8
188543 1.19859 100 77.5 10 1.8
188316 1.0376 15 55 10 0.6
188239 1.08919 36 70 10 1.2
188182 1.16868 100 0 10 1.8
188182 1.16868 100 45 10 1.8
188182 1.16868 60 45 10 1.8
188182 1.16868 60 0 10 1.8
188116 1.2701 36 75 1 1.8
188116 1.2701 36 70 1 1.8
188109 1.88119 30 82.5 0.6 1.2
188109 1.88119 30 82.5 1 1.2
188090 1.08177 21 45 -1.2 0.15
187775 1.1474 15 57.5 -0.6 -10
187584 1.03145 12 0 1.4 0.15
187393 1.0264 12 47.5 1 -10
187376 1.0216 18 47.5 1.4 0
187351 1.02892 36 55 0.6 -10
187177 1.23272 12 45 -0.8 0.45
187106 1.05195 12 52.5 1 0.45
186937 1.14337 15 0 -0.6 0
186868 1.03584 12 45 0.8 0.3
186809 1.02656 18 50 10 0.6
186561 1.15806 30 55 10 1.8
186459 1.86469 30 85 1.4 0.9
186459 1.86469 30 85 1.4 -10
186459 1.86469 30 85 1.4 0.75
186459 1.86469 30 85 1.4 1.05
186459 1.86469 30 85 0.6 0
186459 1.86469 30 85 0.6 1.05
186459 1.86469 30 85 0.6 0.75
186459 1.86469 30 85 0.6 0.9
186459 1.86469 30 85 0.6 0.6
186459 1.86469 30 85 1.4 1.2
186459 1.86469 30 85 1.4 0.6
186459 1.86469 30 85 1.4 0
186459 1.86469 30 85 0.6 -10
186459 1.86469 30 85 1 -10
186459 1.86469 30 85 1 0
186459 1.86469 30 85 1 0.6
186459 1.86469 30 85 0.6 1.2
186459 1.86469 30 85 1 1.2
186459 1.86469 30 85 1 0.9
186459 1.86469 30 85 1 1.05
186459 1.86469 30 85 1 0.75
185684 1.03058 15 45 10 0.6
185682 1.03867 36 55 -0.6 -10
185425 1.04715 36 70 1 0
185425 1.04715 36 70 1 -10
185296 1.13031 21 45 -0.8 0.6
185009 1.02966 18 47.5 1 0.45
185009 1.02966 18 50 1 0.45
184957 1.01596 15 0 10 -0.45
184819 1.14234 15 62.5 1.4 0.15
184690 1.0272 18 52.5 1 0.3
184642 1.04037 18 45 0.8 0.6
184388 1.16147 21 72.5 1.4 1.2
184322 1.05165 30 70 10 0.9
184302 1.08262 18 45 -0.8 0.3
184268 1.02179 30 55 1.4 -10
184211 1.02613 18 45 10 0.6
183855 1.16613 48 45 10 1.8
183855 1.16613 48 0 10 1.8
183706 1.04079 30 45 -0.4 0
183702 1.12376 21 70 0.6 1.05
183702 1.12376 24 70 0.6 1.05
183408 1.026 18 47.5 10 0.6
183402 1.04445 15 60 1 0.3
183295 1.05085 21 45 -0.4 0.3
183052 1.16565 36 0 10 1.8
183052 1.16565 36 45 10 1.8
182944 1.17521 15 0 0.6 0.9
182864 1.0703 12 50 -0.6 -0.3
182771 1.02181 48 0 0.6 0
182771 1.02181 60 0 0.6 0
182771 1.02181 100 0 0.6 0
182551 1.02991 15 0 10 0.6
182511 1.08821 12 45 -1.2 -0.3
182475 1.02454 21 45 10 0.6
182062 1.02144 30 55 1.4 0
182039 1.07012 12 47.5 -0.6 -0.3
181800 1.08393 12 45 -1.2 -10
181324 1.02657 15 55 1 -10
181306 1.01466 48 0 -0.6 -10
181257 1.06351 21 65 10 0.75
181139 1.04229 21 45 -0.4 0
181058 1.02557 18 0 10 0.6
181050 1.0426 36 65 1 0.6
180857 1.04268 24 0 -0.6 0
180849 1.03715 12 52.5 1.4 0.45
180712 1.19792 24 72.5 -0.6 0.9
180435 1.0421 30 55 -0.6 0
180325 1.02048 18 47.5 1.4 -10
180180 1.0801 60 65 10 1.2
180180 1.0801 100 65 10 1.2
180143 1.23122 21 75 1 1.2
180100 1.03384 30 45 0.8 0.6
180100 1.03384 36 45 0.8 0.6
180075 1.04013 21 55 1 0.75
180074 1.15452 30 45 10 1.8
180074 1.15452 30 0 10 1.8
180047 1.34317 15 70 -0.6 0.6
179912 1.06988 12 52.5 -0.6 -10
179831 1.34695 12 65 -1 0.45
179780 1.03186 12 0 1 0.3
179756 1.04193 30 55 -0.6 -10
179610 1.15224 15 0 1 0.9
179496 1.01216 24 0 10 -0.45
179120 1.07984 30 65 10 1.2
178986 1.05521 18 45 -0.4 0
178905 1.02184 18 50 1 0
178905 1.02184 18 47.5 1 0
178812 1.03353 21 45 0.8 0.6
178812 1.03353 24 45 0.8 0.6
178764 1.07358 18 52.5 -0.6 0.3
178764 1.07358 18 55 -0.6 0.3
178646 1.0288 12 47.5 10 0.15
178503 1.06929 18 45 -0.4 0.15
178314 1.07402 18 55 -0.6 0.15
178314 1.07402 18 52.5 -0.6 0.15
178297 1.11564 24 45 10 1.65
178274 1.2255 15 70 -0.2 0.6
178214 1.02876 12 50 10 0.15
177984 1.02458 12 47.5 1.4 -10
177889 1.05056 12 0 -0.6 -0.3
177702 1.11107 21 45 -1.2 0.45
177501 1.02288 24 0 10 0.6
177318 1.19191 24 70 -0.6 0.9
177216 1.07313 18 50 -0.6 0.3
176888 1.05867 12 45 -0.8 -0.3
176846 1.05882 18 60 10 1.05
176806 1.22737 24 55 10 1.8
176740 1.02387 12 0 1.4 0
176209 1.02878 12 45 0.8 0.15
176053 1.08509 18 60 -1 0.15
176050 1.07905 48 65 10 1.2
175997 1.0585 21 45 -0.8 0
175645 1.07268 18 0 -0.6 0.3
175645 1.07268 18 47.5 -0.6 0.3
175639 1.0245 12 45 0.8 -0.3
175584 1.06977 21 45 -1.2 0
175524 1.36402 12 52.5 0.6 0.6
175524 1.36402 12 50 0.6 0.6
175524 1.36402 12 47.5 0.6 0.6
175524 1.36402 12 55 0.6 0.6
175524 1.36402 12 0 0.6 0.6
175465 1.02442 60 0 1.4 0.6
175465 1.02442 100 0 1.4 0.6
175465 1.02442 36 0 1.4 0.6
175465 1.02442 48 0 1.4 0.6
175294 1.07885 36 65 10 1.2
175287 1.17526 36 70 10 1.95
175287 1.17526 36 70 10 1.8
175114 1.05105 15 60 1 0.45
175085 1.07192 18 45 -1.2 0
174841 1.01961 30 0 1 0
174841 1.01961 36 0 1 0
174559 1.04055 24 55 -0.6 -10
174508 1.06102 18 50 -0.6 0
174478 1.06246 18 55 -0.6 -10
174400 1.02037 15 45 10 0
174135 1.01948 48 45 0.8 0
174135 1.01948 100 45 0.8 0
174135 1.01948 60 45 0.8 0
173967 1.14737 21 72.5 0.6 1.05
173963 1.02858 12 0 10 0.3
173909 1.13453 24 75 1.4 1.2
173574 1.08087 12 52.5 1.4 0.6
173509 1.02846 12 0 -0.6 -10
173317 1.73349 18 50 1 1.2
173317 1.73349 18 0 0.6 1.2
173317 1.73349 18 50 0.6 1.2
173317 1.73349 18 45 0.8 1.2
173317 1.73349 18 0 1 1.2
173317 1.73349 18 47.5 0.6 1.2
173317 1.73349 18 47.5 1 1.2
173027 1.36018 12 60 0.6 0.6
172978 1.17016 15 62.5 0.6 0.9
172978 1.17016 15 55 0.6 0.9
172630 1.17895 15 0 -0.6 0.15
172578 1.02315 12 45 10 0
172464 1.14804 30 77.5 -0.6 0
172464 1.14804 30 77.5 -0.6 0.3
172464 1.14804 30 77.5 -0.6 -10
172381 1.17623 30 70 10 1.8
172085 1.22851 30 82.5 1.4 0.45
172085 1.22851 30 82.5 1.4 0.15
172085 1.22851 30 82.5 1.4 0
172085 1.22851 30 82.5 1.4 -10
172085 1.22851 30 82.5 1.4 0.3
172085 1.22851 30 82.5 1.4 0.9
172085 1.22851 30 82.5 1.4 0.6
171817 1.31113 18 75 -0.2 0.6
171811 1.18045 12 45 0.8 0.6
171394 1.06283 18 60 -0.2 0
171381 1.07767 18 45 -0.8 0.15
171303 1.30912 21 75 -0.6 0.6
171303 1.30912 18 75 -0.6 0.6
171294 1.17093 36 70 10 2.1
171056 1.07674 24 45 -1.2 0.3
170937 1.0237 18 50 1 0.3
170937 1.0237 18 47.5 1 0.3
170655 1.21316 24 45 10 1.8
170655 1.21316 24 0 10 1.8
170546 1.07056 18 45 -0.4 0.3
170471 1.0171 21 0 -0.6 -10
170393 1.02222 24 45 10 0.6
170372 1.01089 30 0 10 -0.45
170330 1.03414 18 52.5 1 0.6
170137 1.0357 30 45 -0.8 -10
169931 1.30378 18 75 -1 0.6
169823 1.14385 15 57.5 1 0.9
169823 1.14385 15 60 1 0.9
169823 1.14385 15 55 1 0.9
169822 1.03984 30 0 -0.6 0
169740 1.17266 30 65 10 2.1
169727 1.06553 12 50 -0.6 -10
169692 1.01613 21 0 10 0
169202 1.01296 60 0 -0.6 -10
169202 1.01296 100 0 -0.6 -10
168991 1.6902 24 65 -1 1.2
168991 1.6902 24 67.5 -1 1.2
168991 1.6902 24 45 -0.8 1.2
168803 1.05747 18 45 -0.8 0
168797 1.02979 36 55 1 0.6
168797 1.02979 30 55 1 0.6
167929 1.01923 15 45 10 -10
167754 1.18937 12 65 10 1.05
167429 1.14037 12 0 -0.6 0.45
167429 1.14037 12 52.5 -0.6 0.45
167429 1.14037 12 47.5 -0.6 0.45
167429 1.14037 12 50 -0.6 0.45
167425 1.01183 12 0 1.4 -10
167396 1.04983 12 45 -0.4 -0.3
167394 1.29418 18 75 -1 0.45
167252 1.17257 21 65 -0.2 1.05
167191 1.06816 24 72.5 -0.6 0.6
167188 1.0198 18 50 1 -0.3
167088 1.01737 18 45 10 0
167054 1.0269 12 47.5 1.4 0.15
166699 1.0319 18 60 1 0.3
166682 1.38538 24 80 1.4 1.2
166601 1.05723 12 45 -0.8 -10
166099 1.38208 30 82.5 1.4 1.2
166095 1.0179 21 0 1 0
165914 1.05504 18 47.5 -0.6 0
165914 1.05002 21 55 -0.6 0.3
165796 1.12133 21 70 -0.6 0.75
165376 1.18405 12 65 10 0.9
165299 1.09657 15 65 -0.2 0.6
164881 1.01766 24 0 1 0
164781 1.02573 15 55 1 0.15
164273 1.01685 24 0 10 0.3
164201 1.28165 36 80 -1 0.9
164201 1.28165 36 80 -1 0.75
163883 1.02642 15 55 1.4 0.3
163780 1.16273 36 70 10 2.25
163778 1.02452 36 55 1.4 0.6
163778 1.02452 100 55 1.4 0.6
163778 1.02452 60 55 1.4 0.6
163778 1.02452 48 55 1.4 0.6
163733 1.06319 12 47.5 -0.6 -10
163707 1.09966 24 75 10 1.2
163567 1.07297 18 60 -0.2 0.15
163337 1.02783 36 0 1 0.6
163337 1.02783 30 0 1 0.6
163322 1.37652 21 80 1.4 1.2
163287 1.07417 15 45 -1.2 -0.15
163263 1.63265 48 0 10 2.7
163263 1.63265 100 55 10 2.7
163263 1.63265 100 45 10 2.7
163263 1.63265 48 55 10 2.7
163263 1.63265 48 45 10 2.7
163263 1.63265 60 55 10 2.7
163263 1.63265 100 0 10 2.7
163263 1.63265 60 0 10 2.7
163263 1.63265 60 45 10 2.7
163076 1.04918 21 0 -0.6 0.3
163005 1.03174 15 45 0.8 0.45
162998 1.04199 18 60 10 0.9
162950 1.04425 21 55 -0.6 0
162871 1.03201 18 55 1 0.6
162793 1.06866 18 50 -0.6 0.15
162637 1.07936 18 60 -1 0
162608 1.06495 24 70 -0.6 0.6
162358 1.04412 21 55 -0.6 -10
162138 1.06848 18 47.5 -0.6 0.15
162138 1.06848 18 0 -0.6 0.15
161976 1.03005 15 60 1 0
161705 1.61731 21 45 -0.4 1.2
161605 1.01825 18 47.5 1 -0.3
161598 1.03039 12 52.5 10 0.45
161594 1.05666 12 65 10 0.6
161542 1.03854 30 65 1 -10
161448 1.01729 100 45 0.8 -10
161448 1.01729 48 45 0.8 -10
161448 1.01729 60 45 0.8 -10
161214 1.05329 18 0 -0.6 0
161115 1.07898 18 60 -0.6 0.15
161021 1.61048 30 77.5 -0.6 1.2
161021 1.61048 30 77.5 -0.6 1.05
161021 1.61048 24 75 -0.6 1.2
160779 1.1316 24 0 -0.6 1.05
160070 1.05719 15 0 1 0.75
160069 1.036 30 45 -1.2 -10
160010 1.02435 12 45 10 0.15
159969 1.02542 18 60 1 0
159912 1.1338 15 75 1 0.6
159770 1.01313 36 0 -0.6 -10
159249 1.01683 18 0 1.4 0
159094 1.06038 18 60 -0.2 -10
159025 1.03518 30 70 10 0.6
158680 1.02365 18 52.5 1.4 0.6
158663 1.01633 24 0 1.4 0
158632 1.02912 100 45 -0.4 -10
158632 1.02912 48 45 -0.4 -10
158632 1.02912 60 45 -0.4 -10
158324 1.03104 36 45 -0.8 -10
158295 1.36322 24 80 10 1.35
158295 1.36322 21 80 10 1.35
158017 1.02287 24 55 10 0.6
158009 1.0204 12 45 0.8 -10
157717 1.03748 30 65 1 0
157683 1.01973 30 45 10 0.6
157660 1.04847 12 45 -0.4 -10
157653 1.02445 12 0 1.4 0.3
157628 1.02988 18 47.5 1 0.6
157628 1.02988 18 0 1 0.6
157628 1.02988 18 50 1 0.6
157488 1.04231 12 45 0.8 0.45
157461 1.03593 15 57.5 10 0.6
157453 1.02237 15 0 1 0.3
157307 1.36056 21 80 10 1.2
157198 1.57202 60 77.5 -1 2.4
157198 1.57202 100 45 -1.2 2.4
157198 1.57202 48 82.5 -1 2.4
157198 1.57202 100 80 -1 2.4
157198 1.57202 48 80 -1 2.4
157198 1.57202 48 45 -1.2 2.4
157198 1.57202 48 75 -1 2.4
157198 1.57202 100 75 -1 2.4
157198 1.57202 100 77.5 -1 2.4
157198 1.57202 60 75 -1 2.4
157198 1.57202 60 45 -1.2 2.4
157198 1.57202 48 77.5 -1 2.4
157198 1.57202 60 80 -1 2.4
157117 1.25615 18 75 -0.2 0.45
157072 1.08016 24 75 0.6 0.9
156854 1.01884 15 45 10 0.15
156786 1.5679 48 85 -0.6 2.4
156786 1.5679 48 75 -0.2 2.4
156786 1.5679 60 75 -0.2 2.4
156786 1.5679 48 77.5 -0.2 2.4
156786 1.5679 48 80 -0.6 2.4
156786 1.5679 48 75 -0.6 2.4
156786 1.5679 100 77.5 -0.6 2.4
156786 1.5679 60 82.5 -0.6 2.4
156786 1.5679 48 82.5 -0.2 2.4
156786 1.5679 60 75 -0.6 2.4
156786 1.5679 100 75 -0.6 2.4
156786 1.5679 100 85 -0.6 2.4
156786 1.5679 60 77.5 -0.2 2.4
156786 1.5679 48 80 -0.2 2.4
156786 1.5679 100 82.5 -0.6 2.4
156786 1.5679 36 75 1 2.4
156786 1.5679 48 77.5 -0.6 2.4
156786 1.5679 36 70 1 2.4
156786 1.5679 60 80 -0.2 2.4
156786 1.5679 60 80 -0.6 2.4
156786 1.5679 100 75 -0.2 2.4
156786 1.5679 100 77.5 -0.2 2.4
156786 1.5679 60 85 -0.6 2.4
156786 1.5679 100 80 -0.2 2.4
156786 1.5679 60 77.5 -0.6 2.4
156786 1.5679 48 82.5 -0.6 2.4
156786 1.5679 100 80 -0.6 2.4
156784 1.02969 24 45 -0.4 -10
156696 1.06496 18 60 -0.6 -10
156435 1.01741 18 0 1 0
156358 1.25199 15 75 -1 0
156358 1.25199 15 75 -1 0.3
156358 1.25199 15 75 -1 -0.3
156358 1.25199 15 75 -1 -0.15
156358 1.25199 15 75 -1 -0.45
156358 1.25199 15 75 -1 -10
156246 1.02138 15 55 1.4 0
156092 1.01711 36 0 0.6 0
156092 1.01711 30 0 0.6 0
156060 1.01946 12 45 10 -10
156049 1.06069 24 0 10 1.2
156042 1.21925 18 45 -0.4 0.9
156005 1.06663 18 60 -0.6 0
156002 1.0295 15 0 1.4 0.6
155949 1.25153 18 75 -0.6 0.45
155949 1.25153 21 75 -0.6 0.45
155859 1.15803 21 75 1.4 1.2
155760 1.14772 24 80 1.4 0.9
155642 1.01372 30 0 -0.6 -10
155565 1.03456 36 70 10 0.6
155498 1.03784 15 57.5 1 0.45
155357 1.01749 18 50 1 -10
155302 1.08558 12 45 -0.4 0.45
155271 1.16964 36 80 -1 -10
155271 1.16964 36 80 -1 0
155271 1.16964 36 80 -1 0.3
155271 1.16964 36 80 -1 0.6
155220 1.01555 18 45 10 -10
155073 1.01544 24 0 -0.6 -10
154691 1.09979 21 45 -1.2 0.3
154549 1.03771 15 60 10 0.6
154536 1.13874 21 72.5 -0.6 0.75
154518 1.24501 15 75 -0.2 -0.15
154518 1.24501 15 75 -0.2 0
154518 1.24501 15 75 -0.2 -10
154518 1.24501 15 75 -0.2 -0.45
154518 1.24501 15 75 -0.2 -0.3
154518 1.24501 15 75 -0.2 0.3
154472 1.0306 24 45 -0.8 -10
154289 1.01902 36 45 10 0.6
154064 1.23704 18 75 1 0.9
153901 1.02917 30 45 -0.4 -10
153735 1.53759 21 67.5 -0.6 1.05
153674 1.11703 21 75 10 1.2
153608 1.24152 15 75 -0.6 -10
153608 1.24152 15 75 -0.6 -0.15
153608 1.24152 15 75 -0.6 -0.3
153608 1.24152 15 75 -0.6 0.3
153608 1.24152 15 75 -0.6 0
153608 1.24152 15 75 -0.6 -0.45
153297 1.34992 24 80 10 1.2
153164 1.01527 30 0 1.4 0
153131 1.03363 15 60 1 0.15
152914 1.12287 24 45 -0.8 1.05
152898 1.14369 24 80 1 0.9
152898 1.14369 21 80 1 0.9
152731 1.52737 36 82.5 -1 0.9
152731 1.52737 36 82.5 -1 0.6
152731 1.52737 36 82.5 -1 0.3
152731 1.52737 36 82.5 -1 0.15
152731 1.52737 36 82.5 -1 -10
152731 1.52737 36 82.5 -1 0.45
152731 1.52737 36 82.5 -1 0
152701 1.02061 15 55 1.4 -0.3
152627 1.14329 21 80 1.4 0.9
152580 1.01649 18 47.5 1 -10
152533 1.01611 24 0 0.6 0
152524 1.15642 15 0 1.4 1.05
152396 1.02054 15 55 1.4 -10
152108 1.02203 15 45 0.8 0.3
152077 1.01505 21 0 1.4 0
152064 1.10589 18 65 -1 0.6
151811 1.03565 24 65 1 -10
151693 1.11137 15 0 1.4 0.9
151691 1.04622 12 47.5 0.6 0.45
151691 1.04622 12 50 0.6 0.45
151691 1.04622 12 0 0.6 0.45
151691 1.04622 12 52.5 0.6 0.45
151355 1.019 60 45 10 0.6
151355 1.019 100 45 10 0.6
151123 1.22579 24 80 1.4 1.05
150051 1.06235 15 55 -0.6 -10
149686 1.09183 24 45 10 1.5
149667 1.15125 18 75 -1 0
149667 1.15125 18 75 -1 0.15
149667 1.15125 18 75 -1 0.3
149667 1.15125 18 75 -1 -10
149557 1.15174 18 75 -0.2 0.15
149557 1.15174 18 75 -0.2 0
149557 1.15174 18 75 -0.2 -10
149557 1.15174 18 75 -0.2 0.3
149529 1.01795 18 47.5 1 0.15
149529 1.01795 18 50 1 0.15
149131 1.18927 21 80 0.6 0.9
149131 1.18927 24 80 0.6 0.9
149009 1.02211 15 57.5 1 0
148971 1.03092 36 45 -1.2 -10
148884 1.07175 21 75 0.6 0.75
148819 1.01543 21 0 0.6 0
148706 1.01485 30 45 0.8 0
148706 1.01485 36 45 0.8 0
148654 1.02767 15 60 1 -10
148619 1.20967 15 0 1 1.05
148559 1.17165 15 70 1 0.9
148478 1.02374 18 60 1 -10
148338 1.22042 24 80 1 1.05
148338 1.22042 21 80 1 1.05
148241 1.02879 48 65 1 -10
148241 1.02879 100 65 1 -10
148241 1.02879 60 65 1 -10
148241 1.03459 24 65 1 0
148221 1.14821 18 75 -0.6 0.15
148221 1.14821 21 75 -0.6 0.3
148221 1.14821 21 75 -0.6 0.15
148221 1.14821 21 75 -0.6 0
148221 1.14821 18 75 -0.6 0.3
148221 1.14821 18 75 -0.6 -10
148221 1.14821 21 75 -0.6 -10
148221 1.14821 18 75 -0.6 0
148090 1.21988 21 80 1.4 1.05
148057 1.04434 12 60 0.6 0.45
147939 1.06342 21 75 0.6 0.6
147884 1.01824 48 45 10 0.6
147578 1.02503 21 55 1 0.6
147490 1.12787 15 45 -0.8 0.6
147489 1.20224 30 75 -0.6 0.9
147364 1.05874 24 45 10 1.2
147303 1.04517 18 52.5 -0.6 -10
147249 1.10824 21 80 1 0.6
147249 1.10824 21 80 1 0.75
147249 1.10824 24 80 1 0.75
147249 1.10824 24 80 1 0.6
147200 1.05811 24 55 10 1.2
147079 1.07081 30 45 10 1.5
147030 1.1076 18 45 -1.2 0.3
146865 1.02003 18 50 1.4 0.6
146777 1.03049 24 45 -1.2 -10
146697 1.02476 24 55 1 0.6
146671 1.09709 15 65 -0.6 0.6
146662 1.05791 60 0 10 1.2
146662 1.05791 100 0 10 1.2
146516 1.09394 12 47.5 1 0.6
146516 1.09394 12 50 1 0.6
146516 1.09394 12 0 1 0.6
146441 1.10675 15 75 1 0
146441 1.10675 15 75 1 0.3
146441 1.10675 15 75 1 0.15
146441 1.10675 15 75 1 -10
146223 1.10631 15 75 1 0.45
145923 1.02819 21 45 -0.4 -10
145832 1.05769 30 0 10 1.2
145706 1.01704 15 0 1 0
145457 1.02943 30 70 10 -10
145457 1.02943 30 70 10 0
145335 1.01388 24 45 0.8 0
144988 1.03623 12 52.5 10 0.6
144718 1.02777 60 65 1 0
144718 1.02777 48 65 1 0
144718 1.02777 100 65 1 0
144683 1.32715 24 80 0.6 1.05
144683 1.32715 21 80 0.6 1.05
144479 1.03165 15 55 1.4 0.6
144008 1.10009 15 70 -1 0.45
143984 1.08034 15 70 -0.6 0.45
143898 1.01997 60 55 10 0.6
143898 1.01997 100 55 10 0.6
143670 1.08169 21 75 0.6 0.9
143632 1.13356 21 80 0.6 0.75
143632 1.13356 21 80 0.6 0.6
143632 1.13356 24 80 0.6 0.75
143632 1.13356 24 80 0.6 0.6
143564 1.02929 21 55 10 0.9
143393 1.19908 30 80 -0.6 0
143393 1.19908 30 80 -0.6 -10
143393 1.19908 30 80 -0.6 0.15
143393 1.19908 30 80 -0.6 0.6
143393 1.19908 30 80 -0.6 0.3
143393 1.19908 30 80 -0.6 0.45
143284 1.05703 48 0 10 1.2
143042 1.01977 30 55 10 0.6
142882 1.05637 15 45 -1.2 -10
142882 1.05637 15 45 -1.2 -0.45
142797 1.02298 21 0 1 0.6
142718 1.06452 12 60 1.4 0.6
142710 1.02374 15 57.5 10 0.3
142681 1.05687 36 0 10 1.2
142643 1.04667 18 45 -1.2 -10
142605 1.0245 36 45 -0.4 -10
142444 1.01794 30 0 1.4 0.6
142334 1.02882 36 70 10 -10
142334 1.02882 36 70 10 0
142292 1.01887 18 47.5 1.4 0.6
142202 1.06412 12 55 1.4 0.6
141945 1.02272 24 0 1 0.6
141903 1.08717 12 65 -1 0
141903 1.08717 12 65 -1 0.15
141815 1.01321 21 45 0.8 0
141622 1.08183 12 60 10 0.9
141318 1.0186 18 0 1.4 0.6
141165 1.03941 24 72.5 -0.6 0
141165 1.03941 24 72.5 -0.6 -10
0
1462804 36 75 -0.2 0.6