2285992 1.55664 100 87.5 1 0.9
2285992 1.55664 100 87.5 -1 0
2285992 1.55664 100 87.5 -1 -0.3
2285992 1.55664 100 87.5 -1 -10
2285992 1.55664 100 87.5 -1 -0.45
2285992 1.55664 100 87.5 -1 -0.15
2285992 1.55664 100 87.5 -1 0.3
2243654 1.55457 100 87.5 1 0.75
2242232 1.40065 100 87.5 10 0.9
2207037 1.5528 100 87.5 -0.2 -10
2207037 1.5528 100 87.5 -0.2 0.3
2207037 1.5528 100 87.5 -0.6 -0.15
2207037 1.5528 100 87.5 1 0.6
2207037 1.5528 100 87.5 -0.6 -0.45
2207037 1.5528 100 87.5 -0.2 -0.45
2207037 1.5528 100 87.5 -0.2 -0.15
2207037 1.5528 100 87.5 -0.6 -10
2207037 1.5528 100 87.5 -0.6 -0.3
2207037 1.5528 100 87.5 -0.2 -0.3
2207037 1.5528 100 87.5 -0.6 0
2207037 1.5528 100 87.5 -0.2 0
2207037 1.5528 100 87.5 -0.6 0.3
2200759 1.3991 100 87.5 10 0.75
2164977 1.39777 100 87.5 10 0.6
2148358 1.54989 100 87.5 -1 0.6
2074385 1.54605 100 87.5 -0.2 0.6
2074385 1.54605 100 87.5 -0.6 0.6
2057184 1.79425 100 87.5 10 1.8
1985133 1.45622 60 45 10 2.25
1985133 1.45622 60 55 10 2.25
1985133 1.45622 60 0 10 2.25
1970852 1.54127 100 87.5 1 0
1970852 1.54127 100 87.5 1 0.3
1970852 1.54127 100 87.5 1 -10
1932944 1.38913 100 87.5 10 -10
1932944 1.38913 100 87.5 10 0.3
1932944 1.38913 100 87.5 10 0
1917223 1.45451 60 65 10 2.25
1870165 1.17468 100 85 -1 -0.3
1870165 1.17468 100 85 -1 -0.45
1870165 1.17468 100 85 -1 0.3
1870165 1.17468 100 85 -1 -0.15
1870165 1.17468 100 85 -1 -10
1870165 1.17468 100 85 -1 0
1829342 1.58351 15 62.5 10 0.6
1812336 1.39507 24 70 10 0.6
1799682 1.18154 100 85 -1 0.6
1790960 1.1727 100 85 -0.2 0.3
1790960 1.1727 100 85 -0.6 -0.45
1790960 1.1727 100 85 1 0.45
1790960 1.1727 100 85 -0.6 -0.3
1790960 1.1727 100 85 -0.6 0
1790960 1.1727 100 85 -0.2 0.6
1790960 1.1727 100 85 -0.6 0.3
1790960 1.1727 100 85 -0.6 -0.15
1790960 1.1727 100 85 -0.2 0.45
1790960 1.1727 100 85 -0.6 -10
1790960 1.1727 100 85 1 0.6
1786173 1.30167 100 55 10 2.25
1786173 1.30167 100 45 10 2.25
1786173 1.30167 100 0 10 2.25
1744391 1.40847 15 55 10 0.6
1733335 1.23474 60 85 -1 -10
1733335 1.23474 60 85 -1 0
1733335 1.23474 60 85 -1 0.3
1733335 1.23474 60 85 -1 -0.15
1733335 1.23474 60 85 -1 -0.45
1733335 1.23474 60 85 -1 -0.3
1725088 1.30054 100 65 10 2.25
1723272 1.17942 100 85 -0.6 0.6
1721089 1.69414 48 55 10 2.25
1721089 1.69414 48 45 10 2.25
1721089 1.69414 48 0 10 2.25
1711172 1.14739 100 85 10 0.45
1711172 1.14739 100 85 10 0.6
1705548 1.4882 15 60 10 0.6
1702351 1.5201 60 75 10 2.25
1698829 1.378 48 65 10 1.8
1693163 1.48084 15 62.5 10 0.45
1691526 1.48518 15 57.5 10 0.6
1674299 1.3876 24 70 10 0.45
1674299 1.3876 24 70 10 0.3
1669277 1.095 48 65 10 1.2
1668123 1.24707 60 85 -1 0.6
1664144 1.36028 36 65 10 1.65
1662383 1.65687 60 87.5 -1 0
1662383 1.65687 60 87.5 -1 0.3
1662383 1.65687 60 87.5 -1 -10
1662383 1.65687 60 87.5 -1 -0.45
1662383 1.65687 60 87.5 1 0.9
1662383 1.65687 60 87.5 -1 -0.15
1662383 1.65687 60 87.5 -1 -0.3
1662187 1.68854 48 65 10 2.25
1660007 1.2323 60 85 1 0.6
1660007 1.2323 60 85 -0.2 0.6
1660007 1.2323 60 85 -0.6 0
1660007 1.2323 60 85 -0.6 -10
1660007 1.2323 60 85 -0.6 0.3
1660007 1.2323 60 85 -0.6 -0.3
1660007 1.2323 60 85 -0.2 0.45
1660007 1.2323 60 85 -0.2 0.3
1660007 1.2323 60 85 1 0.45
1660007 1.2323 60 85 -0.6 -0.15
1660007 1.2323 60 85 -0.6 -0.45
1654779 1.57451 36 65 10 1.8
1635614 1.46552 36 55 1.4 1.35
1635614 1.46552 36 0 1.4 1.35
1634496 1.39323 15 45 10 0.6
1631575 1.65421 60 87.5 1 0.75
1630580 1.43961 60 87.5 10 0.9
1630010 1.16543 48 80 1 0.45
1630010 1.16543 48 80 1 0.6
1630010 1.16543 48 80 0.6 0.6
1630010 1.16543 48 80 0.6 0.45
1617204 1.16839 100 85 1 0
1617204 1.16839 100 85 1 0.15
1617204 1.16839 100 85 1 -10
1617204 1.16839 100 85 1 0.3
1614403 1.35589 15 55 10 0.45
1613278 1.1718 36 70 1.4 0.75
1607315 1.16814 100 85 -0.2 0
1607315 1.16814 100 85 -0.2 -10
1607315 1.16814 100 85 -0.2 0.15
1604973 1.65193 60 87.5 -0.6 0.3
1604973 1.65193 60 87.5 -0.6 -0.45
1604973 1.65193 60 87.5 -0.2 -10
1604973 1.65193 60 87.5 -0.6 -10
1604973 1.65193 60 87.5 -0.2 -0.3
1604973 1.65193 60 87.5 1 0.6
1604973 1.65193 60 87.5 -0.2 -0.15
1604973 1.65193 60 87.5 -0.2 0
1604973 1.65193 60 87.5 -0.6 0
1604973 1.65193 60 87.5 -0.2 -0.45
1604973 1.65193 60 87.5 -0.6 -0.3
1604973 1.65193 60 87.5 -0.2 0.3
1604973 1.65193 60 87.5 -0.6 -0.15
1600381 1.43775 60 87.5 10 0.75
1597219 1.24442 60 85 -0.6 0.6
1594704 1.54076 100 87.5 1 1.05
1594704 1.54076 100 87.5 1 1.2
1586047 1.19298 60 85 10 0.6
1586047 1.19298 60 85 10 0.45
1582471 1.35428 21 60 10 0.45
1580889 1.37715 24 67.5 10 0.6
1578592 1.40752 15 60 10 0.45
1574333 1.43615 60 87.5 10 0.6
1570136 1.35349 21 60 10 0.6
1568471 1.38269 36 70 10 1.65
1566119 1.35334 21 60 10 0.3
1565582 1.40485 15 57.5 10 0.45
1564728 1.18799 100 65 10 1.8
1564286 1.40473 100 87.5 10 1.2
1564286 1.40473 100 87.5 10 1.05
1562307 1.64818 60 87.5 -1 0.6
1560770 1.37188 48 55 10 1.8
1559798 1.62473 36 70 10 1.8
1553150 1.40681 18 65 1.4 0.45
1552413 1.55826 15 65 10 0.6
1552196 1.1604 48 80 1.4 0.6
1552196 1.1604 48 80 1.4 0.45
1550564 1.34546 15 45 10 0.45
1545156 1.14361 100 85 10 0.3
1545156 1.14361 100 85 10 0
1545156 1.14361 100 85 10 -10
1545156 1.14361 100 85 10 0.15
1539055 1.49977 48 75 10 1.8
1536016 1.1399 48 65 0.6 1.2
1534424 1.37715 15 0 10 0.6
1532962 1.37845 24 70 10 0.15
1532927 1.24466 36 65 10 1.35
1531765 1.32475 100 75 10 2.25
1530109 1.37089 48 0 10 1.8
1530109 1.37089 48 45 10 1.8
1525828 1.17062 100 85 1 0.9
1525828 1.17062 100 85 -0.2 0.9
1520299 1.56617 36 55 10 1.8
1518529 1.1117 48 75 -1 0.6
1518045 1.77315 48 70 10 2.25
1516541 1.9852 60 90 10 0
1516541 1.9852 100 90 10 0.3
1516541 1.9852 100 90 10 -0.3
1516541 1.9852 100 90 10 -0.15
1516541 1.9852 60 90 10 0.3
1516541 1.9852 100 90 10 0
1516541 1.9852 100 90 10 -0.45
1516541 1.9852 100 90 10 -10
1516541 1.9852 60 90 10 -10
1516541 1.9852 60 90 10 -0.45
1516541 1.9852 60 90 10 -0.3
1516541 1.9852 60 90 10 -0.15
1510067 1.3499 24 60 10 0.6
1508511 1.64326 60 87.5 -0.2 0.6
1508511 1.64326 60 87.5 -0.6 0.6
1504486 1.32883 24 60 10 0.3
1500793 1.46362 48 65 10 1.95
1500667 1.16347 36 65 10 1.2
1499808 1.35757 18 60 10 0.45
1499808 1.35757 18 60 10 0.3
1498943 1.22697 60 85 1 -10
1498943 1.22697 60 85 1 0.15
1498943 1.22697 60 85 1 0.3
1498943 1.22697 60 85 1 0
1498741 1.53296 100 87.5 -1 1.2
1498741 1.53296 100 87.5 -0.6 1.2
1498741 1.53296 100 87.5 -0.2 1.2
1495964 1.99038 60 87.5 10 1.8
1495143 1.3432 24 65 10 0.6
1490416 1.56482 36 45 10 1.8
1490416 1.56482 36 0 10 1.8
1489713 1.22667 60 85 -0.2 -10
1489713 1.22667 60 85 -0.2 0.15
1489713 1.22667 60 85 -0.2 0
1488042 1.35664 18 60 10 0.6
1484226 1.1625 48 80 0.6 0.3
1484226 1.1625 48 80 1 0.3
1483798 1.10699 48 75 -0.6 0.6
1475937 1.89721 48 75 10 2.25
1475065 1.16232 48 80 0.6 0.15
1475065 1.16232 48 80 0.6 0
1475065 1.16232 48 80 1 0
1475065 1.16232 48 80 1 0.15
1475065 1.16232 48 80 1 -10
1475065 1.16232 48 80 0.6 -10
1474499 1.35488 18 57.5 10 0.45
1474499 1.35488 18 57.5 10 0.3
1473471 1.35784 18 62.5 1.4 0.45
1473243 1.11075 36 70 10 0.6
1467130 1.36132 18 60 1.4 0.45
1466017 1.11906 48 65 1.4 1.2
1465641 1.1447 48 65 -0.6 1.2
1464951 1.09434 48 70 1 0.75
1462831 1.35395 18 57.5 10 0.6
1462104 1.46092 15 65 10 0.45
1460612 1.36969 24 67.5 10 0.3
1460612 1.36969 24 67.5 10 0.45
1459104 1.60554 48 75 10 1.95
1457867 1.14448 100 85 10 0.9
1455630 1.33085 15 0 10 0.45
1448020 1.30649 21 65 10 0.45
1447915 1.31304 21 65 1.4 0.45
1447599 1.10677 60 80 -1 0.15
1447599 1.10677 60 80 -1 0
1447599 1.10677 60 80 -1 0.45
1447599 1.10677 60 80 -1 -10
1447599 1.10677 60 80 -1 0.3
1447599 1.10677 60 80 -1 0.6
1446409 1.24246 36 65 1.4 1.2
1444665 1.32715 21 57.5 10 0.45
1441752 1.34206 15 55 10 0.3
1439396 1.08278 48 65 0.6 0.75
1437592 1.18483 100 55 10 1.8
1436685 1.30564 21 65 10 0.6
1433370 1.32642 21 57.5 10 0.6
1433229 1.63711 60 87.5 1 0.3
1433229 1.63711 60 87.5 1 -10
1433229 1.63711 60 87.5 1 0
1432992 1.30547 21 65 10 0.3
1432652 1.37234 24 70 10 -10
1432652 1.37234 24 70 10 0
1432095 1.18845 60 85 10 0.3
1432095 1.18845 60 85 10 0.15
1432095 1.18845 60 85 10 0
1432095 1.18845 60 85 10 -10
1429614 1.32627 21 57.5 10 0.3
1429253 1.345 18 45 10 0.45
1428486 1.10584 48 75 -1 0.15
1428486 1.10584 48 75 -1 0
1428486 1.10584 48 75 -1 -10
1422773 1.66906 48 75 10 2.1
1420929 1.08865 100 80 -1 0.15
1420929 1.08865 100 80 -1 0
1420929 1.08865 100 80 -1 0.45
1420929 1.08865 100 80 -1 0.3
1420929 1.08865 100 80 -1 -10
1420929 1.08865 100 80 -1 0.6
1419883 1.40092 36 75 10 1.65
1417564 1.21606 100 75 10 1.8
1417203 1.39554 18 65 1.4 0.3
1416069 1.3107 21 62.5 1.4 0.45
1414252 1.23343 60 85 1 0.9
1414252 1.23343 60 85 -0.2 0.9
1413376 1.15747 48 80 1.4 0.3
1411724 1.12579 48 80 10 0.6
1411724 1.12579 48 80 10 0.45
1410362 1.35671 18 0 1 0.3
1409907 1.31226 21 60 1.4 0.45
1409736 1.39062 15 60 10 0.3
1409296 1.18432 100 45 10 1.8
1409296 1.18432 100 0 10 1.8
1409005 1.09321 48 70 0.6 0.75
1407378 1.35553 18 45 1.2 0.3
1406189 1.34378 24 60 10 0.45
1405654 1.42578 60 87.5 10 0.3
1405654 1.42578 60 87.5 10 -10
1405654 1.42578 60 87.5 10 0
1405353 1.1048 48 75 1 0.6
1404651 1.15728 48 80 1.4 0
1404651 1.15728 48 80 1.4 -10
1404651 1.15728 48 80 1.4 0.15
1399865 1.10507 48 75 -1 0.3
1399865 1.10507 48 75 -1 0.45
1398167 1.38795 15 57.5 10 0.3
1395121 1.47027 100 85 1 1.8
1395121 1.47027 100 85 -0.2 1.8
1393597 1.10595 60 80 -0.6 -10
1393597 1.10595 60 80 -0.6 0
1393597 1.10595 60 80 -0.6 0.6
1393597 1.10595 60 80 -0.6 0.3
1393597 1.10595 60 80 -0.6 0.45
1393597 1.10595 60 80 -0.6 0.15
1392259 1.33709 24 65 10 0.3
1392259 1.33709 24 65 10 0.45
1389374 1.106 60 80 -0.2 0.6
1389374 1.106 60 80 -0.2 0.3
1389374 1.106 60 80 -0.2 0.45
1386155 1.16705 36 80 10 0.6
1386155 1.16705 36 80 10 0.45
1385860 1.39112 48 70 10 1.8
1383379 1.34131 18 45 10 0.6
1378829 1.45598 48 45 10 1.95
1378829 1.45598 48 55 10 1.95
1378829 1.45598 48 0 10 1.95
1378535 1.10423 48 75 -0.2 0.6
1375966 1.30177 21 62.5 10 0.45
1375478 1.13703 48 77.5 -1 0
1375478 1.13703 48 77.5 -1 -10
1375478 1.13703 48 77.5 -1 0.3
1375478 1.13703 48 77.5 -1 0.45
1375478 1.13703 48 77.5 -1 0.15
1375478 1.13703 48 77.5 -1 0.6
1369481 1.44806 15 62.5 10 0.3
1369481 1.44806 15 65 10 0.3
1367891 1.10073 48 75 -0.6 0.3
1367891 1.10073 48 75 -0.6 0.45
1367866 1.08797 100 80 -0.6 0.3
1367866 1.08797 100 80 -0.6 0.6
1367866 1.08797 100 80 -0.6 0.15
1367866 1.08797 100 80 -0.6 0
1367866 1.08797 100 80 -0.6 -10
1367866 1.08797 100 80 -0.6 0.45
1367563 1.52435 48 65 10 2.1
1365837 1.70831 36 75 10 1.8
1365173 1.30092 21 62.5 10 0.6
1363763 1.08801 100 80 -0.2 0.3
1363763 1.08801 100 80 -0.2 0.6
1363763 1.08801 100 80 -0.2 0.45
1362795 1.38142 18 65 10 0.3
1362795 1.38142 18 65 10 0.45
1361645 1.30075 21 62.5 10 0.3
1359275 1.34642 18 60 10 0.15
1352032 1.38029 18 65 10 0.6
1351390 1.35011 18 0 1.4 0.45
1351243 1.19186 60 85 10 0.9
1345208 1.35175 18 60 1.4 0.3
1342395 1.13804 36 70 1.4 0.6
1338454 1.30588 21 45 1.2 0.3
1336522 1.15015 36 65 0.6 0.75
1336351 1.34373 18 57.5 10 0.15
1335188 1.3397 18 45 10 0.3
1334586 1.34683 18 62.5 1.4 0.3
1332928 1.42087 100 85 10 1.8
1327091 1.35758 18 0 10 0.75
1326528 1.52079 48 0 10 2.1
1326528 1.52079 48 55 10 2.1
1326528 1.52079 48 45 10 2.1
1318369 1.96584 18 45 10 1.2
1318250 1.5267 15 62.5 1.4 0.45
1316826 1.34725 18 0 1.4 0.3
1309709 1.13032 48 45 0.4 1.2
1309709 1.13032 48 55 0.6 1.2
1309709 1.13032 48 0 0.6 1.2
1309054 1.43996 18 65 1 0.45
1307493 1.30271 21 65 1.4 0.3
1307197 1.44658 15 60 1.4 0.45
1306707 1.33091 15 55 10 0.15
1305514 1.24541 100 75 10 1.95
1304720 1.34839 18 45 0.8 0.3
1300992 1.30178 24 65 1.4 0.45
1298818 1.43869 18 65 1 0.6
1298642 1.30289 21 0 1.4 0.45
1298571 1.09049 48 70 1.4 0.75
1298282 1.34704 18 55 1.4 0.3
1298282 1.34704 18 55 1.4 0.45
1296885 1.06368 48 70 10 0.6
1295573 1.09861 48 75 1 0.45
1294226 1.19299 48 65 -0.6 1.35
1293589 1.32537 15 45 10 0.3
1293040 1.83751 60 85 1 1.8
1293040 1.83751 60 85 -0.2 1.8
1290513 1.24241 60 65 10 1.8
1289458 1.44328 15 57.5 1.4 0.45
1288258 1.21661 100 65 10 1.95
1288233 1.26488 100 75 10 2.1
1285452 1.1234 48 80 10 0.3
1284510 1.38245 18 65 1.4 0.15
1282028 1.13765 48 45 -0.8 1.2
1280667 1.54078 15 55 10 0.9
1279295 1.30246 21 60 1.4 0.3
1277704 1.37753 15 60 10 0.15
1277605 1.12325 48 80 10 -10
1277605 1.12325 48 80 10 0
1277605 1.12325 48 80 10 0.15
1270878 1.09806 48 75 -0.2 0.45
1270345 1.45717 12 55 10 0
1269166 1.29957 21 62.5 1.4 0.3
1268675 1.30211 21 0 1 0.3
1267187 1.37486 15 57.5 10 0.15
1266899 1.301 24 60 1.4 0.45
1262223 1.16398 36 80 10 0.3
1261372 1.34389 18 57.5 1.4 0.45
1261372 1.34389 18 57.5 1.4 0.3
1257399 1.10372 60 80 -0.2 0.15
1257399 1.10372 60 80 -0.2 -10
1257399 1.10372 60 80 -0.2 0
1256245 1.3319 18 62.5 10 0.3
1256245 1.3319 18 62.5 10 0.45
1254549 1.16379 36 80 10 0.15
1254549 1.16379 36 80 10 0
1254549 1.16379 36 80 10 -10
1249662 1.13473 48 0 -0.6 1.2
1249662 1.13473 48 55 -0.6 1.2
1248109 1.44899 12 0 10 0.15
1247596 1.29971 21 55 1.4 0.45
1246345 1.33088 18 62.5 10 0.6
1245204 1.90546 18 0 10 1.2
1244418 1.3418 18 55 1 0.15
1243653 1.78087 15 62.5 1 0.6
1243265 1.17397 48 65 1.4 1.35
1242702 1.27915 24 60 1.4 0.3
1242608 1.47431 48 70 10 1.95
1241921 1.38174 18 62.5 1 0.45
1241178 1.43334 15 62.5 10 0.15
1241178 1.43334 15 65 10 0.15
1240786 1.29983 21 45 0.8 0.3
1239334 1.28031 24 45 0.8 0.3
1239284 1.28443 21 45 10 0.45
1238228 1.45336 12 55 10 -0.15
1236351 1.45094 12 60 10 0
1235856 1.7778 15 62.5 0.6 0.6
1235510 1.38606 15 55 1.4 0.45
1235413 1.64374 60 85 10 1.8
1235097 1.36833 18 65 10 0.15
1234614 1.2986 21 55 1.4 0.3
1234389 1.123 48 65 1 1.2
1234228 1.08611 100 80 -0.2 -10
1234228 1.08611 100 80 -0.2 0
1234228 1.08611 100 80 -0.2 0.15
1233901 1.52656 15 45 10 0.9
1233241 1.57093 48 70 10 2.1
1232170 1.38061 18 62.5 1 0.6
1230737 1.12237 48 45 0.8 1.2
1227769 1.4261 18 65 1.4 0.6
1224180 1.59643 15 57.5 10 0.9
1224178 1.09583 48 75 -0.6 0.15
1224178 1.09583 48 75 -0.6 -10
1224178 1.09583 48 75 -0.6 0
1220367 1.32889 21 65 1 0.45
1219826 1.38335 15 0 1.4 0.45
1219232 1.33949 18 60 1.4 0.15
1216834 1.42923 18 65 0.6 0.45
1215901 1.44133 12 45 10 0.15
1214863 1.09568 48 75 1 0.15
1214863 1.09568 48 75 1 0
1214863 1.09568 48 75 1 -10
1214389 1.31075 15 0 10 0.3
1214158 1.29981 18 55 10 0.45
1214158 1.29981 18 55 10 0.3
1212111 1.29684 21 57.5 1.4 0.45
1210794 1.32788 21 65 1 0.6
1209574 1.33456 18 62.5 1.4 0.15
1209034 1.33864 18 57.5 1 0.15
1207325 1.32317 15 55 10 0
1207312 1.42795 18 65 0.6 0.6
1205161 1.44712 12 60 10 -0.15
1204900 1.33828 18 0 1 0.15
1204620 1.29896 18 55 10 0.6
1201686 1.1748 100 85 1 1.2
1201686 1.1748 100 85 -0.2 1.2
1199686 1.44891 12 55 10 -0.3
1199576 1.29573 21 57.5 1.4 0.3
1199568 1.28171 21 45 10 0.6
1197944 1.4461 24 70 10 0.9
1196561 1.33944 60 75 10 1.95
1195403 1.44077 12 62.5 10 0
1194513 1.42897 18 65 1 0.3
1193907 1.28311 36 65 10 1.5
1193672 1.58622 15 60 10 0.9
1193440 1.3262 21 62.5 1 0.45
1192566 1.77664 48 77.5 10 1.95
1192053 1.44041 12 57.5 10 0
1190462 1.09493 48 75 1 0.3
1189450 1.29301 21 55 10 0.45
1189060 1.30236 21 60 10 0.15
1187962 1.23918 100 65 10 2.1
1187167 1.29256 24 65 1.4 0.3
1186303 1.33565 18 45 1.2 0.15
1185804 1.43839 12 65 10 0
1185642 1.23825 60 55 10 1.8
1185183 1.09427 48 65 0.6 0.9
1184375 1.29391 21 0 1.4 0.3
1184165 1.32518 21 62.5 1 0.6
1183568 1.21294 100 0 10 1.95
1183568 1.21294 100 45 10 1.95
1183568 1.21294 100 55 10 1.95
1183172 1.43807 12 65 10 -0.3
1183172 1.43807 12 65 10 -10
1183172 1.43807 12 65 10 -0.45
1181371 1.33033 18 0 10 0.6
1180704 1.3807 60 75 10 2.1
1180470 1.36604 15 60 10 0
1180111 1.29234 21 55 10 0.6
1177492 1.32445 24 65 1 0.6
1177206 1.2922 21 55 10 0.3
1176705 1.33478 18 55 1.4 0.15
1176394 1.27993 24 45 10 0.6
1173457 1.37477 18 60 1 0.45
1172716 1.09438 48 75 -0.2 -10
1172716 1.09438 48 75 -0.2 0.15
1172716 1.09438 48 75 -0.2 0
1172348 1.27545 24 0 1 0.3
1170735 1.36336 15 57.5 10 0
1170253 1.61129 15 57.5 1 0.6
1170253 1.61129 15 60 1 0.6
1169829 1.27335 24 45 1.2 0.3
1169138 1.29545 60 75 10 1.8
1167727 1.43616 12 65 10 -0.15
1167689 1.44267 12 60 10 -0.3
1165232 1.43696 12 62.5 10 -0.15
1164859 1.36942 18 62.5 1.4 0.6
1164218 1.37364 18 57.5 1 0.6
1164218 1.37364 18 60 1 0.6
1163080 1.1939 36 70 1.4 0.9
1162915 1.60873 15 60 0.6 0.6
1162915 1.60873 15 57.5 0.6 0.6
1162316 1.23757 60 45 10 1.8
1162316 1.23757 60 0 10 1.8
1162212 1.07347 48 65 1 0.75
1161981 1.4366 12 57.5 10 -0.15
1161431 1.05757 48 70 10 -10
1161431 1.05757 48 70 10 0
1160252 1.61426 15 62.5 1 0.45
1159787 1.37354 18 60 1.4 0.6
1159654 1.65239 60 87.5 1 1.2
1159654 1.65239 60 87.5 1 1.05
1158358 1.50359 15 0 10 0.9
1156766 1.97905 18 55 10 1.2
1156474 1.18367 100 85 -0.6 1.2
1156474 1.18367 100 85 -1 1.2
1154520 1.3722 18 62.5 0.6 0.45
1152979 1.6117 15 62.5 0.6 0.45
1152348 1.23818 100 45 10 2.1
1152348 1.23818 100 0 10 2.1
1152348 1.23818 100 55 10 2.1
1151692 1.27293 100 80 -0.2 1.8
1151389 1.50558 15 65 1.4 0.45
1150816 1.08162 60 75 -1 0.6
1149907 1.17045 48 45 1.2 1.35
1149907 1.17045 48 45 0.4 1.35
1149400 1.44413 24 67.5 10 0.9
1149163 1.09364 48 75 -0.2 0.3
1148271 1.15578 100 85 10 1.2
1147712 1.88732 48 77.5 10 2.1
1146764 1.42041 15 65 10 0
1146764 1.42041 15 65 10 -10
1146764 1.42041 15 62.5 10 0
1145656 1.27965 21 45 10 0.3
1145445 1.2011 36 45 0.8 1.2
1145384 1.37107 18 62.5 0.6 0.6
1144574 1.31909 21 65 1.4 0.6
1144084 1.3706 18 57.5 1.4 0.6
1143274 1.33163 18 57.5 1.4 0.15
1141942 1.12712 48 77.5 -0.6 0.15
1141942 1.12712 48 77.5 -0.6 -10
1141942 1.12712 48 77.5 -0.6 0.6
1141942 1.12712 48 77.5 -0.6 0
1141942 1.12712 48 77.5 -0.6 0.45
1141942 1.12712 48 77.5 -0.6 0.3
1140821 1.39971 21 60 10 0.9
1138581 1.31964 18 62.5 10 0.15
1137724 1.27198 24 55 1.4 0.3
1137542 1.44893 60 87.5 10 1.2
1137542 1.44893 60 87.5 10 1.05
1135084 1.28922 24 55 10 0.6
1134872 1.73923 15 62.5 1.4 0.6
1134413 1.32031 21 65 0.6 0.45
1130790 1.27511 24 55 10 0.3
1130459 1.1234 60 65 1 1.35
1129514 1.08929 48 65 1 0.9
1128943 1.4325 12 62.5 10 -0.3
1127692 1.31993 21 60 1 0.45
1126006 1.09439 36 70 10 0
1126006 1.09439 36 70 10 -10
1125851 1.43214 12 57.5 10 -0.3
1125515 1.31929 24 65 0.6 0.6
1125515 1.31929 21 65 0.6 0.6
1125432 1.3244 18 45 10 0.15
1125357 1.59787 15 60 1.4 0.6
1124908 1.32882 18 0 1.4 0.15
1124826 1.37113 18 62.5 1 0.3
1124424 1.07903 60 75 -0.6 0.6
1123235 1.59029 12 55 10 0.6
1122886 1.27668 24 45 10 0.45
1122340 1.26511 24 45 10 0.3
1122243 1.29718 36 70 10 1.5
1121176 1.50403 15 0 1 0.6
1121176 1.50403 15 55 1 0.6
1121176 1.50403 15 45 0.8 0.6
1119384 1.3164 21 62.5 1.4 0.6
1118854 1.26294 60 65 10 1.95
1118784 1.31891 21 60 1 0.6
1118784 1.31891 21 57.5 1 0.6
1115644 1.39158 24 65 10 0.9
1114607 1.31835 21 60 1.4 0.6
1114463 1.32688 18 60 10 0
1114146 1.50185 15 45 0.4 0.6
1114146 1.50185 15 55 0.6 0.6
1114146 1.50185 15 0 0.6 0.6
1113807 1.24776 60 85 1 1.2
1113807 1.24776 60 85 -0.2 1.2
1113186 1.31567 24 65 1.4 0.6
1113127 1.07805 48 75 10 0.6
1110321 1.41823 18 65 0.6 0.3
1110033 1.59346 15 57.5 1.4 0.6
1109683 1.36917 18 0 1 0.45
1109506 1.31761 21 62.5 0.6 0.45
1107653 1.58447 12 55 10 0.3
1107338 1.36786 18 45 1.2 0.45
1103545 1.18042 48 0 -0.6 1.35
1103545 1.18042 48 55 -0.6 1.35
1102023 1.31888 21 65 1 0.3
1101948 1.38475 48 45 0.4 1.65
1101948 1.38475 48 45 1.2 1.65
1101037 1.36804 18 0 1 0.6
1100788 1.31659 21 62.5 0.6 0.6
1100584 1.25741 36 70 10 1.35
1100380 1.28959 18 55 10 0.15
1099637 1.32851 18 45 0.8 0.15
1099527 1.31617 21 57.5 1.4 0.6
1098686 1.36673 18 45 1.2 0.6
1098618 1.29627 21 60 10 0
1097097 1.39545 24 60 10 0.9
1096566 1.31651 24 65 1 0.45
1095895 1.09194 48 70 -0.6 0.75
1095671 1.32419 18 57.5 10 0
1094492 1.26859 24 0 1.4 0.3
1093846 1.11053 48 65 10 1.5
1093305 1.16659 48 80 1 0.9
1093305 1.16659 48 80 0.6 0.9
1091836 1.31071 24 67.5 10 0.15
1091810 1.49231 15 60 1 0.45
1091810 1.49231 15 57.5 1 0.45
1090806 1.36523 18 60 0.6 0.45
1090393 1.3073 15 45 10 0.15
1089890 1.642 60 87.5 -1 1.2
1089890 1.642 60 87.5 -0.6 1.2
1089890 1.642 60 87.5 -0.2 1.2
1088730 1.42959 60 80 -0.2 1.8
1088520 1.1167 36 70 1.4 0.3
1088123 1.31549 24 60 1 0.6
1088021 1.25675 21 65 10 0.15
1086243 1.36707 21 57.5 10 0.9
1086225 1.7603 15 65 1 0.6
1085557 1.07999 100 80 1 0.45
1085557 1.07999 100 80 1 0.6
1085435 1.28107 21 57.5 10 0.15
1084964 1.49012 15 57.5 0.6 0.45
1084964 1.49012 15 60 0.6 0.45
1084845 1.12861 60 65 -0.6 1.35
1084215 1.3861 12 55 10 -10
1084013 1.31493 24 60 1.4 0.6
1082635 1.07779 60 75 -1 0
1082635 1.07779 60 75 -1 -10
1082635 1.07779 60 75 -1 0.15
1082584 1.41424 18 65 1 0.15
1082138 1.3641 18 60 0.6 0.6
1082138 1.3641 18 57.5 0.6 0.6
1082087 1.50781 18 0 10 1.05
1081418 1.07287 48 70 1 0.6
1079416 1.75724 15 65 0.6 0.6
1078068 1.57616 12 60 10 0.3
1077323 1.10182 48 70 1 0.9
1076244 1.22966 36 65 1 1.2
1075959 1.12017 48 77.5 1 0.6
1075856 1.36556 18 60 1 0.3
1075639 1.57152 15 65 10 0.9
1075282 1.35824 18 57.5 10 0.9
1072027 1.35134 21 65 10 0.9
1071900 1.26498 60 85 -1 1.2
1071900 1.26498 60 85 -0.6 1.2
1071841 1.10759 48 75 10 1.2
1070495 1.08972 100 55 1 1.35
1070495 1.08972 100 0 1 1.35
1070495 1.08972 100 45 1.2 1.35
1070495 1.08972 100 0 0.6 1.35
1070495 1.08972 100 45 0.4 1.35
1070495 1.08972 100 55 0.6 1.35
1070495 1.08972 100 45 0.8 1.35
1070351 1.41562 15 60 1.4 0.3
1069773 1.31543 21 62.5 1 0.3
1067965 1.48925 15 45 1.2 0.6
1066452 1.31489 21 0 1 0.45
1066259 1.48924 15 62.5 1.4 0.3
1066259 1.48924 15 65 1.4 0.3
1065635 1.56987 12 65 10 0.6
1065635 1.56987 12 60 10 0.6
1065635 1.56987 12 57.5 10 0.6
1065635 1.56987 12 62.5 10 0.6
1065009 1.07706 60 75 1 0.6
1064266 1.2114 60 85 10 1.2
1064172 1.31324 21 45 1.2 0.45
1063572 1.48875 15 55 1.4 0.6
1063387 1.28371 24 55 1.4 0.45
1062067 1.56641 15 62.5 10 0.9
1060891 1.07718 60 75 -1 0.3
1060891 1.07718 60 75 -1 0.45
1060082 1.16186 48 55 1.4 1.35
1060082 1.16186 48 0 1.4 1.35
1060074 1.36715 15 45 0.8 0.3
1058022 1.31387 21 0 1 0.6
1057905 1.11971 48 77.5 1 0.45
1057665 1.5357 48 55 -0.6 1.65
1057665 1.5357 48 0 -0.6 1.65
1057665 1.5357 48 65 -0.6 1.65
1056964 1.28392 24 55 10 0.45
1056885 1.41727 15 57.5 1 0.15
1055829 1.31223 21 45 1.2 0.6
1055797 1.41231 15 57.5 1.4 0.3
1053823 1.12884 48 75 -1 0.9
1053230 1.17047 36 65 0.6 0.9
1053114 1.35654 18 65 1.4 0
1053114 1.35654 18 65 1.4 -10
1052579 1.36387 18 55 1 0.3
1052579 1.36387 18 55 1 0.45
1052548 1.11382 48 0 1 1.2
1052548 1.11382 48 55 1 1.2
1052257 1.12356 48 77.5 -0.2 0.6
1052186 1.35911 18 0 1.4 0.6
1051627 1.57814 12 45 10 0.6
1051627 1.57814 12 0 10 0.6
1050750 1.29494 15 0 10 0.15
1049907 1.28188 24 0 1.4 0.45
1049693 1.2429 21 45 1.2 0.15
1048485 1.35575 18 60 10 0.9
1048200 1.31134 21 60 0.6 0.45
1048043 1.31134 24 65 0.6 0.45
1047025 1.07431 48 75 10 -10
1047025 1.07431 48 75 10 0
1046920 1.3654 18 45 10 0.9
1045648 1.36159 18 62.5 0.6 0.3
1044717 1.07685 60 75 -0.2 0.6
1044440 1.36261 15 0 1 0.3
1044283 1.36274 18 55 1 0.6
1042266 1.56261 12 62.5 10 0.3
1042124 1.11491 60 65 1.4 1.35
1041113 1.16106 48 80 1.4 0.9
1040499 1.59411 48 77.5 10 1.8
1040108 1.07188 48 70 0.6 0.6
1040000 1.36085 15 45 1.2 0.3
1039974 1.31032 21 60 0.6 0.6
1039974 1.31032 24 60 0.6 0.6
1039974 1.31032 21 57.5 0.6 0.6
1039443 1.56212 12 57.5 10 0.3
1038056 1.36133 18 45 0.8 0.45
1036534 1.07477 60 75 -0.6 0.45
1036534 1.07477 60 75 -0.6 0.3
1036204 1.10115 48 70 0.6 0.9
1036164 1.33332 48 65 1.4 1.65
1036164 1.33332 48 55 1.4 1.65
1036164 1.33332 48 0 1.4 1.65
1034583 1.12308 48 77.5 -0.2 0.45
1034380 1.48119 15 0 1.4 0.6
1033953 1.55943 12 65 10 0.3
1033873 1.25239 21 62.5 10 0.15
1031746 1.30315 60 65 10 2.1
1031548 1.35963 18 0 0.6 0.45
1030032 1.06419 60 65 10 1.2
1029902 1.3602 18 45 0.8 0.6
1029722 1.12226 48 75 -0.6 0.9
1027914 1.25836 60 0 10 1.95
1027914 1.25836 60 55 10 1.95
1027914 1.25836 60 45 10 1.95
1027456 1.06651 48 70 1 0.3
1027306 1.0926 100 55 -0.6 1.35
1027306 1.0926 100 45 -0.8 1.35
1027306 1.0926 100 0 -0.6 1.35
1026369 1.23808 100 75 1 1.8
1026294 1.35969 18 55 1.4 0.6
1026230 1.41698 15 55 1 0.45
1024410 1.31029 21 65 0.6 0.3
1023445 1.3585 18 0 0.6 0.6
1023202 1.31042 21 60 1 0.3
1022717 1.36053 18 57.5 1 0.3
1022717 1.36053 18 57.5 1 0.45
1022695 1.35983 15 55 1.4 0.3
1020882 1.17073 36 70 10 1.2
1020208 1.3203 18 55 1 0
1019796 1.41506 15 55 0.6 0.45
1019428 1.35751 18 62.5 1 0.15
1018897 1.4152 15 0 1 0.45
1018897 1.4152 15 45 0.8 0.45
1017866 1.12895 36 65 1 0.75
1015880 1.29974 36 75 10 1.5
1015164 1.83301 48 55 1 1.8
1015164 1.83301 48 55 0.6 1.8
1015164 1.83301 48 65 1 1.8
1015164 1.83301 48 0 1 1.8
1015164 1.83301 48 0 0.6 1.8
1015164 1.83301 48 45 0.4 1.8
1015164 1.83301 48 45 0.8 1.8
1015164 1.83301 48 45 1.2 1.8
1015164 1.83301 48 65 0.6 1.8
1014360 1.37762 12 55 10 -0.45
1013477 1.23752 100 75 -0.2 1.8
1013199 1.30755 24 60 1 0.45
1012654 1.34242 18 65 10 0
1012654 1.34242 18 65 10 -10
1012509 1.41328 15 45 0.4 0.45
1012509 1.41328 15 0 0.6 0.45
1011553 1.31012 21 55 1 0.45
1011245 1.30677 21 0 1.4 0.6
1010736 1.30559 15 55 10 -10
1008761 1.30416 24 67.5 10 -10
1008761 1.30416 24 67.5 10 0
1008236 1.16224 48 75 -1 1.2
1006332 1.40351 18 65 0.6 0.15
1005860 1.34501 21 62.5 10 0.9
1005362 1.59394 15 65 1 0.45
1005217 1.2502 21 65 10 -10
1005217 1.2502 21 65 10 0
1005105 1.35646 18 0 0.6 0.3
1004761 1.31089 15 60 10 -10
1004255 1.35941 15 55 1 0.15
1003581 1.3091 21 55 1 0.6
1002880 1.27539 21 57.5 10 0
1001034 1.3089 21 55 1 0.3
1000815 1.30207 60 55 10 2.1
1000815 1.30207 60 45 10 2.1
1000815 1.30207 60 0 10 2.1
1000648 1.17618 36 55 1.4 1.2
1000648 1.17618 36 0 1.4 1.2
1000581 1.30772 24 65 1 0.3
1000299 1.06732 100 65 10 1.5
1000134 1.35602 18 60 0.6 0.3
999662 1.318 18 60 1.4 0
999060 1.59139 15 65 0.6 0.45
997771 1.55887 12 0 10 0.45
997771 1.55887 12 45 10 0.45
997562 1.30783 21 45 0.8 0.45
996363 1.25432 36 75 10 1.35
995514 1.29847 15 45 10 0
994976 1.23868 21 0 1 0.15
994428 1.30684 21 62.5 0.6 0.3
993900 1.28505 24 60 1 0.3
993552 1.05705 60 65 0.6 0.75
993118 1.09017 48 70 10 1.2
992727 1.25016 21 65 1.4 0.15
991747 1.31307 18 62.5 1.4 0
991320 1.25024 21 55 1 0.15
991308 1.3063 21 0 0.6 0.45
991291 1.31714 18 57.5 1 0
991155 1.71867 15 65 1.4 0.6
989735 1.30682 24 45 0.8 0.6
989735 1.30682 21 45 0.8 0.6
988602 1.07824 100 80 1 0.3
988488 1.40685 15 45 1.2 0.45
988088 1.0656 48 70 0.6 0.3
988045 1.08734 100 65 1 1.35
988045 1.08734 100 65 0.6 1.35
986873 1.08486 100 55 1.4 1.35
986873 1.08486 100 0 1.4 1.35
986224 1.30636 21 55 1.4 0.6
984412 1.37174 12 60 10 -0.45
984412 1.37174 12 60 10 -10
983875 1.76543 36 77.5 10 1.8
983870 1.35394 15 0 1.4 0.3
983530 1.30529 21 0 0.6 0.6
983530 1.30529 24 0 0.6 0.6
982844 1.30712 21 57.5 1 0.45
982471 1.07813 100 80 1 0.15
982471 1.07813 100 80 1 0
982471 1.07813 100 80 1 -10
981969 1.07285 60 75 1 0.45
979558 1.18741 36 0 1 1.2
979558 1.18741 36 55 1 1.2
978462 1.3933 18 65 10 0.9
978433 1.35433 18 55 0.6 0.3
978433 1.35433 18 55 0.6 0.45
977356 1.06658 48 55 0.6 0.75
977356 1.06658 48 0 0.6 0.75
977073 1.44971 36 77.5 10 1.65
976462 1.40434 15 57.5 1 0
976202 1.31559 18 0 1 0
975294 1.11952 48 75 1 0.9
975191 1.26925 21 0 10 0.6
975077 1.35194 18 60 1 0.15
973206 1.26984 21 0 10 0.45
973166 1.23674 21 45 0.8 0.15
972531 1.30589 21 57.5 1 0.3
971327 1.24722 21 60 1.4 0.15
970816 1.3532 18 55 0.6 0.6
970543 1.1578 36 65 1 0.9
970063 1.40089 15 60 1.4 0.15
968445 1.30238 24 60 0.6 0.45
966383 1.47241 15 65 1.4 0.15
966383 1.47241 15 62.5 1.4 0.15
964683 1.31329 18 55 1.4 0
963696 1.24729 21 62.5 1.4 0.15
963652 1.06305 48 45 0.8 0.75
963229 1.24762 21 57.5 1 0.15
963121 1.07264 60 75 -0.2 0.45
961162 1.31296 18 45 1.2 0
958602 1.07009 48 70 1.4 0.6
958455 1.23543 21 45 1.2 0
957493 1.07459 48 45 10 1.2
957188 1.28601 15 0 10 0
956995 1.35087 15 62.5 10 -10
956909 1.39758 15 57.5 1.4 0.15
956721 1.11881 48 75 -0.2 0.9
956336 1.26748 24 0 10 0.6
956293 1.30255 24 65 0.6 0.3
955148 1.24584 21 62.5 10 0
954561 1.68116 48 55 1.4 1.8
954561 1.68116 48 0 1.4 1.8
954561 1.68116 48 65 1.4 1.8
951841 1.36272 12 57.5 10 -10
951841 1.36272 12 57.5 10 -0.45
951057 1.30183 21 60 0.6 0.3
950588 1.28489 18 60 10 -10
950584 1.35099 18 57.5 0.6 0.3
950584 1.35099 18 57.5 0.6 0.45
950340 1.06283 48 0 1 0.75
950340 1.06283 48 55 1 0.75
950205 1.10046 48 55 1.4 1.2
950205 1.10046 48 0 1.4 1.2
949953 1.28036 24 60 0.6 0.3
949295 1.30296 15 57.5 10 -10
948144 1.09014 100 65 -0.6 1.35
947793 1.09067 60 65 0.6 1.2
947679 1.34796 18 62.5 0.6 0.15
946812 1.12354 48 80 10 0.9
941077 1.34729 18 45 0.4 0.3
940262 1.30153 21 55 0.6 0.45
940241 1.0664 100 80 10 0.6
940241 1.0664 100 80 10 0.45
939287 1.12947 36 77.5 10 0.6
938505 1.57614 15 62.5 1 0.3
937403 1.2444 21 55 1.4 0.15
937264 1.31013 18 57.5 1.4 0
936256 1.09299 48 70 1.4 0.9
936050 1.33245 21 45 10 0.9
935318 1.07896 48 0 0.6 0.9
935318 1.07896 48 55 0.6 0.9
935050 1.21572 100 65 0.6 1.8
935050 1.21572 100 45 0.4 1.8
935050 1.21572 100 45 1.2 1.8
935050 1.21572 100 55 1 1.8
935050 1.21572 100 55 0.6 1.8
935050 1.21572 100 0 0.6 1.8
935050 1.21572 100 65 1 1.8
935050 1.21572 100 45 0.8 1.8
935050 1.21572 100 0 1 1.8
934493 1.28719 21 60 10 -10
933471 1.29814 18 62.5 10 0
933326 1.08627 36 65 10 0.6
933169 1.36049 12 62.5 10 -10
933169 1.36049 12 62.5 10 -0.45
932940 1.30051 21 55 0.6 0.6
932940 1.30051 24 55 0.6 0.6
932622 1.57359 15 62.5 0.6 0.3
931910 1.10259 60 80 -0.2 0.9
931896 1.23322 21 0 1 0
931345 1.11057 36 70 1.4 0
931345 1.11057 36 70 1.4 -10
931001 1.57296 15 65 1 0.3
930554 1.30031 21 55 0.6 0.3
930052 1.15024 48 77.5 -1 0.9
929699 1.16952 36 80 10 0.9
929348 1.27897 24 55 0.6 0.3
928894 1.23303 21 0 1.4 0.15
927857 1.34994 15 55 1 0
927662 1.07087 60 75 -0.6 0.15
927662 1.07087 60 75 -0.6 0
927662 1.07087 60 75 -0.6 -10
926982 1.10231 60 80 -0.6 0.9
926948 1.3462 15 55 1.4 0.15
925797 1.30115 24 55 1 0.6
925797 1.30115 24 0 1 0.6
925163 1.57041 15 65 0.6 0.3
925051 1.28268 24 60 10 0.15
924184 1.24525 100 80 1 1.8
924089 1.16007 36 75 10 1.2
923833 1.29951 24 45 1.2 0.6
923248 1.10692 36 75 10 0.6
922799 1.07799 48 0 1 0.9
922799 1.07799 48 55 1 0.9
922409 1.27956 24 55 1 0.3
921956 1.10204 60 80 -1 0.9
921620 1.29887 24 45 0.8 0.45
920610 1.07052 60 75 1 -10
920610 1.07052 60 75 1 0.15
920610 1.07052 60 75 1 0
918847 1.10917 36 45 10 1.2
918059 1.33 24 45 10 0.9
917143 1.24306 21 65 1.4 0
917143 1.24306 21 65 1.4 -10
916894 1.07774 60 65 10 1.5
916891 1.04951 48 65 10 0.6
916292 1.11654 48 77.5 -0.2 0.3
915892 1.24314 21 55 1 0
915841 1.29734 24 0 0.6 0.45
914734 1.08414 100 80 -0.2 0.9
914264 1.09135 60 80 1 0.45
914264 1.09135 60 80 1 0.6
913617 1.24551 21 62.5 10 -10
913593 1.29853 21 57.5 0.6 0.45
913480 1.09993 36 0 0.6 0.75
913480 1.09993 36 55 0.6 0.75
912382 1.30634 18 0 1.4 0
911837 1.30695 18 45 10 0
910856 1.08254 100 65 1.4 1.35
910793 1.06409 48 70 1.4 0.3
910777 1.24177 21 57.5 1.4 0.15
910770 1.85611 36 80 10 1.8
909906 1.08392 100 80 -0.6 0.9
909829 1.29841 24 55 1.4 0.6
906902 1.09104 48 77.5 10 0.6
906366 1.34239 18 60 0.6 0.15
905694 1.64122 48 80 10 1.8
905535 1.30347 12 0 10 0
905002 1.08369 100 80 -1 0.9
904596 1.07655 60 65 1.4 1.2
904356 1.07355 48 0 10 1.2
904339 1.09284 60 65 -0.6 1.2
904110 1.2972 21 0 0.6 0.3
904105 1.29731 21 57.5 0.6 0.3
903024 1.27615 24 0 0.6 0.3
902214 1.06993 60 75 1 0.3
902160 1.27168 18 55 10 0
900670 1.09269 36 45 0.8 0.75
899835 1.30701 36 55 10 1.65
899704 1.26507 21 0 10 0.3
899055 1.13217 48 75 10 1.5
898557 1.22653 21 45 10 0.15
898072 1.06664 60 65 0.6 0.9
897452 1.24012 21 60 1.4 0
896320 1.38796 15 60 1.4 0
895067 1.29487 21 45 0.4 0.3
894269 1.81053 48 70 1.4 1.8
893996 1.46108 15 57.5 1 0.3
893996 1.46108 15 60 1 0.3
893983 1.27554 24 45 0.4 0.3
893773 1.25195 21 55 10 0.15
893079 1.26293 24 0 10 0.45
892836 1.45763 15 62.5 1.4 0
892836 1.45763 15 65 1.4 -10
892836 1.45763 15 65 1.4 0
892690 1.25222 24 0 10 0.3
892525 1.07201 48 45 -0.8 0.75
890996 1.30583 18 45 0.8 0
890548 1.34177 18 62.5 10 0.9
890331 1.24019 21 62.5 1.4 0
889886 1.24051 21 57.5 1 0
888735 1.34442 15 45 0.8 0.15
888672 1.06972 60 75 -0.2 -10
888672 1.06972 60 75 -0.2 0.15
888672 1.06972 60 75 -0.2 0
888506 1.22927 21 45 0.8 0
888392 1.45889 15 60 0.6 0.3
888392 1.45889 15 57.5 0.6 0.3
888258 1.09238 36 55 1 0.75
888258 1.09238 36 0 1 0.75
887632 1.38509 18 65 1 0
887632 1.38509 18 65 1 -10
887519 1.07744 48 45 0.8 0.9
886815 1.3407 18 55 0.6 0.15
886468 1.09221 36 45 1.2 0.75
885624 1.35278 18 0 10 0.9
884803 1.29405 24 0 1.4 0.6
884139 1.38465 15 57.5 1.4 0
883334 1.30399 18 0 0.6 0
882168 1.29734 12 45 10 0
882164 1.30602 36 0 10 1.65
882164 1.30602 36 45 10 1.65
881879 1.14796 48 75 -0.6 1.2
881249 1.42335 36 55 -0.6 1.35
881249 1.42335 36 45 -0.8 1.35
881249 1.42335 36 0 -0.6 1.35
881023 1.11258 48 70 -0.6 1.05
879234 1.20239 100 55 1.4 1.8
879234 1.20239 100 65 1.4 1.8
879234 1.20239 100 0 1.4 1.8
879117 1.06206 48 70 1 0
879117 1.06206 48 70 1 -10
878378 1.27539 24 65 10 0.15
876277 1.10703 60 45 0.4 1.35
876277 1.10703 60 45 1.2 1.35
876277 1.10703 60 45 0.8 1.35
876277 1.10703 60 55 1 1.35
876277 1.10703 60 0 0.6 1.35
876277 1.10703 60 55 0.6 1.35
876277 1.10703 60 0 1 1.35
875095 1.13929 48 75 1 1.2
874945 1.05073 100 65 10 1.2
874640 1.11184 48 77.5 1 0.3
873540 1.42417 12 45 10 0.3
873540 1.42417 12 0 10 0.3
872360 1.06898 100 45 0.4 1.2
872360 1.06898 100 55 0.6 1.2
872360 1.06898 100 0 0.6 1.2
871854 1.33811 15 45 1.2 0.15
870951 1.22764 21 0 1.4 0
870917 1.06913 60 75 -0.2 0.3
869349 1.11169 48 77.5 1 0
869349 1.11169 48 77.5 1 0.15
869349 1.11169 48 77.5 1 -10
868645 1.22721 24 45 0.8 0.15
868635 1.29257 24 55 0.6 0.45
868608 1.10102 36 75 10 -10
868608 1.10102 36 75 10 0
867940 1.10776 36 0 10 1.2
866083 1.2373 21 55 1.4 0
862128 1.29321 24 0 1 0.45
862128 1.29321 24 55 1 0.45
861629 1.33737 18 57.5 0.6 0.15
860252 1.29156 24 45 1.2 0.45
860230 1.12329 36 65 1.4 0.75
859024 1.09678 48 65 0.6 1.05
858795 1.33762 15 0 1 0.15
858763 1.33576 18 0 0.6 0.15
857837 1.1164 36 0 0.6 0.9
857837 1.1164 36 55 0.6 0.9
856770 1.17562 48 80 1 1.2
856770 1.17562 48 80 0.6 1.2
856423 1.33673 15 55 1.4 0
856211 1.06486 100 80 10 0.3
854611 1.27659 24 60 10 0
854275 1.21988 21 45 1.2 -10
853856 1.07184 100 45 -0.8 1.2
852635 1.273 18 60 1.4 -10
851624 1.23984 21 62.5 1.4 -10
851499 1.13755 48 75 -0.2 1.2
850887 1.06476 100 80 10 0
850887 1.06476 100 80 10 0.15
850887 1.06476 100 80 10 -10
850632 1.5565 15 62.5 1 0.15
849977 1.12661 36 77.5 10 0
849977 1.12661 36 77.5 10 -10
849698 1.07128 48 55 10 1.2
849525 1.39066 15 55 1 0.3
846556 1.38217 60 75 1 1.8
846414 1.26859 18 57.5 10 -10
846366 1.11504 36 55 1 0.9
846366 1.11504 36 0 1 0.9
845521 1.06116 48 70 0.6 -10
845521 1.06116 48 70 0.6 0
845298 1.55395 15 62.5 0.6 0.15
844199 1.38874 15 55 0.6 0.3
843791 1.55333 15 65 1 0.15
843589 1.05919 60 75 10 0.6
843408 1.11428 48 77.5 -0.2 -10
843408 1.11428 48 77.5 -0.2 0
843408 1.11428 48 77.5 -0.2 0.15
843142 1.22497 21 0 0.6 0
841515 1.37833 18 45 0.4 0.6
841505 1.23467 21 57.5 1.4 0
840868 1.11141 60 0 -0.6 1.35
840868 1.11141 60 55 -0.6 1.35
840287 1.1809 48 65 1 1.5
840287 1.1809 48 65 0.6 1.5
838502 1.55078 15 65 0.6 0.15
836745 1.25791 21 65 1 0.15
835923 1.38142 60 75 -0.2 1.8
835832 1.33362 18 62.5 1 0
834084 1.32015 21 55 10 0.9
833668 1.27772 24 60 10 -10
832632 1.08927 60 80 1 0.3
832360 1.07011 100 55 -0.6 1.2
832360 1.07011 100 0 -0.6 1.2
831111 1.24788 18 0 1 -10
830544 1.20335 36 70 1.4 1.05
829626 1.42411 18 65 1.4 0.9
829326 1.27127 18 62.5 1.4 -10
827525 1.08914 60 80 1 -10
827525 1.08914 60 80 1 0
827525 1.08914 60 80 1 0.15
826340 1.09466 48 45 -0.8 1.05
825724 1.24663 21 55 10 0
825522 1.29152 18 55 10 0.9
825174 1.06157 36 55 10 0.6
825054 1.37436 18 65 0.6 0
825054 1.37436 18 65 0.6 -10
823802 1.17227 48 77.5 -1 1.2
822155 1.07686 100 75 10 1.5
821695 1.22272 24 0 1 0.15
820771 1.0889 48 77.5 10 -10
820771 1.0889 48 77.5 10 0
820759 1.24966 15 0 10 -10
820532 1.22082 21 45 10 0
819856 1.22248 24 45 1.2 0.15
819764 1.06566 100 45 0.8 1.2
817246 1.05895 36 45 10 0.6
816652 1.38339 15 45 0.4 0.3
815872 1.16911 48 80 1.4 1.2
815820 1.25757 15 45 10 -10
815661 1.11557 48 70 10 1.5
815583 1.12272 48 70 0.6 1.2
815421 1.10469 36 55 10 1.2
813997 1.11426 36 45 0.8 0.9
812203 1.25478 21 62.5 1 0.15
811564 1.2693 24 65 10 0
811564 1.2693 24 65 10 -10
811390 1.33363 15 45 0.8 0
810274 1.44424 15 60 1 0.15
809041 1.32895 15 0 1.4 0.15
808697 1.318 24 45 0.4 0.6
808697 1.318 21 45 0.4 0.6
808645 1.09757 36 45 0.4 0.75
808519 1.04225 48 55 10 0.6
807830 1.09943 60 0 1.4 1.35
807830 1.09943 60 55 1.4 1.35
806461 1.13998 48 77.5 -0.6 0.9
805194 1.44206 15 57.5 0.6 0.15
805194 1.44206 15 60 0.6 0.15
805151 1.06675 100 65 0.6 1.2
802553 1.22066 24 45 0.8 0
802112 1.31656 24 55 10 0.9
800816 1.04088 48 45 10 0.6
800308 1.2205 100 80 10 1.8
800179 1.1058 48 45 1.2 1.2
799567 1.12864 48 70 -0.6 1.2
799460 1.32805 18 60 1 0
799360 1.244 18 0 0.6 -10
798605 1.08852 60 75 -1 0.9
797593 1.37046 21 65 1.4 0.9
796022 1.32733 15 45 1.2 0
795959 1.05756 100 75 -1 0.6
795706 1.37703 15 0 0.6 0.3
795072 1.20196 36 45 -0.8 1.2
794499 1.21486 21 0 1 -10
793582 1.05651 60 75 10 0
793582 1.05651 60 75 10 -10
793292 1.3252 18 45 0.4 0.15
792248 1.05573 48 65 1 0.6
792042 1.13454 100 75 1 1.65
791897 1.07411 60 80 10 0.6
791897 1.07411 60 80 10 0.45
791896 1.40594 18 70 10 0.6
791896 1.40594 18 70 10 0.45
791873 1.21417 21 45 0.8 -10
791783 1.33268 15 57.5 1 -10
790120 1.09778 48 70 -0.6 0.9
789870 1.20531 48 65 -0.6 1.5
788183 1.08648 48 65 -0.6 0.9
786622 1.21768 24 45 10 0.15
785936 1.24317 18 0 1.4 -10
785903 1.53926 15 62.5 1 0
785038 1.08994 48 65 1 1.05
784952 1.10989 60 80 -1 1.2
784070 1.18254 36 0 0.6 1.2
784070 1.18254 36 45 0.4 1.2
784070 1.18254 36 55 0.6 1.2
783446 1.04463 48 0 1 0
783325 1.2567 36 70 1.4 1.2
782547 1.36582 18 45 1.2 0.9
782098 1.10192 36 65 1 0.6
782094 1.13406 100 75 -0.2 1.65
781792 1.04458 48 45 1.2 0
781514 1.05688 48 65 0.6 0.6
781297 1.36757 18 62.5 1.4 0.9
781297 1.36757 18 55 1.4 0.9
781297 1.36757 18 60 1.4 0.9
781297 1.36757 18 0 1.4 0.9
781297 1.36757 18 57.5 1.4 0.9
781071 1.19495 36 55 10 1.5
780975 1.53671 15 62.5 0.6 0
780730 1.2577 18 62.5 10 -10
780362 1.08523 60 75 -0.6 0.9
779654 1.53609 15 65 1 0
779654 1.53609 15 65 1 -10
779503 1.31998 21 0 10 0.9
779277 1.05975 48 70 1.4 -10
779277 1.05975 48 70 1.4 0
777780 1.2501 21 65 0.6 0.15
777754 1.05585 100 75 -0.6 0.6
777581 1.32587 15 0 1 0
776999 1.32408 18 62.5 0.6 0
776812 1.25022 21 60 1 0.15
776787 1.32845 15 55 1 -10
776303 1.17405 48 65 1.4 1.5
775716 1.36618 24 65 1.4 0.9
775467 1.3644 21 45 1.2 0.9
775363 1.29579 18 0 10 0
775001 1.19702 36 55 -0.6 1.2
775001 1.19702 36 0 -0.6 1.2
774918 1.23083 21 55 1 -10
774870 1.03047 48 0 1 -10
774765 1.53353 15 65 0.6 -10
774765 1.53353 15 65 0.6 0
774166 1.36615 21 55 1.4 0.9
774166 1.36615 21 0 1.4 0.9
774166 1.36615 21 57.5 1.4 0.9
774166 1.36615 21 62.5 1.4 0.9
774166 1.36615 21 60 1.4 0.9
774106 1.076 36 45 0.8 0.6
773101 1.25016 21 65 1 0
773101 1.25016 21 65 1 -10
772750 1.25701 21 57.5 10 -10
771941 1.14913 36 65 1.4 1.05
771523 1.1055 36 65 0.6 0.6
771177 1.33476 60 45 1.2 1.8
771177 1.33476 60 0 1 1.8
771177 1.33476 60 55 0.6 1.8
771177 1.33476 60 0 0.6 1.8
771177 1.33476 60 55 1 1.8
771177 1.33476 60 45 0.8 1.8
771177 1.33476 60 65 0.6 1.8
771177 1.33476 60 65 1 1.8
771177 1.33476 60 45 0.4 1.8
770457 1.08675 100 80 -1 1.2
768620 1.06788 48 70 -0.6 0.6
768479 1.08786 100 65 0.6 1.5
768479 1.08786 100 65 1 1.5
768402 1.05786 100 65 1.4 1.2
768209 1.06782 100 65 -0.6 1.2
767097 1.21707 24 0 1.4 0.15
766274 1.25719 18 55 1 -10
766086 1.13146 48 77.5 1 0.9
765659 1.25712 18 57.5 1 -10
765105 1.37342 15 55 0.6 0.15
764663 1.31753 24 0 10 0.9
764364 1.03535 48 45 10 0
764155 1.22531 24 60 1.4 0.15
763395 1.22952 21 60 1.4 -10
762766 1.32424 15 60 1.4 -10
761732 1.07953 60 65 1 1.2
761491 1.21635 24 0 0.6 0
760391 1.10444 48 70 0.6 1.05
760020 1.07541 36 0 0.6 0.6
759169 1.21617 24 0 1 0
758621 1.03117 48 0 0.6 -10
757555 1.21593 24 45 1.2 0
756415 1.26011 18 45 1.2 -10
755883 1.10052 100 75 1 1.5
754978 1.24697 21 62.5 0.6 0.15
754247 1.36012 24 45 1.2 0.9
753585 1.09263 60 75 10 1.5
752934 1.36187 24 60 1.4 0.9
752934 1.36187 24 0 1.4 0.9
752934 1.36187 24 55 1.4 0.9
752099 1.32148 15 0 0.6 0
751319 1.21048 21 0 1.4 -10
750345 1.24703 21 62.5 1 0
749663 1.04381 48 45 0.8 0
749268 1.13603 48 77.5 -0.2 0.9
749071 1.22428 24 65 1.4 0.15
748760 1.05486 100 75 -1 0.15
748760 1.05486 100 75 -1 -10
748760 1.05486 100 75 -1 0
748585 1.42947 15 60 1 0
747513 1.08325 48 45 -0.8 0.9
745119 1.37475 15 62.5 1.4 -10
744685 1.17459 36 45 1.2 1.2
743891 1.42728 15 60 0.6 0
743891 1.42728 15 57.5 0.6 0
743107 1.31851 18 60 0.6 0
742043 1.1307 48 80 10 1.2
741874 1.1215 100 45 0.8 1.65
741874 1.1215 100 65 1 1.65
741874 1.1215 100 55 0.6 1.65
741874 1.1215 100 45 1.2 1.65
741874 1.1215 100 65 0.6 1.65
741874 1.1215 100 0 1 1.65
741874 1.1215 100 45 0.4 1.65
741874 1.1215 100 0 0.6 1.65
741874 1.1215 100 55 1 1.65
739772 1.22399 24 55 1 0.15
739559 1.10301 48 70 1 1.05
739264 1.36675 18 45 0.4 0.45
739107 1.0829 60 75 1 0.9
736624 1.05423 100 75 1 0.6
734663 1.07793 60 45 0.4 1.2
734663 1.07793 60 0 0.6 1.2
734663 1.07793 60 55 0.6 1.2
734590 1.04972 48 45 0.8 0.6
733730 1.05434 100 75 -1 0.3
733730 1.05434 100 75 -1 0.45
733380 1.31742 15 0 1.4 0
733329 1.10343 100 75 -0.2 1.5
732812 1.22615 21 55 1.4 -10
732443 1.08861 48 55 0.6 1.05
732443 1.08861 48 0 0.6 1.05
731066 1.19956 21 45 10 -10
730333 1.10081 60 80 -0.2 1.2
728722 1.19091 36 80 10 1.2
728146 1.07577 100 80 1 0.9
727065 1.31682 18 55 0.6 0
726809 1.21267 24 45 10 0
725139 1.3056 60 0 1.4 1.8
725139 1.3056 60 65 1.4 1.8
725139 1.3056 60 55 1.4 1.8
725073 1.08264 60 75 -0.2 0.9
724556 1.25081 18 55 1.4 -10
724368 1.04314 48 0 0.6 0
724307 1.2152 21 0 10 0.15
724215 1.07429 36 55 1 0.6
724215 1.07429 36 0 1 0.6
724155 1.21432 24 45 0.8 -10
724113 1.16518 48 77.5 -0.6 1.2
724068 1.25075 18 57.5 1.4 -10
722605 1.07414 36 45 1.2 0.6
722590 1.05401 100 75 -0.2 0.6
722365 1.09225 100 65 -0.6 1.5
722200 1.35993 60 80 1 1.8
722152 1.24241 21 60 0.6 0.15
721229 1.04933 48 0 0.6 0.6
721154 1.07231 60 80 10 0.3
720936 1.07396 36 55 0.6 0.6
719170 1.08169 60 45 -0.8 1.2
718894 1.2072 21 0 0.6 -10
718818 1.39062 18 70 10 0.3
718534 1.24236 21 65 0.6 -10
718534 1.24236 21 65 0.6 0
717778 1.24665 21 62.5 1 -10
717763 1.24247 21 60 1 0
717696 1.24632 18 45 10 -10
717169 1.02857 48 0 10 0
716947 1.31525 15 55 1.4 -10
716929 1.05274 100 75 -0.6 0.3
716929 1.05274 100 75 -0.6 0.45
716903 1.31517 15 57.5 1.4 -10
716848 1.08092 100 80 -0.2 1.2
716650 1.0722 60 80 10 0.15
716650 1.0722 60 80 10 0
716650 1.0722 60 80 10 -10
716498 1.16556 48 55 0.6 1.5
716498 1.16556 48 45 0.8 1.5
716498 1.16556 48 45 0.4 1.5
716498 1.16556 48 45 1.2 1.5
716498 1.16556 48 0 1 1.5
716498 1.16556 48 0 0.6 1.5
716498 1.16556 48 55 1 1.5
715000 1.14681 48 77.5 1 1.2
711999 1.14082 100 65 -0.6 1.65
711999 1.14082 100 55 -0.6 1.65
711999 1.14082 100 0 -0.6 1.65
711999 1.14082 100 45 -0.8 1.65
710602 1.11095 48 80 -0.6 0
710602 1.11095 48 80 -0.6 0.45
710602 1.11095 48 80 -0.6 0.3
710602 1.11095 48 80 -0.6 0.6
710602 1.11095 48 80 -0.6 -10
710602 1.11095 48 80 -0.6 0.15
710423 1.30771 21 45 0.4 0.45
709965 1.08541 100 65 1.4 1.5
709515 1.21059 24 0 1.4 0
709017 1.23003 21 0 0.6 0.15
706932 1.36277 15 55 0.6 0
706471 1.24103 21 55 0.6 0.15
706437 1.31348 18 57.5 0.6 0
705997 1.21821 24 60 1.4 0
704372 1.11173 60 65 1 1.5
704372 1.11173 60 65 0.6 1.5
702189 1.27746 12 0 10 -10
701945 1.22948 21 45 0.4 0.15
701433 1.19114 36 0 10 1.5
701433 1.19114 36 45 10 1.5
701265 1.25334 18 45 0.8 -10
701066 1.0604 100 0 1 1.2
701066 1.0604 100 55 1 1.2
700981 1.07962 60 0 -0.6 1.2
700981 1.07962 60 55 -0.6 1.2
699898 1.19897 21 0 10 0
699494 1.21814 24 55 1.4 0.15
699424 1.15101 36 65 1 1.05
699188 1.32127 36 77.5 10 1.5
699175 1.15266 48 77.5 -0.2 1.2
698988 1.2819 18 62.5 1 -10
698962 1.10374 60 80 -0.6 1.2
698785 1.21935 21 55 10 -10
697593 1.11401 100 0 1.4 1.65
697593 1.11401 100 55 1.4 1.65
697593 1.11401 100 65 1.4 1.65
697575 1.11805 48 70 1 1.2
697574 1.23922 21 62.5 0.6 0
695395 1.23473 24 55 10 0.15
692041 1.21718 24 65 1.4 0
692041 1.21718 24 65 1.4 -10
691421 1.31204 21 45 -0.8 0
691135 1.25711 21 70 10 0.45
691135 1.25711 21 70 10 0.6
690371 1.07374 60 45 0.8 1.2
688710 1.21952 24 60 1.4 -10
688283 1.0833 48 45 0.8 1.05
688157 1.22901 24 55 1 -10
687246 1.04849 48 55 1 0.6
687246 1.04849 48 0 1 0.6
686463 1.2383 21 57.5 0.6 0.15
686082 1.08261 100 80 -0.6 1.2
685725 1.04843 48 45 1.2 0.6
685582 1.21754 21 57.5 1 -10
685562 1.26971 36 77.5 10 1.35
684610 1.35804 15 45 0.4 0.15
684144 1.04829 48 55 0.6 0.6
683977 1.25552 21 70 10 0.3
683585 1.20993 24 45 1.2 -10
683480 1.21689 24 55 1 0
681897 1.27888 18 60 1 -10
681734 1.2418 48 70 -0.6 1.5
680505 1.05684 48 65 -0.6 0.6
680044 1.16693 60 45 1.2 1.65
680044 1.16693 60 65 1 1.65
680044 1.16693 60 55 0.6 1.65
680044 1.16693 60 55 1 1.65
680044 1.16693 60 0 0.6 1.65
680044 1.16693 60 0 1 1.65
680044 1.16693 60 45 0.8 1.65
680044 1.16693 60 45 0.4 1.65
679521 1.72984 15 55 1.4 0.9
679521 1.72984 15 0 1.4 0.9
679521 1.72984 15 57.5 1.4 0.9
679521 1.72984 15 65 1.4 0.9
679521 1.72984 15 60 1.4 0.9
679521 1.72984 15 62.5 1.4 0.9
678786 1.23142 18 0 10 -10
678443 1.07249 36 55 1.4 0.6
678395 1.09518 48 70 1.4 1.05
677628 1.22202 18 55 10 -10
674453 1.1603 36 55 10 1.35
673507 1.1875 48 55 -0.6 1.5
673507 1.1875 48 45 -0.8 1.5
673507 1.1875 48 0 -0.6 1.5
673091 1.72409 15 45 1.2 0.9
670408 1.09054 48 55 10 1.5
669400 1.08207 48 55 1 1.05
669400 1.08207 48 0 1 1.05
667411 1.05848 36 45 1.2 -10
667173 1.23884 21 62.5 0.6 -10
667161 1.23467 21 60 0.6 0
666974 1.26895 12 45 10 -10
664924 1.30954 15 45 0.8 -10
662070 1.1199 60 65 -0.6 1.5
661939 1.159 48 0 1.4 1.5
661939 1.159 48 55 1.4 1.5
661313 1.0715 60 75 10 1.2
660993 1.09701 36 65 1.4 0.6
659798 1.0718 36 0 1.4 0.6
658149 1.37561 18 70 10 0.15
657823 1.07295 48 45 0.4 0.9
656357 1.29775 24 45 0.4 0.45
655763 1.19175 24 45 10 -10
655754 1.43287 15 62.5 1 -10
655592 1.14751 36 80 -1 0.3
655592 1.14751 36 80 -1 0
655592 1.14751 36 80 -1 -10
655592 1.14751 36 80 -1 0.15
655592 1.14751 36 80 -1 0.6
655592 1.14751 36 80 -1 0.45
654564 1.1236 36 45 0.8 1.05
654302 1.34991 15 0 0.6 0.15
654008 1.0404 48 0 1.4 0
652725 1.23328 21 55 0.6 0
652600 1.20115 60 0 -0.6 1.65
652600 1.20115 60 65 -0.6 1.65
652600 1.20115 60 55 -0.6 1.65
652336 1.30619 15 45 1.2 -10
652335 1.07772 48 0 -0.6 0.9
652335 1.07772 48 55 -0.6 0.9
651643 1.43069 15 62.5 0.6 -10
651007 1.06913 60 65 0.6 1.05
650739 1.10891 60 65 1.4 1.5
650682 1.22433 24 55 1.4 -10
649866 1.27331 18 62.5 0.6 -10
648308 1.2117 21 57.5 1.4 -10
648279 1.07817 100 0 0.6 1.5
648279 1.07817 100 45 0.4 1.5
648279 1.07817 100 0 1 1.5
648279 1.07817 100 55 0.6 1.5
648279 1.07817 100 45 1.2 1.5
648279 1.07817 100 45 0.8 1.5
648279 1.07817 100 55 1 1.5
647026 1.05822 100 65 1 1.2
646985 1.0768 36 45 -0.8 0.6
646745 1.21344 24 55 10 -10
646250 1.21104 24 55 1.4 0
642727 1.29999 18 45 0.4 0
642431 1.22941 24 55 10 0
642244 1.20708 24 0 10 0.15
641646 1.04944 100 75 -0.6 -10
641646 1.04944 100 75 -0.6 0
641646 1.04944 100 75 -0.6 0.15
641201 1.0686 48 65 1.4 0.9
640877 1.22138 21 45 0.4 0
639963 1.05754 36 45 0.8 -10
639904 1.10789 48 70 1.4 1.2
639457 1.15451 60 65 1.4 1.65
639457 1.15451 60 55 1.4 1.65
639457 1.15451 60 0 1.4 1.65
638498 1.3025 15 0 1 -10
637721 1.04367 100 45 10 1.2
637219 1.3526 15 60 1 -10
636740 1.04918 100 75 1 -10
636740 1.04918 100 75 1 0
636590 1.12179 36 45 1.2 1.05
636590 1.12179 36 55 1 1.05
636590 1.12179 36 0 1 1.05
634192 1.23055 21 57.5 0.6 0
633871 1.27029 18 60 0.6 -10
633224 1.35068 15 60 0.6 -10
632929 1.2197 24 0 0.6 0.15
632921 1.03478 60 65 10 0.6
632862 1.05354 100 55 1.4 1.2
632862 1.05354 100 0 1.4 1.2
632044 1.04474 36 45 10 -10
631313 1.22968 24 65 1 0.15
631154 1.14597 36 80 -0.6 0.6
631154 1.14597 36 80 -0.6 0.45
631154 1.14597 36 80 -0.6 0.3
631154 1.14597 36 80 -0.6 -10
631154 1.14597 36 80 -0.6 0.15
631154 1.14597 36 80 -0.6 0
630586 1.06203 100 80 10 0.9
629256 1.14607 36 80 -0.2 0.6
629256 1.14607 36 80 -0.2 0.45
629256 1.14607 36 80 -0.2 0.3
628033 1.19196 24 0 10 0
626612 1.05744 48 70 -0.6 -10
626612 1.05744 48 70 -0.6 0
626587 1.21915 24 45 0.4 0.15
626216 1.24331 21 70 10 0.15
625511 1.29047 60 80 10 1.8
625141 1.3459 15 45 0.4 0
624222 1.14536 36 80 1 0.6
624222 1.14536 36 80 1 0.45
624134 1.17768 36 77.5 10 1.2
622611 1.03979 48 55 1 0
622074 1.09567 60 75 -1 1.2
620241 1.13269 36 65 1.4 0.9
617689 1.29948 15 0 0.6 -10
616729 1.42895 18 70 1 0.6
616729 1.42895 18 70 1 0.45
616729 1.42895 18 70 1.4 0.6
616729 1.42895 18 70 1.4 0.45
615094 1.3629 18 70 10 -10
615094 1.3629 18 70 10 0
614654 1.04846 100 75 -0.2 -10
614654 1.04846 100 75 -0.2 0
613232 1.08705 60 80 1 0.9
611207 1.20277 24 0 1 -10
611100 1.22632 24 60 1 0.15
610590 1.23092 21 60 1 -10
610243 1.55389 15 70 10 0.45
610243 1.55389 15 70 10 0.6
609701 1.42019 36 65 -0.6 1.35
609374 1.08168 100 55 -0.6 1.5
609374 1.08168 100 0 -0.6 1.5
609374 1.08168 100 45 -0.8 1.5
609045 1.09813 36 45 1.2 0.9
606574 1.05525 100 55 10 1.5
604457 1.16667 48 85 -1 -0.45
604457 1.16667 48 85 -1 0.3
604457 1.16667 48 85 -1 -0.15
604457 1.16667 48 85 -1 -0.3
604457 1.16667 48 85 -1 -10
604457 1.16667 48 85 -1 0
604180 1.15556 36 0 10 1.35
603420 1.22498 24 65 0.6 0.15
603407 1.10788 36 45 0.4 0.9
603147 1.34379 15 57.5 0.6 -10
602588 1.10877 48 77.5 10 1.2
602380 1.04292 100 0 10 1.2
602200 1.29582 15 0 1.4 -10
602082 1.08805 48 45 10 1.5
602082 1.08805 48 0 10 1.5
601385 1.0773 100 75 1 1.35
600482 1.15532 36 45 10 1.35
598918 1.07581 100 55 1.4 1.5
598918 1.07581 100 0 1.4 1.5
597699 1.39359 15 45 -0.8 -10
597562 1.06038 36 0 1 0
597365 1.06279 60 65 -0.6 0.9
596319 1.06027 36 45 1.2 0
591843 1.04956 48 65 1.4 0.6
591841 1.3386 15 55 0.6 -10
590845 1.12386 36 77.5 -1 -10
590845 1.12386 36 77.5 -1 0.45
590845 1.12386 36 77.5 -1 0
590845 1.12386 36 77.5 -1 0.15
590845 1.12386 36 77.5 -1 0.3
590845 1.12386 36 77.5 -1 0.6
590800 1.03236 48 55 10 0
590488 1.06752 60 55 1 1.2
590488 1.06752 60 0 1 1.2
590460 1.54078 15 70 10 0.3
589747 1.26845 21 70 1 0.6
589747 1.26845 21 70 1 0.45
589747 1.26845 21 70 1.4 0.6
589747 1.26845 21 70 1.4 0.45
585586 1.07393 36 55 -0.6 0.6
585586 1.07393 36 0 -0.6 0.6
585274 1.23518 21 70 10 -10
585274 1.23518 21 70 10 0
584112 1.22162 24 60 0.6 0.15
583441 1.07895 100 75 -0.2 1.35
583426 1.04187 100 75 10 0.6
583293 1.22193 24 65 1 0
583293 1.22193 24 65 1 -10
583011 1.03421 48 0 10 0.6
581684 1.17744 48 85 -1 0.6
580618 1.14154 48 77.5 10 1.5
579144 1.20181 24 67.5 1.4 0.45
578896 1.21205 24 45 0.4 0
578872 1.16348 48 85 -0.6 0.3
578872 1.16348 48 85 -0.2 0.3
578872 1.16348 48 85 -0.6 0
578872 1.16348 48 85 1 0.45
578872 1.16348 48 85 -0.2 0.6
578872 1.16348 48 85 1 0.6
578872 1.16348 48 85 -0.2 0.45
578872 1.16348 48 85 -0.6 -0.3
578872 1.16348 48 85 -0.6 -10
578872 1.16348 48 85 -0.6 -0.15
578872 1.16348 48 85 -0.6 -0.45
577917 1.19839 24 0 1.4 -10
576896 1.41719 18 70 0.6 0.6
576896 1.41719 18 70 0.6 0.45
576613 1.02588 48 0 1.4 -10
573178 1.2067 24 72.5 10 0.6
573044 1.13704 48 82.5 -1 0.45
573044 1.13704 48 82.5 -1 0.15
573044 1.13704 48 82.5 -1 0
573044 1.13704 48 82.5 -1 -10
573044 1.13704 48 82.5 -1 0.6
573044 1.13704 48 82.5 -1 0.3
571775 1.05925 36 45 0.8 0
571442 1.22024 24 55 0.6 0.15
571166 1.20572 21 45 0.4 -10
570742 1.07205 100 80 1 1.2
570184 1.25747 21 45 -0.8 -0.15
569884 1.04946 48 45 -0.8 0.6
569489 1.14178 36 80 -0.2 0.15
569489 1.14178 36 80 -0.2 -10
569489 1.14178 36 80 -0.2 0
569436 1.5255 12 70 10 -0.3
569436 1.5255 12 70 10 -10
569436 1.5255 12 70 10 0
569436 1.5255 12 70 10 -0.15
569436 1.5255 12 70 10 -0.45
569356 1.06317 60 45 -0.8 1.05
569061 1.04457 48 55 1.4 0.6
568448 1.14132 36 80 1 0.3
568113 1.01613 48 0 10 -10
567594 1.22311 21 60 0.6 -10
567044 1.0336 48 45 1.2 -10
566562 1.03703 48 65 10 0
565963 1.0413 100 55 10 1.2
565893 1.05298 36 55 1 -10
564933 1.14107 36 80 1 -10
564933 1.14107 36 80 1 0.15
564933 1.14107 36 80 1 0
564655 1.21857 24 60 1 0
564578 1.04533 36 45 10 0
563048 1.21351 36 82.5 -1 0
563048 1.21351 36 82.5 -1 -10
563048 1.21351 36 82.5 -1 0.15
563048 1.21351 36 82.5 -1 0.6
563048 1.21351 36 82.5 -1 0.45
563048 1.21351 36 82.5 -1 0.3
562147 1.56223 36 45 0.8 1.5
562147 1.56223 36 0 1 1.5
562147 1.56223 36 55 1 1.5
562147 1.56223 36 0 1.4 1.5
562147 1.56223 36 55 1.4 1.5
562147 1.56223 36 55 0.6 1.5
562147 1.56223 36 45 1.2 1.5
562147 1.56223 36 45 0.4 1.5
562147 1.56223 36 0 0.6 1.5
561767 1.05352 100 75 10 1.2
561702 1.19673 24 0 0.6 -10
560670 1.2135 24 0 -0.6 -0.45
560152 1.05706 36 0 1.4 0
560110 1.04681 60 45 -0.8 0.75
559904 1.0668 36 45 0.4 0.6
559828 1.41346 18 70 1.4 0.3
559828 1.41346 18 70 1 0.3
559500 1.0903 36 70 1 0.75
559056 1.21327 24 0 -0.6 -0.3
557464 1.21724 24 65 0.6 0
557464 1.21724 24 65 0.6 -10
556970 1.1739 48 85 -0.6 0.6
554985 1.23388 18 0 -0.6 -10
553414 1.04399 48 0 1.4 0.6
553066 1.12723 48 85 10 0.45
553066 1.12723 48 85 10 0.6
552574 1.05827 36 0 0.6 0
552364 1.05939 100 75 -1 0.9
552316 1.22154 21 55 0.6 -10
551674 1.1357 48 82.5 -0.6 0.6
551674 1.1357 48 82.5 -0.6 0.45
551674 1.1357 48 82.5 -0.6 0.15
551674 1.1357 48 82.5 -0.6 0
551674 1.1357 48 82.5 -0.6 0.3
551674 1.1357 48 82.5 -0.6 -10
551657 1.25963 21 70 0.6 0.45
551657 1.25963 21 70 0.6 0.6
550785 1.22 24 60 1 -10
550113 1.20267 21 0 -0.6 -10
550020 1.13584 48 82.5 1 0.6
550020 1.13584 48 82.5 -0.2 0.3
550020 1.13584 48 82.5 -0.2 0.45
550020 1.13584 48 82.5 1 0.45
550020 1.13584 48 82.5 -0.2 0.6
548883 1.03987 100 75 10 -10
548883 1.03987 100 75 10 0
548520 1.16355 36 65 0.6 1.2
548452 1.10634 48 82.5 10 0.6
548452 1.10634 48 82.5 10 0.45
546853 1.03799 60 65 1 0.6
546078 1.24774 18 55 0.6 -10
546001 1.09302 60 0 1 1.5
546001 1.09302 60 45 0.8 1.5
546001 1.09302 60 45 1.2 1.5
546001 1.09302 60 55 1 1.5
546001 1.09302 60 0 0.6 1.5
546001 1.09302 60 55 0.6 1.5
546001 1.09302 60 45 0.4 1.5
545726 1.24783 18 57.5 0.6 -10
544764 1.0536 100 45 10 1.5
544764 1.0536 100 0 10 1.5
544685 1.68628 36 0 -0.6 1.5
544685 1.68628 36 55 -0.6 1.5
544685 1.68628 36 45 -0.8 1.5
544163 1.08855 60 75 -0.6 1.2
543761 1.03292 48 45 0.8 -10
542181 1.17765 36 65 -0.6 1.2
542011 1.21156 36 82.5 -0.6 0.45
542011 1.21156 36 82.5 -0.6 0.3
542011 1.21156 36 82.5 -0.6 0.6
542011 1.21156 36 82.5 -0.6 0.15
542011 1.21156 36 82.5 -0.6 -10
542011 1.21156 36 82.5 -0.6 0
540407 1.21176 36 82.5 1 0.6
540407 1.21176 36 82.5 -0.2 0.6
540407 1.21176 36 82.5 -0.2 0.45
540407 1.21176 36 82.5 -0.2 0.3
540407 1.21176 36 82.5 1 0.45
540374 1.19998 24 72.5 10 -10
540374 1.19998 24 72.5 10 0.15
540374 1.19998 24 72.5 10 0
540225 1.04878 36 0 10 0.6
540151 1.24533 36 85 -1 0
540151 1.24533 36 85 -1 -0.15
540151 1.24533 36 85 -1 -0.45
540151 1.24533 36 85 -1 -10
540151 1.24533 36 85 -1 0.3
540151 1.24533 36 85 -1 -0.3
539930 1.08415 60 75 1 1.2
539717 1.05738 100 75 -0.6 0.9
539702 1.21387 24 60 0.6 0
539571 1.2233 24 70 1.4 0.6
539571 1.2233 24 70 1 0.6
539473 1.03861 60 65 0.6 0.6
538853 1.15219 36 82.5 10 0.6
538853 1.15219 36 82.5 10 0.45
538141 1.08857 36 70 0.6 0.75
537247 1.25181 24 45 -0.8 -0.45
537126 1.04565 60 45 10 1.2
537041 1.03776 48 45 0.4 0
536807 1.05025 36 55 1.4 -10
535649 1.25154 24 45 -0.8 -0.3
534222 1.24994 24 45 -0.8 0
533044 1.05822 60 55 1.4 1.2
533044 1.05822 60 0 1.4 1.2
532970 1.05547 100 45 1.2 1.2
532810 1.19253 24 67.5 1.4 0.3
532269 1.15391 21 0 10 -10
531500 1.22676 24 55 0.6 -10
531329 1.04352 48 45 0.4 0.6
531082 1.06942 60 80 10 0.9
529759 1.25504 21 70 1 0.3
529759 1.25504 21 70 1.4 0.3
529749 1.03586 48 65 10 -10
529537 1.19774 24 72.5 10 0.45
529537 1.19774 24 72.5 10 0.3
528775 1.24889 24 45 -0.8 -0.15
528719 1.20423 21 0 -0.6 -0.45
528476 1.06708 100 75 -1 1.2
528195 1.27406 18 0 -0.6 -0.45
527974 1.21249 24 55 0.6 0
527834 1.8961 15 45 -0.8 0.6
527143 1.23901 21 45 -0.8 -10
526669 1.27373 18 0 -0.6 -0.3
526423 1.2153 24 60 0.6 -10
525863 1.0358 48 55 1.4 0
525443 1.08324 60 75 -0.2 1.2
523654 1.4017 18 70 0.6 0.3
523404 1.36362 15 0 -0.6 -10
522685 1.15651 48 85 1 0
522685 1.15651 48 85 1 0.3
522685 1.15651 48 85 1 0.15
522685 1.15651 48 85 1 -10
522560 1.22586 21 0 -0.6 0
522440 1.09057 36 75 -1 0.6
522339 1.20589 24 45 0.4 -10
522212 1.09055 36 75 -0.6 0.6
520082 1.04214 36 55 10 -10
519829 1.27131 36 85 -1 0.6
519486 1.15611 48 85 -0.2 -10
519486 1.15611 48 85 -0.2 0
519486 1.15611 48 85 -0.2 0.15
519357 1.31198 18 0 -0.6 0
518970 1.21926 24 70 0.6 0.6
517306 1.24073 36 85 -0.2 0.45
517306 1.24073 36 85 -0.6 0
517306 1.24073 36 85 -0.6 -0.3
517306 1.24073 36 85 -0.6 -0.15
517306 1.24073 36 85 1 0.45
517306 1.24073 36 85 -0.6 0.3
517306 1.24073 36 85 -0.6 -0.45
517306 1.24073 36 85 -0.2 0.3
517306 1.24073 36 85 -0.6 -10
517306 1.24073 36 85 1 0.6
517306 1.24073 36 85 -0.2 0.6
516049 1.20217 21 0 -0.6 -0.3
515799 1.04707 48 0 -0.6 0.6
515799 1.04707 48 55 -0.6 0.6
515070 1.05612 60 45 -0.8 0.9
515051 1.21793 24 72.5 0.6 0.6
513272 1.09903 60 45 -0.8 1.5
513272 1.09903 60 0 -0.6 1.5
513272 1.09903 60 55 -0.6 1.5
512837 1.02563 48 45 10 -10
512573 1.39595 18 70 1 0.15
512573 1.39595 18 70 1.4 0.15
512310 1.31881 15 45 0.4 -10
510906 1.05953 60 55 10 1.5
507646 1.37784 18 70 10 0.9
507342 1.02769 60 55 10 0.6
507324 1.04481 60 0 10 1.2
506939 1.05286 36 55 1 0
506743 1.24453 21 45 -0.8 -0.45
505813 1.24697 18 45 0.4 -10
505423 1.11373 36 45 0.4 1.05
505040 1.20861 24 67.5 1 0.6
504425 1.09033 60 0 1.4 1.5
504425 1.09033 60 55 1.4 1.5
503096 1.20284 24 0 -0.6 -10
502221 1.64117 18 75 -0.2 0.6
502221 1.64117 15 75 -0.2 0.6
502022 1.03767 36 0 1 -10
500866 1.13221 48 82.5 1 0.3
500243 1.3042 18 45 -0.8 -10
499467 1.20726 24 67.5 1.4 0.6
499417 1.12157 48 85 10 0.3
499417 1.12157 48 85 10 0
499417 1.12157 48 85 10 0.15
499417 1.12157 48 85 10 -10
499405 1.10344 48 82.5 10 0.3
499322 1.13209 48 82.5 1 0.15
499322 1.13209 48 82.5 1 0
499322 1.13209 48 82.5 1 -10
499284 1.10981 36 77.5 -0.6 -10
499284 1.10981 36 77.5 -0.6 0.3
499284 1.10981 36 77.5 -0.6 0.15
499284 1.10981 36 77.5 -0.6 0
499284 1.10981 36 77.5 -0.6 0.6
499284 1.10981 36 77.5 -0.6 0.45
498511 1.21334 24 70 1 0.45
498511 1.21334 24 70 1.4 0.45
497875 1.10335 48 82.5 10 0.15
497875 1.10335 48 82.5 10 0
497875 1.10335 48 82.5 10 -10
497784 1.13198 48 82.5 -0.2 -10
497784 1.13198 48 82.5 -0.2 0.15
497784 1.13198 48 82.5 -0.2 0
497735 1.26601 36 85 -0.6 0.6
496445 1.3918 15 70 10 0.15
496395 1.21286 24 72.5 1 0.6
495541 1.24622 21 70 0.6 0.3
495020 1.25838 21 55 -0.6 -10
494879 1.03593 36 0 10 0
494655 1.06212 36 65 10 0
494506 1.24205 21 45 -0.8 -0.3
494250 1.06129 100 80 10 1.2
494219 1.17308 36 85 10 0.45
494219 1.17308 36 85 10 0.6
493164 1.15925 48 85 -0.2 0.9
493164 1.15925 48 85 1 0.9
492107 1.20648 36 82.5 1 0.3
491479 1.08354 36 75 -1 0
491479 1.08354 36 75 -1 -10
491479 1.08354 36 75 -1 0.15
491001 1.63714 15 75 -0.2 0.45
491001 1.63714 18 75 -0.2 0.45
490683 1.14832 36 82.5 10 0.3
490612 1.20631 36 82.5 1 0
490612 1.20631 36 82.5 1 0.15
490612 1.20631 36 82.5 1 -10
490209 1.30639 18 0 -0.6 -0.15
489182 1.1482 36 82.5 10 0.15
489182 1.1482 36 82.5 10 0
489182 1.1482 36 82.5 10 -10
489150 1.64866 15 70 0.6 0.6
489150 1.64866 15 70 1.4 0.45
489150 1.64866 15 70 1.4 0.6
489150 1.64866 15 70 1 0.6
489150 1.64866 15 70 1 0.45
489150 1.64866 15 70 0.6 0.45
489091 1.20615 36 82.5 -0.2 -10
489091 1.20615 36 82.5 -0.2 0
489091 1.20615 36 82.5 -0.2 0.15
488654 1.20549 21 57.5 0.6 -10
488542 1.68288 15 45 -0.8 0.45
487140 1.03003 60 0 1 0
486536 1.36795 12 0 1 0.15
486536 1.36795 12 45 1.2 0.15
486088 1.02999 60 45 1.2 0
485955 1.04788 60 65 1.4 0.9
485759 1.20457 24 67.5 0.6 0.6
485563 1.21046 24 72.5 0.6 -10
485563 1.21046 24 72.5 0.6 0.15
485563 1.21046 24 72.5 0.6 0
485174 1.0866 36 75 -0.2 0.6
485020 1.24131 21 70 1 0.15
485020 1.24131 21 70 1.4 0.15
482039 1.23921 24 45 -0.8 -10
481833 1.12499 48 82.5 -0.2 0.9
481833 1.12499 48 82.5 1 0.9
481622 1.0825 36 75 -1 0.3
481622 1.0825 36 75 -1 0.45
481403 1.08247 36 75 -0.6 0.3
481403 1.08247 36 75 -0.6 0.45
481237 1.80249 15 55 -0.6 0.6
481237 1.80249 15 0 -0.6 0.6
481147 1.08926 36 55 1.4 0.9
481147 1.08926 36 0 1.4 0.9
481134 1.36627 12 45 0.8 0.15
481083 1.48025 18 45 -0.8 0.6
480753 1.05 36 55 1.4 0
480632 1.08377 60 80 1 1.2
480473 1.09766 48 82.5 10 0.9
480360 1.21942 21 0 -0.6 -0.15
479460 1.2093 24 70 0.6 0.45
479451 1.38418 18 70 0.6 0.15
479247 1.12451 48 82.5 -0.6 0.9
479016 1.38112 18 70 1.4 0
479016 1.38112 18 70 1 0
479016 1.38112 18 70 1 -10
479016 1.38112 18 70 1.4 -10
477442 1.08551 36 75 1 0.6
476704 1.12403 48 82.5 -1 0.9
476678 1.04298 60 55 10 1.2
476428 1.26465 24 55 -0.6 -10
476210 1.03386 36 0 1.4 -10
475852 1.20797 24 72.5 0.6 0.45
475852 1.20797 24 72.5 0.6 0.3
475234 1.78803 15 62.5 -0.6 0.45
475234 1.78803 15 60 -0.6 0.45
475234 1.78803 15 57.5 -0.6 0.45
475112 1.03531 48 55 0.6 0
473706 1.02651 60 45 10 0.6
473424 1.1975 36 82.5 1 0.9
473424 1.1975 36 82.5 -0.2 0.9
472651 1.10612 48 80 -0.6 0.9
472063 1.14174 36 82.5 10 0.9
472051 1.21568 24 0 -0.6 0
471428 1.78042 15 65 -0.6 0.45
471227 1.12143 48 85 10 0.9
470900 1.19681 36 82.5 -0.6 0.9
470430 1.1026 36 45 -0.8 0.9
469770 1.03994 60 65 -0.6 0.6
468430 1.27561 24 75 -0.6 0.6
468389 1.19612 36 82.5 -1 0.9
467963 1.20539 24 72.5 1 0.15
467963 1.20539 24 72.5 1 -10
467963 1.20539 24 72.5 1 0
467114 1.23065 36 85 1 0.15
467114 1.23065 36 85 1 0.3
467114 1.23065 36 85 1 -10
467114 1.23065 36 85 1 0
466902 1.61455 18 75 1 0.6
466902 1.61455 15 75 1 0.6
466612 1.19865 24 67.5 1 0.45
466050 1.02932 60 45 0.8 0
465883 1.04158 36 55 10 0
465603 1.06822 36 70 1 0.6
464234 1.23008 36 85 -0.2 0
464234 1.23008 36 85 -0.2 0.15
464234 1.23008 36 85 -0.2 -10
463964 1.37698 15 70 10 0
463964 1.37698 15 70 10 -10
463438 1.27343 24 75 0.6 0.6
463438 1.27343 24 75 1 0.6
462547 1.32885 21 75 -1 -10
462547 1.32885 21 75 -1 -0.45
462547 1.32885 21 75 -1 0
462547 1.32885 21 75 -1 -0.3
462547 1.32885 21 75 -1 -0.15
462477 1.06055 36 65 10 -10
462278 1.0622 100 75 -0.6 1.2
460985 1.03171 60 45 0.8 0.6
460030 1.10487 36 77.5 -0.2 0.6
459835 1.62239 15 70 1.4 0.3
459835 1.62239 15 70 1 0.3
459835 1.62239 15 70 0.6 0.3
459792 1.03688 36 0 0.6 -10
458864 1.05763 60 0 10 1.5
458864 1.05763 60 45 10 1.5
458624 1.05949 100 75 1 1.2
458616 1.2029 24 72.5 1 0.45
458616 1.2029 24 72.5 1 0.3
458522 1.04969 36 45 0.4 -10
456876 1.31302 21 70 10 0.9
456464 1.61052 15 75 1 0.45
456464 1.61052 18 75 1 0.45
456369 1.10424 36 77.5 1 0.6
453716 1.23249 21 70 0.6 0.15
453295 1.23215 21 70 1.4 0
453295 1.23215 21 70 1 -10
453295 1.23215 21 70 1.4 -10
453295 1.23215 21 70 1 0
453283 1.32431 21 75 -1 0.6
453283 1.32431 21 75 -1 0.3
452895 1.45638 18 70 -0.6 0.45
452895 1.45638 18 70 -0.6 0.3
452895 1.45638 18 70 -0.6 0.6
452589 1.03139 60 0 0.6 0.6
452517 1.20301 24 70 1 0.3
452517 1.20301 24 70 1.4 0.3
452309 1.1042 36 77.5 -0.2 0.45
450481 1.03849 48 45 -0.8 0
450364 1.02874 60 0 0.6 0
449614 1.66818 48 82.5 10 1.8
449477 1.0519 60 0 -0.6 0.9
449477 1.0519 60 55 -0.6 0.9
448855 1.06169 60 45 1.2 1.2
448786 1.19461 24 67.5 0.6 0.45
448708 1.08548 36 70 -0.6 0.75
448708 1.10356 36 77.5 1 0.45
448103 1.36936 18 70 0.6 -10
448103 1.36936 18 70 0.6 0
448064 1.10485 36 55 0.6 1.05
448064 1.10485 36 0 0.6 1.05
447917 1.02343 60 45 10 0
447835 1.06677 36 70 0.6 0.6
447272 1.0787 36 75 -0.2 0.45
446693 1.60165 15 0 -0.6 0.45
446693 1.60165 15 55 -0.6 0.45
446641 1.03805 48 65 1 0
446312 1.16553 36 85 10 0.3
446312 1.16553 36 85 10 0.15
446312 1.16553 36 85 10 0
446312 1.16553 36 85 10 -10
446306 1.0587 100 75 -0.2 1.2
445541 1.21161 24 0 -0.6 -0.15
445276 1.37187 18 45 -0.8 0.45
445276 1.37187 18 45 -0.8 0.3
440759 1.03013 48 55 1 -10
440704 1.24038 36 85 1 0.9
440704 1.24038 36 85 -0.2 0.9
440694 1.03875 48 65 0.6 0
440156 1.07767 36 75 1 0.45
438523 1.60076 12 70 0.6 -0.45
438523 1.60076 12 70 1.4 -0.15
438523 1.60076 12 70 1.4 -0.45
438523 1.60076 12 70 1.4 -10
438523 1.60076 12 70 0.6 0
438523 1.60076 12 70 0.6 -0.3
438523 1.60076 12 70 0.6 -0.15
438523 1.60076 12 70 1 -0.15
438523 1.60076 12 70 1.4 0
438523 1.60076 12 70 1 0
438523 1.60076 12 70 0.6 -10
438523 1.60076 12 70 1 -10
438523 1.60076 12 70 1.4 -0.3
438523 1.60076 12 70 1 -0.45
438523 1.60076 12 70 1 -0.3
437811 1.025 100 65 10 0.6
437694 1.34017 12 0 1.4 0.15
435240 1.19897 24 70 0.6 0.3
435165 1.31767 21 75 10 0.45
435165 1.31767 21 75 10 0.6
434969 1.13787 24 0 10 -10
434358 1.02672 48 0 -0.6 -10
433868 1.31853 21 75 -0.6 0.6
433868 1.31853 21 75 -0.6 0.45
433868 1.31853 21 75 -0.6 0.3
432547 1.31879 21 75 -0.2 0.6
431945 1.04762 36 55 0.6 -10
431239 1.0307 60 0 1 0.6
431239 1.0307 60 55 1 0.6
430830 1.07557 36 75 -0.6 0.15
430830 1.07557 36 75 -0.6 0
430830 1.07557 36 75 -0.6 -10
430827 1.79396 48 85 10 1.8
430720 1.3421 12 55 1 0
430345 1.03065 60 45 1.2 0.6
429320 1.03053 60 55 0.6 0.6
429269 1.18972 24 67.5 1 0.3
427345 1.26097 21 45 -0.8 0.3
426844 1.22295 24 45 -0.8 0.3
426031 1.34017 12 57.5 1 0
425870 1.58568 15 75 -0.6 -0.45
425870 1.58568 18 75 -0.6 0
425870 1.58568 15 75 -0.6 -0.15
425870 1.58568 15 75 -0.6 -0.3
425870 1.58568 18 75 -0.6 -0.3
425870 1.58568 18 75 -0.6 -0.15
425870 1.58568 18 75 -0.6 -0.45
425870 1.58568 15 75 -0.6 -10
425870 1.58568 15 75 -0.6 0
425870 1.58568 18 75 -0.6 -10
425653 1.31498 21 75 1 0.6
424675 1.25724 24 75 -0.6 0.45
424675 1.25724 24 75 -0.6 0.3
424227 1.58986 12 70 -0.6 0
424227 1.58986 12 70 -0.6 -0.15
424227 1.58986 12 70 -0.6 -10
424227 1.58986 12 70 -0.6 -0.3
424227 1.58986 12 70 -0.6 -0.45
424085 1.26131 24 70 -0.6 0.6
424085 1.26131 21 70 -0.6 0.45
424085 1.26131 21 70 -0.6 0.6
424031 1.22333 21 70 0.6 0
424031 1.22333 21 70 0.6 -10
422879 1.3161 21 75 -0.2 0.45
422075 1.14642 36 80 -0.2 0.9
422032 1.03652 48 65 1.4 0
421670 1.25865 21 45 -0.8 0.6
421670 1.25865 24 45 -0.8 0.6
421107 1.16668 36 85 10 0.9
420131 1.25507 24 75 1 0.45
420131 1.25507 24 75 0.6 0.45
419834 1.33702 12 55 1 -0.15
419806 1.14587 36 80 -0.6 0.9
419678 1.25927 21 70 -0.6 0.3
419450 1.582 18 75 -0.2 0.3
419450 1.582 15 75 -0.2 0.3
418735 1.85223 36 0 1.4 1.65
418735 1.85223 36 55 1.4 1.65
418692 1.1456 36 80 1 0.9
418632 1.5959 15 75 10 0.45
418632 1.5959 18 75 10 0.45
418632 1.5959 18 75 10 0.6
418632 1.5959 15 75 10 0.6
418301 1.02482 48 55 10 -10
417626 1.03661 48 65 1 -10
417570 1.14533 36 80 -1 0.9
417087 1.25754 24 72.5 -0.6 0.6
417058 1.07537 36 65 0.6 0.3
417034 1.53714 12 70 10 0.6
416283 1.06926 60 80 10 1.2
416148 1.31229 21 75 1 0.45
415252 1.33508 12 57.5 1 -0.15
414442 1.33639 12 55 1.4 0
414308 1.1908 24 70 1 0.15
414308 1.1908 24 70 1.4 0.15
413957 1.41087 18 65 -0.6 0.3
413957 1.41087 18 65 -0.6 0.45
413703 1.26076 24 75 10 0.6
413688 1.01842 60 0 10 0
413159 1.04167 100 65 -0.6 0.9
412877 1.18568 24 67.5 0.6 0.3
412713 1.07353 36 75 -0.2 0
412713 1.07353 36 75 -0.2 0.15
412713 1.07353 36 75 1 -10
412713 1.07353 36 75 1 0.15
412713 1.07353 36 75 1 0
412713 1.07353 36 75 -0.2 -10
411970 1.03728 48 65 0.6 -10
411244 1.05136 36 45 -0.8 -10
410726 1.40884 18 65 -0.6 0.6
410497 1.0942 36 0 -0.6 0.9
410497 1.0942 36 55 -0.6 0.9
409940 1.33446 12 57.5 1.4 0
409606 1.0506 36 45 0.4 0
408970 1.78194 36 82.5 10 1.8
408536 1.0329 60 65 1.4 0.6
408036 1.3032 21 75 10 -10
408036 1.3032 21 75 10 0.15
408036 1.3032 21 75 10 0
407855 1.02374 60 45 1.2 -10
406751 1.33108 12 55 1 -0.3
406651 1.02662 60 0 1.4 0
404458 1.07248 36 75 -0.2 0.3
404458 1.07248 36 75 1 0.3
403995 1.3313 12 55 1.4 -0.15
403482 1.52076 12 70 10 0.3
403408 1.09451 36 70 1 0.9
402882 1.60756 100 87.5 10 2.4
402882 1.60756 100 87.5 1 2.4
402882 1.60756 100 87.5 -0.2 2.4
402882 1.60756 100 87.5 -0.6 2.4
402882 1.60756 100 87.5 -1 2.4
402314 1.32915 12 57.5 1 -0.3
401878 1.4499 100 87.5 -0.6 1.8
401878 1.4499 100 87.5 -1 1.8
401878 1.4499 100 87.5 -0.2 1.8
401878 1.4499 100 87.5 1 1.8
401270 1.06667 36 65 1.4 0
400605 1.09512 36 77.5 -0.2 0.3
399867 1.29866 21 75 10 0.3
399599 1.32937 12 57.5 1.4 -0.15
399520 1.14147 36 77.5 -1 0.9
398472 1.18676 24 70 0.6 0.15
398343 1.13895 24 67.5 1.4 0.15
398034 1.03486 48 0 -0.6 0
396230 1.57844 18 75 -0.2 -10
396230 1.57844 15 75 -0.2 0.15
396230 1.57844 18 75 -0.2 0
396230 1.57844 15 75 -0.2 -10
396230 1.57844 15 75 -0.2 0
396230 1.57844 18 75 -0.2 0.15
395352 1.39984 18 70 1 0.9
395352 1.39984 18 70 1.4 0.9
394550 1.03511 48 65 1.4 -10
393958 1.24197 24 75 1 0
393958 1.24197 24 75 0.6 -10
393958 1.24197 24 75 1 0.15
393958 1.24197 24 75 0.6 0
393958 1.24197 24 75 1 -10
393958 1.24197 24 75 0.6 0.15
393766 1.57743 15 75 1 0.15
393766 1.57743 15 75 1 -10
393766 1.57743 18 75 1 0.15
393766 1.57743 18 75 1 -10
393766 1.57743 18 75 1 0
393766 1.57743 15 75 1 0
393527 1.32876 18 55 -0.6 0.6
393527 1.32876 18 0 -0.6 0.6
393189 1.24578 24 72.5 -0.6 0.15
393189 1.24578 24 72.5 -0.6 -10
393189 1.24578 24 72.5 -0.6 0
392973 1.3303 18 62.5 -0.6 0.3
392973 1.3303 18 57.5 -0.6 0.45
392973 1.3303 18 57.5 -0.6 0.3
392973 1.3303 18 60 -0.6 0.3
392973 1.3303 18 62.5 -0.6 0.45
392973 1.3303 18 60 -0.6 0.45
392764 1.30083 18 65 1 0.9
392565 1.57693 15 75 10 -10
392565 1.57693 18 75 10 -10
392565 1.57693 15 75 10 0
392565 1.57693 18 75 10 0
392565 1.57693 15 75 10 0.15
392565 1.57693 18 75 10 0.15
392248 1.32609 18 55 -0.6 0.3
392248 1.32609 18 55 -0.6 0.45
391884 1.9676 36 85 10 1.8
391809 1.24635 24 70 -0.6 0.45
391809 1.24635 24 70 -0.6 0.3
391496 1.18885 24 72.5 1.4 0.6
391373 1.32537 12 55 1.4 -0.3
391130 1.02315 60 45 0.8 -10
391043 1.02481 60 65 10 0
390698 1.56991 18 75 1 0.3
390698 1.56991 15 75 1 0.3
389846 1.32371 18 0 -0.6 0.3
389830 1.33745 21 70 1 0.9
389830 1.33745 21 70 1.4 0.9
389562 1.02742 48 45 0.4 -10
389471 1.23953 21 65 -0.6 0.45
388929 1.59144 36 65 1 1.5
388929 1.59144 36 65 1.4 1.5
388490 1.35585 15 45 -0.8 0.3
388429 1.16448 48 85 -0.2 1.2
388429 1.16448 48 85 1 1.2
388274 1.29391 21 75 -0.6 -10
388274 1.29391 21 75 -0.6 0
388274 1.29391 21 75 -0.6 0.15
388018 1.09345 36 70 0.6 0.9
387190 1.18266 24 70 1 0
387190 1.18266 24 70 1.4 0
387190 1.18266 24 70 1 -10
387190 1.18266 24 70 1.4 -10
387124 1.32343 12 57.5 1.4 -0.3
386795 1.047 36 55 0.6 0
386787 1.32543 18 60 -0.6 0.6
386787 1.32543 18 57.5 -0.6 0.6
386787 1.32543 18 62.5 -0.6 0.6
386630 1.42729 15 70 1 0.15
386630 1.42729 15 70 1.4 0.15
386630 1.42729 15 70 0.6 0.15
386401 1.23807 21 65 -0.6 0.6
386401 1.23807 24 65 -0.6 0.6
386401 1.23807 24 67.5 -0.6 0.6
386060 1.23877 24 75 0.6 0.3
386060 1.23877 24 75 1 0.3
385419 1.23748 21 65 -0.6 0.3
385328 1.24257 24 72.5 -0.6 0.3
385328 1.24257 24 72.5 -0.6 0.45
385255 1.03895 100 45 -0.8 0.9
384705 1.56739 15 75 10 0.3
384705 1.56739 18 75 10 0.3
384668 1.03748 48 65 -0.6 0
382398 1.29328 21 75 -0.2 0.3
381638 1.236 24 0 -0.6 0.6
381638 1.236 21 55 -0.6 0.6
381638 1.236 21 0 -0.6 0.6
381638 1.236 24 55 -0.6 0.6
381117 1.23652 21 62.5 -0.6 0.45
381117 1.23652 21 60 -0.6 0.45
381117 1.23652 21 57.5 -0.6 0.45
380396 1.23481 21 55 -0.6 0.45
380051 1.23546 24 75 -0.6 0.15
380051 1.23546 24 75 -0.6 -10
380051 1.23546 24 75 -0.6 0
379466 1.02071 100 55 10 0.6
378875 1.22567 24 72.5 10 0.9
378309 1.06627 36 65 1 0
378244 1.02585 100 65 1 0.6
377928 1.40043 15 60 -0.6 0.3
377928 1.40043 15 57.5 -0.6 0.3
377928 1.40043 15 62.5 -0.6 0.3
377570 1.25685 21 65 1 0.9
377508 1.05361 36 70 1 0.3
377421 1.42085 18 70 -0.6 0.15
377145 1.23448 21 57.5 -0.6 0.3
377145 1.23448 21 62.5 -0.6 0.3
377145 1.23448 21 60 -0.6 0.3
376887 1.10512 36 75 -1 0.9
376852 1.76657 36 65 -0.6 1.5
376714 1.20733 24 60 -0.6 0.3
376706 1.10509 36 75 -0.6 0.9
376440 1.23277 21 55 -0.6 0.3
376021 1.01848 36 0 10 -10
376005 1.20742 24 55 -0.6 0.3
375199 1.0647 36 65 1.4 -10
375100 1.23315 21 60 -0.6 0.6
375100 1.23315 24 60 -0.6 0.6
375100 1.23315 21 57.5 -0.6 0.6
375100 1.23315 21 62.5 -0.6 0.6
375044 1.24239 24 75 10 0.45
374902 1.39662 15 65 -0.6 0.3
374135 1.23134 21 0 -0.6 0.3
373795 1.1801 48 85 -1 1.2
373795 1.1801 48 85 -0.6 1.2
373703 1.20666 24 0 -0.6 0.3
373130 1.02619 100 65 0.6 0.6
373125 1.06835 36 65 0.6 0
373033 1.39514 12 45 0.4 0.15
372413 1.17863 24 70 0.6 0
372413 1.17863 24 70 0.6 -10
371157 1.48667 15 70 10 0.9
371130 1.13614 48 85 10 1.2
371009 1.0922 36 77.5 1 0.3
369868 1.25355 18 55 1 0.9
369868 1.25355 18 60 1 0.9
369868 1.25355 18 62.5 1 0.9
369868 1.25355 18 57.5 1 0.9
369868 1.25355 18 0 1 0.9
369815 1.38713 18 70 0.6 0.9
369084 1.18138 24 72.5 1.4 -10
369084 1.18138 24 72.5 1.4 0
369084 1.18138 24 72.5 1.4 0.15
368733 1.09198 36 77.5 -0.2 0.15
368733 1.09198 36 77.5 1 0
368733 1.09198 36 77.5 1 -10
368733 1.09198 36 77.5 -0.2 -10
368733 1.09198 36 77.5 -0.2 0
368733 1.09198 36 77.5 1 0.15
368043 1.1312 24 67.5 1.4 0
368043 1.1312 24 67.5 1.4 -10
367592 1.26716 12 55 1 -10
367403 1.05063 36 45 -0.8 0
367388 1.29024 18 65 0.6 0.9
367189 1.25196 24 65 1 0.9
367189 1.25196 24 67.5 1 0.9
366820 1.02588 48 55 1.4 -10
366513 1.25192 21 62.5 1 0.9
366513 1.25192 21 60 1 0.9
366513 1.25192 21 55 1 0.9
366513 1.25192 21 57.5 1 0.9
366513 1.25192 21 0 1 0.9
365585 1.0238 60 65 10 -10
364654 1.32873 21 70 0.6 0.9
363144 1.25068 24 67.5 1.4 0.9
363082 1.33911 15 45 -0.8 0.15
363082 1.05231 36 70 0.6 0.3
362842 1.2478 24 75 1.4 0.6
361690 1.17889 24 72.5 1.4 0.3
361690 1.17889 24 72.5 1.4 0.45
361347 1.45995 12 55 1.4 0.3
361340 1.4095 15 70 1.4 0
361340 1.4095 15 70 0.6 -10
361340 1.4095 15 70 1 0
361340 1.4095 15 70 1 -10
361340 1.4095 15 70 0.6 0
361340 1.4095 15 70 1.4 -10
361227 1.28908 21 75 -0.2 0
361227 1.28908 21 75 -0.2 0.15
361227 1.28908 21 75 -0.2 -10
360595 1.15147 36 75 -1 1.2
360048 1.64864 18 75 -0.2 0.9
359809 1.22456 24 65 -0.6 0.45
359809 1.22456 24 65 -0.6 0.3
359595 1.03587 48 65 -0.6 -10
359004 1.28841 21 75 1 0.15
359004 1.28841 21 75 1 -10
359004 1.28841 21 75 1 0
358508 1.24601 24 75 1.4 0.75
357633 1.03179 60 45 -0.8 0.6
357410 1.45705 12 57.5 1.4 0.3
357078 1.02751 60 55 1.4 0.6
356980 1.22311 24 67.5 -0.6 0.3
356980 1.22311 24 67.5 -0.6 0.45
356681 1.24712 24 70 1 0.9
356681 1.24712 24 70 1.4 0.9
356549 1.33531 18 45 -0.8 0.15
356472 1.44271 12 0 1.4 0.45
356470 1.24703 24 0 1 0.9
356470 1.24703 24 60 1 0.9
356470 1.24703 24 55 1 0.9
356433 1.10942 48 80 -0.6 1.2
356180 1.28522 21 75 1 0.3
355545 1.19464 36 80 -1 1.2
355485 1.10925 36 70 -0.6 1.05
355218 1.31422 15 55 -0.6 0.3
354753 1.06081 36 70 -0.6 0.6
354656 1.12007 48 82.5 -1 1.2
354261 1.0196 100 45 10 0.6
353868 1.1794 36 77.5 -1 1.2
353702 1.26226 12 55 1.4 -10
353636 1.06424 36 65 1 -10
353173 1.24937 24 67.5 0.6 0.9
353173 1.24937 21 65 0.6 0.9
353173 1.24937 24 65 0.6 0.9
353043 1.31183 15 0 -0.6 0.3
353007 1.20631 12 0 1 0
353007 1.20631 12 45 1.2 0
352736 1.40306 18 70 -0.6 0
352736 1.40306 18 70 -0.6 -10
352586 1.12521 36 77.5 -0.6 0.9
352101 1.22155 24 60 -0.6 0.45
351932 1.02385 60 55 1 0
351673 1.2293 24 75 10 -10
351673 1.2293 24 75 10 0.15
351673 1.2293 24 75 10 0
351438 1.21985 24 55 -0.6 0.45
350002 1.09991 36 75 -0.2 0.9
349753 1.2332 21 70 -0.6 0.15
349527 1.40078 15 70 -0.6 -0.45
349527 1.40078 15 70 -0.6 0
349527 1.40078 15 70 -0.6 -10
349527 1.40078 15 70 -0.6 -0.15
349527 1.40078 15 70 -0.6 -0.3
349518 1.32544 12 0 1 0.3
349518 1.32544 12 45 1.2 0.3
349068 1.20505 12 45 0.8 0
348879 1.06626 36 65 0.6 -10
348458 1.21698 36 82.5 -1 1.2
348263 1.37929 15 60 -0.6 0.15
348263 1.37929 15 57.5 -0.6 0.15
348263 1.37929 15 62.5 -0.6 0.15
347641 1.01751 60 45 10 -10
347280 1.02703 60 0 1.4 0.6
347112 1.27615 36 85 -0.2 1.2
347112 1.27615 36 85 1 1.2
345983 1.24608 18 55 0.6 0.9
345983 1.24608 18 60 0.6 0.9
345983 1.24608 18 57.5 0.6 0.9
345983 1.24608 18 45 0.8 0.9
345983 1.24608 18 0 0.6 0.9
345983 1.24608 18 62.5 0.6 0.9
345658 1.3229 12 45 0.8 0.3
345474 1.37548 15 65 -0.6 0.15
344902 1.02134 60 0 10 0.6
344858 1.02259 100 45 0.8 0.6
344640 1.2261 24 75 10 0.3
344417 1.09848 36 75 1 0.9
343914 1.25625 12 55 1 -0.45
343576 1.20329 12 0 0.6 0
343050 1.24453 24 70 0.6 0.9
342837 1.24445 21 55 0.6 0.9
342837 1.24445 21 45 0.8 0.9
342837 1.24445 24 60 0.6 0.9
342837 1.24445 24 55 0.6 0.9
342837 1.24445 24 45 0.8 0.9
342837 1.24445 21 60 0.6 0.9
342837 1.24445 21 57.5 0.6 0.9
342837 1.24445 21 62.5 0.6 0.9
342837 1.24445 21 0 0.6 0.9
342837 1.24445 24 0 0.6 0.9
342389 1.3732 18 65 -0.6 0.15
341450 1.32851 12 45 -0.8 0
340463 1.24281 24 72.5 0.6 0.9
340172 1.2546 12 57.5 1 -0.45
340172 1.2546 12 57.5 1 -10
340052 1.17788 100 85 -1 1.8
340052 1.17788 100 85 -0.6 1.8
338588 1.02231 100 0 0.6 0.6
336917 1.02014 100 0 1 0
336439 1.13672 100 45 0.8 2.4
336439 1.13672 100 55 0.6 2.4
336439 1.13672 100 45 -0.8 2.4
336439 1.13672 100 45 1.2 2.4
336439 1.13672 100 75 -1 2.4
336439 1.13672 100 75 -0.2 2.4
336439 1.13672 100 65 0.6 2.4
336439 1.13672 100 65 -0.6 2.4
336439 1.13672 100 75 -0.6 2.4
336439 1.13672 100 75 1 2.4
336439 1.13672 100 0 -0.6 2.4
336439 1.13672 100 45 0.4 2.4
336439 1.13672 100 0 0.6 2.4
336439 1.13672 100 55 -0.6 2.4
336439 1.13672 100 65 1 2.4
336439 1.13672 100 0 1 2.4
336439 1.13672 100 55 1 2.4
336405 1.02591 48 55 0.6 -10
336223 1.03539 100 55 -0.6 0.9
336223 1.03539 100 0 -0.6 0.9
336193 1.0201 100 45 1.2 0
335457 1.32491 15 45 -0.8 0
334918 1.19975 12 0 0.6 -0.15
334033 1.32659 36 85 -1 1.2
334033 1.32659 36 85 -0.6 1.2
333926 1.01916 60 55 10 0
333885 1.02464 60 45 0.4 0
333491 1.02811 60 45 0.4 0.6
333373 1.19832 12 0 1 -0.3
333373 1.19832 12 45 1.2 -0.3
333256 1.17324 100 85 -0.2 2.4
333256 1.17324 100 85 -1 2.4
333256 1.17324 100 85 -0.6 2.4
333256 1.17324 100 85 1 2.4
333256 1.17324 100 85 10 2.4
332837 1.3238 12 45 -0.8 -0.15
332227 1.60935 18 75 10 0.9
332227 1.60935 18 75 1 0.9
331653 1.19799 36 85 10 1.2
330925 1.25136 12 55 1.4 -0.45
330784 1.15859 36 80 -0.2 1.2
330543 1.63766 12 70 1 0.6
330543 1.63766 12 70 1.4 0.6
330543 1.63766 12 70 0.6 0.6
330222 1.36412 12 55 0.6 0
329930 1.10281 48 82.5 1 1.2
329930 1.10281 48 82.5 -0.2 1.2
329674 1.19706 12 45 0.8 -0.3
329022 1.08604 48 82.5 10 1.2
328160 1.15809 36 80 1 1.2
328140 1.2363 24 72.5 1.4 0.9
328140 1.2363 24 72.5 1 0.9
328139 1.01574 60 0 1 -10
327576 1.11929 36 77.5 -0.2 0.9
327528 1.36292 12 57.5 -0.6 0
327528 1.36292 12 62.5 -0.2 0
327528 1.36292 12 62.5 -0.6 0
327528 1.36292 12 55 -0.6 0
327528 1.36292 12 60 -0.6 0
327528 1.36292 12 62.5 1 0
327331 1.2958 15 55 -0.6 0.15
327327 1.2497 12 57.5 1.4 -0.45
327327 1.2497 12 57.5 1.4 -10
326859 1.22274 21 70 -0.6 0
326859 1.22274 21 70 -0.6 -10
326630 1.36251 12 60 1 0
326630 1.36251 12 57.5 0.6 0
326630 1.36251 12 60 -0.2 0
326526 1.22028 24 70 -0.6 0.15
326397 1.39383 24 75 -0.6 0.9
325723 1.03084 48 55 -0.6 0
325327 1.29341 15 0 -0.6 0.15
324992 1.29811 18 60 -0.6 0.15
324992 1.29811 18 57.5 -0.6 0.15
324992 1.29811 18 62.5 -0.6 0.15
324957 1.11847 36 77.5 1 0.9
324905 1.35911 12 65 -0.2 0
324905 1.35911 12 65 1 0
324905 1.35911 12 65 -0.6 0
324892 1.02595 100 65 -0.6 0.6
324842 1.36064 15 62.5 -0.6 -0.3
324842 1.36064 15 60 -0.6 -0.3
324624 1.04559 36 0 -0.6 0
324485 1.1953 12 0 0.6 -0.3
324391 1.29389 18 55 -0.6 0.15
324194 1.17172 36 82.5 1 1.2
324194 1.17172 36 82.5 -0.2 1.2
324175 1.3586 12 65 -0.6 -0.45
324175 1.3586 12 65 1 -0.3
324175 1.3586 12 65 -0.6 -10
324175 1.3586 12 65 -0.2 -0.45
324175 1.3586 12 65 1 -10
324175 1.3586 12 65 -0.2 -0.3
324175 1.3586 12 65 -0.6 -0.3
324175 1.3586 12 65 1 -0.45
324175 1.3586 12 65 -0.2 -10
323979 1.03091 36 0 -0.6 -10
323734 1.02988 60 0 -0.6 0.6
323734 1.02988 60 55 -0.6 0.6
323518 1.09335 36 70 -0.6 0.9
323260 1.12927 36 82.5 10 1.2
323024 1.04726 36 70 1 0
323024 1.04726 36 70 1 -10
322922 1.39079 24 75 0.6 0.9
322922 1.39079 24 75 1 0.9
322922 1.39079 24 75 1.4 0.9
322618 1.14421 36 70 -0.6 1.2
322618 1.14421 36 75 -0.6 1.2
322589 1.02169 100 55 1 0.6
322589 1.02169 100 0 1 0.6
322476 1.31786 12 45 -0.8 -0.3
322363 1.0195 100 45 0.8 0
321915 1.02579 48 45 -0.8 -10
321914 1.02165 100 45 1.2 0.6
321883 1.35802 12 55 0.6 -0.15
321780 1.3586 15 60 -0.6 0
321780 1.3586 15 57.5 -0.6 0
321780 1.3586 15 62.5 -0.6 0
321335 1.01586 60 0 0.6 -10
321145 1.02155 100 55 0.6 0.6
321004 1.22465 60 55 10 2.4
321004 1.22465 60 45 10 2.4
321004 1.22465 60 0 10 2.4
320950 1.13105 24 67.5 1 0.15
319913 1.35554 12 65 -0.6 -0.15
319913 1.35554 12 65 1 -0.15
319913 1.35554 12 65 -0.2 -0.15
319248 1.35681 12 60 -0.6 -0.15
319248 1.35681 12 62.5 1 -0.15
319248 1.35681 12 57.5 -0.6 -0.15
319248 1.35681 12 62.5 -0.6 -0.15
319248 1.35681 12 55 -0.6 -0.15
319248 1.35681 12 62.5 -0.2 -0.15
319204 1.35479 15 65 -0.6 0
319204 1.35479 15 65 -0.6 -10
319204 1.35479 15 65 -0.6 -0.3
318800 1.10851 100 55 10 2.4
318800 1.10851 100 45 10 2.4
318800 1.10851 100 0 10 2.4
318387 1.35641 12 60 -0.2 -0.15
318387 1.35641 12 57.5 0.6 -0.15
318387 1.35641 12 60 1 -0.15
318122 1.59577 15 62.5 1 0.9
318122 1.59577 15 62.5 0.6 0.9
318122 1.59577 15 70 0.6 0.9
318122 1.59577 15 60 0.6 0.9
318122 1.59577 15 65 0.6 0.9
318122 1.59577 15 0 0.6 0.9
318122 1.59577 15 55 1 0.9
318122 1.59577 15 65 1 0.9
318122 1.59577 15 70 1 0.9
318122 1.59577 15 45 0.4 0.9
318122 1.59577 15 60 1 0.9
318122 1.59577 15 55 0.6 0.9
318122 1.59577 15 57.5 0.6 0.9
318122 1.59577 15 57.5 1 0.9
318122 1.59577 15 0 1 0.9
318122 1.59577 15 45 0.8 0.9
318122 1.59577 15 70 1.4 0.9
317696 1.12931 36 70 0.6 1.2
317570 1.18548 12 0 1.4 0
317398 1.47346 21 75 -0.2 0.9
316870 1.04992 36 70 -0.6 0.3
316609 1.17142 36 80 -0.6 1.2
316609 1.17142 36 77.5 -0.6 1.2
316572 1.04277 36 55 -0.6 -10
315779 1.10799 48 82.5 -0.6 1.2
315698 1.47156 21 75 -0.6 0.9
315105 1.38465 60 85 -1 1.8
315105 1.38465 60 85 -0.6 1.8
314440 1.29031 12 0 1.4 0.3
313454 1.08576 36 65 0.6 1.05
312331 1.46776 21 75 1 0.9
311844 1.3509 12 55 0.6 -0.3
311694 1.08633 100 75 -1 1.8
311524 1.01898 100 0 0.6 0
311505 1.12718 36 75 -0.2 1.2
310961 1.15987 60 75 -1 1.8
310791 1.35046 15 57.5 -0.6 -0.3
310717 1.60474 12 70 1.4 0.3
310717 1.60474 12 70 1 0.3
310717 1.60474 12 70 0.6 0.3
310684 1.04596 36 70 0.6 0
310684 1.04596 36 70 0.6 -10
310268 1.18743 36 82.5 -0.6 1.2
310037 1.22055 60 65 10 2.4
309848 1.01595 100 45 10 0
309298 1.34969 12 60 -0.6 -0.3
309298 1.34969 12 57.5 -0.6 -0.3
309298 1.34969 12 62.5 1 -0.3
309298 1.34969 12 62.5 -0.6 -0.3
309298 1.34969 12 62.5 -0.2 -0.3
309298 1.34969 12 55 -0.6 -0.3
309047 1.56757 12 0 1 0.6
309047 1.56757 12 57.5 1.4 0.6
309047 1.56757 12 55 1 0.6
309047 1.56757 12 55 1.4 0.6
309047 1.56757 12 57.5 1 0.6
309047 1.56757 12 0 1.4 0.6
309047 1.56757 12 45 1.2 0.6
309035 1.12673 36 75 1 1.2
308755 1.37068 60 55 0.6 2.4
308755 1.37068 60 55 1 2.4
308755 1.37068 60 75 -0.6 2.4
308755 1.37068 60 45 -0.8 2.4
308755 1.37068 60 45 0.8 2.4
308755 1.37068 60 65 1 2.4
308755 1.37068 60 65 0.6 2.4
308755 1.37068 60 75 1 2.4
308755 1.37068 60 0 -0.6 2.4
308755 1.37068 60 75 -0.2 2.4
308755 1.37068 60 55 -0.6 2.4
308755 1.37068 60 75 -1 2.4
308755 1.37068 60 0 0.6 2.4
308755 1.37068 60 45 0.4 2.4
308755 1.37068 60 45 1.2 2.4
308755 1.37068 60 0 1 2.4
308755 1.37068 60 65 -0.6 2.4
308690 1.12742 24 67.5 0.6 0.15
308450 1.34928 12 60 1 -0.3
308450 1.34928 12 57.5 0.6 -0.3
308450 1.34928 12 60 -0.2 -0.3
308416 1.21634 24 75 1.4 -10
308416 1.21634 24 75 1.4 0
308323 1.02435 60 65 1 0
307895 1.10664 100 65 10 2.4
306478 1.56502 12 62.5 1 0.6
306478 1.56502 12 60 1 0.6
305704 1.15036 36 77.5 -0.2 1.2
305155 1.20981 24 70 -0.6 0
305155 1.20981 24 70 -0.6 -10
304145 1.0247 60 65 0.6 0
303799 1.56628 12 45 1.2 0.45
303799 1.56628 12 0 1 0.45
303257 1.14987 36 77.5 1 1.2
303227 1.46277 21 75 10 0.9
302947 1.56543 12 45 0.4 0.45
302947 1.56543 12 45 0.8 0.45
302946 1.13978 100 80 1 2.4
302946 1.13978 100 80 -0.2 2.4
302946 1.13978 100 80 -1 2.4
302946 1.13978 100 80 -0.6 2.4
302434 1.2816 15 55 -0.6 0
302262 1.21314 24 75 1.4 0.3
300521 1.55908 12 57.5 0.6 0.6
300521 1.55908 12 65 1 0.6
300521 1.55908 12 0 0.6 0.6
300521 1.55908 12 45 0.8 0.6
300521 1.55908 12 55 0.6 0.6
299912 1.17749 12 0 1.4 -0.3
298797 1.55739 12 45 0.4 0.6
297278 1.02072 60 55 1.4 0
296527 1.12253 24 67.5 1 0
296527 1.12253 24 67.5 1 -10
296196 1.09362 36 70 0.6 1.05
295867 1.07749 36 65 -0.6 0.9
294981 1.04804 36 65 -0.6 0.6
292348 1.29948 18 45 -0.8 0
292233 1.6126 60 87.5 -0.2 1.8
292233 1.6126 60 87.5 -1 1.8
292233 1.6126 60 87.5 1 1.8
292233 1.6126 60 87.5 -0.6 1.8
291346 1.02333 60 65 1.4 0
290306 1.43394 18 70 -0.6 0.9
289736 1.60326 60 85 -0.6 2.4
289736 1.60326 60 85 -0.2 2.4
289736 1.60326 60 85 10 2.4
289736 1.60326 60 85 1 2.4
289736 1.60326 60 85 -1 2.4
289581 1.43349 18 65 -0.6 0.9
288288 1.02314 60 65 1 -10
288244 1.37763 24 75 10 0.9
288075 1.09134 36 70 1 1.05
287916 1.53591 12 55 1 0.3
287916 1.53591 12 55 0.6 0.3
286329 1.1782 12 0 0.6 -0.45
286156 1.01245 100 0 10 0
285569 1.53337 12 62.5 -0.2 0.3
285569 1.53337 12 62.5 1 0.3
285206 1.1189 24 67.5 0.6 0
285206 1.1189 24 67.5 0.6 -10
284777 1.53252 12 60 1 0.3
284777 1.53252 12 57.5 1 0.3
284777 1.53252 12 60 -0.2 0.3
284777 1.53252 12 57.5 0.6 0.3
284552 1.29507 12 45 -0.8 -0.45
284369 1.02346 60 65 0.6 -10
283571 1.0403 36 55 -0.6 0
283282 1.52702 12 65 -0.2 0.3
283282 1.52702 12 65 1 0.3
282607 1.02135 100 65 1.4 0.6
281826 1.27302 12 55 0.6 -10
281281 1.01721 100 0 1.4 0
280943 1.35675 24 67.5 -0.6 0.9
280943 1.35675 24 65 -0.6 0.9
280943 1.35675 21 65 -0.6 0.9
280706 1.32655 18 65 -0.6 -10
280706 1.32655 18 65 -0.6 0
280606 1.08434 100 80 -1 1.8
280606 1.08434 100 80 -0.6 1.8
280330 1.35596 24 70 -0.6 0.9
280330 1.35596 21 70 -0.6 0.9
280251 1.01882 60 45 0.4 -10
280088 1.02548 60 45 -0.8 0
279526 1.27201 12 55 -0.6 -10
279400 1.32096 48 55 10 2.4
279400 1.32096 48 0 10 2.4
279400 1.32096 48 45 10 2.4
276573 1.0185 60 55 1 -10
275716 1.35005 24 72.5 -0.6 0.9
275288 1.27486 60 75 10 2.4
273878 1.26792 15 60 -0.6 -10
273739 1.17379 12 0 1 -10
273385 1.1097 100 75 10 2.4
272728 1.34985 21 55 -0.6 0.9
272728 1.34985 18 60 -0.6 0.9
272728 1.34985 18 55 -0.6 0.9
272728 1.34985 21 60 -0.6 0.9
272728 1.34985 24 60 -0.6 0.9
272728 1.34985 18 57.5 -0.6 0.9
272728 1.34985 21 62.5 -0.6 0.9
272728 1.34985 24 55 -0.6 0.9
272728 1.34985 21 57.5 -0.6 0.9
272728 1.34985 18 62.5 -0.6 0.9
272388 1.02214 60 65 1.4 -10
271709 1.12114 36 70 1 1.2
271602 1.25959 18 45 0.4 0.9
270644 1.01521 100 45 1.2 -10
270636 1.20264 12 45 0.4 0
270571 1.01648 100 65 10 0
269836 1.30975 48 65 10 2.4
269157 1.25769 24 45 0.4 0.9
269157 1.25769 21 45 0.4 0.9
268578 1.01978 60 55 0.6 0
268499 1.26459 15 62.5 -0.6 -10
268437 1.20178 12 0 -0.6 0
268231 1.41842 48 75 -0.6 1.8
267982 1.33797 12 0 0.6 0.3
267982 1.33797 12 45 0.4 0.3
267546 1.02122 100 45 -0.8 0.6
267139 1.01885 100 55 1.4 0.6
267027 1.15127 21 65 -0.6 0.15
267012 1.013 60 0 1.4 -10
266958 1.09589 100 75 -0.2 2.1
266894 1.17082 12 45 1.2 -10
266486 1.26228 18 57.5 -0.6 0
266486 1.26228 18 62.5 -0.6 0
266486 1.26228 18 60 -0.6 0
266442 1.17077 12 0 0.6 -10
265981 1.25807 18 55 -0.6 0
265554 1.02523 60 65 -0.6 0
265365 1.13268 60 80 -1 1.8
265365 1.13268 60 80 -0.6 1.8
263938 1.16956 12 45 0.8 -10
263805 1.85684 100 90 -0.2 1.8
263805 1.85684 100 90 -0.6 1.95
263805 1.85684 100 90 -0.6 2.25
263805 1.85684 100 90 -1 2.25
263805 1.85684 100 90 -0.2 2.4
263805 1.85684 60 90 10 2.4
263805 1.85684 60 90 -0.2 2.1
263805 1.85684 100 90 -0.6 2.1
263805 1.85684 100 90 -0.6 2.4
263805 1.85684 100 90 -0.6 1.8
263805 1.85684 100 90 -0.2 2.1
263805 1.85684 60 90 1 2.25
263805 1.85684 60 90 1 1.95
263805 1.85684 60 90 1 2.1
263805 1.85684 60 90 -0.6 2.25
263805 1.85684 60 90 -0.6 1.95
263805 1.85684 60 90 -0.6 2.1
263805 1.85684 100 90 1 2.25
263805 1.85684 100 90 1 2.1
263805 1.85684 100 90 -0.2 2.25
263805 1.85684 100 90 -0.2 1.95
263805 1.85684 60 90 -0.2 1.8
263805 1.85684 100 90 10 2.4
263805 1.85684 100 90 1 2.4
263805 1.85684 100 90 1 1.8
263805 1.85684 60 90 -0.2 2.4
263805 1.85684 60 90 -0.6 2.4
263805 1.85684 60 90 -0.2 2.25
263805 1.85684 60 90 -0.2 1.95
263805 1.85684 60 90 -0.6 1.8
263805 1.85684 60 90 -1 1.8
263805 1.85684 100 90 -1 1.8
263805 1.85684 60 90 1 2.4
263805 1.85684 100 90 -1 2.4
263805 1.85684 100 90 -1 2.1
263805 1.85684 60 90 -1 2.25
263805 1.85684 60 90 -1 2.4
263805 1.85684 100 90 1 1.95
263805 1.85684 60 90 -1 2.1
263805 1.85684 60 90 1 1.8
263805 1.85684 60 90 -1 1.95
263805 1.85684 100 90 -1 1.95
263655 1.2603 12 55 0.6 -0.45
263395 1.30529 60 80 -1 2.4
263395 1.30529 60 80 1 2.4
263395 1.30529 60 80 -0.6 2.4
263395 1.30529 60 80 -0.2 2.4
263228 1.01621 100 55 1 0
262372 1.01484 60 55 10 -10
261651 1.19774 12 0 -0.6 -0.15
261505 1.25929 12 57.5 -0.6 -10
261505 1.25929 12 55 -0.6 -0.45
261505 1.25929 12 57.5 -0.6 -0.45
261308 1.14797 21 57.5 -0.6 0.15
261308 1.14797 21 62.5 -0.6 0.15
261308 1.14797 21 60 -0.6 0.15
260901 1.25872 15 57.5 -0.6 -10
260807 1.14806 21 55 -0.6 0.15
260796 1.25895 12 57.5 0.6 -0.45
260796 1.25895 12 57.5 0.6 -10
260754 1.25879 12 60 -0.6 -0.45
260754 1.25879 12 60 -0.6 -10
260045 1.25846 12 60 1 -0.45
260045 1.25846 12 60 1 -10
260045 1.25846 12 60 -0.2 -0.45
260045 1.25846 12 60 -0.2 -10
259821 1.01843 100 0 1.4 0.6
259527 1.01467 100 45 0.8 -10
258896 1.26424 60 55 1.4 2.4
258896 1.26424 60 65 1.4 2.4
258896 1.26424 60 0 1.4 2.4
258791 1.29823 48 70 10 2.4
258016 1.01514 100 0 10 0.6
257113 1.10567 100 55 1.4 2.4
257113 1.10567 100 0 1.4 2.4
257113 1.10567 100 65 1.4 2.4
257105 1.19142 15 0 -0.6 0
255700 1.25546 12 62.5 1 -10
255700 1.25546 12 62.5 1 -0.45
255700 1.25546 12 62.5 -0.6 -0.45
255700 1.25546 12 62.5 -0.6 -10
255700 1.25546 12 62.5 -0.2 -10
255700 1.25546 12 62.5 -0.2 -0.45
253502 1.19265 12 0 -0.6 -0.3
253193 1.24937 15 55 -0.6 -10
252892 1.01556 100 65 10 -10
251736 1.6948 48 77.5 -0.6 1.8
250099 1.26424 21 65 1.4 1.2
250099 1.26424 18 65 1.4 1.2
249796 1.01335 100 55 10 0
249436 1.01869 100 45 0.4 0.6
248234 1.0239 60 65 -0.6 -10
247490 1.02262 60 0 -0.6 0
247010 1.06904 100 75 -0.6 1.8
246816 1.04064 36 70 -0.6 -10
246816 1.04064 36 70 -0.6 0
246697 1.14062 21 65 -0.6 0
246697 1.14062 21 65 -0.6 -10
246257 1.15296 12 0 1.4 -10
244339 1.26151 48 65 -0.6 1.8
244339 1.26151 48 55 -0.6 1.8
244339 1.26151 48 45 -0.8 1.8
244339 1.26151 48 0 -0.6 1.8
243543 1.13678 24 67.5 -0.6 0.15
242138 1.01955 100 55 -0.6 0.6
242138 1.01955 100 0 -0.6 0.6
241405 1.13732 21 62.5 -0.6 0
241405 1.13732 21 57.5 -0.6 0
241405 1.13732 21 60 -0.6 0
240961 1.13741 21 55 -0.6 0
239606 1.55699 48 75 10 2.4
239384 1.73063 100 90 -0.6 2.7
239384 1.73063 100 90 1 2.7
239384 1.73063 60 90 -1 2.7
239384 1.73063 60 90 1 2.7
239384 1.73063 60 90 -0.2 2.7
239384 1.73063 60 90 -0.6 2.7
239384 1.73063 100 90 -1 2.7
239384 1.73063 100 90 -0.2 2.7
235809 1.007 60 0 10 -10
234867 1.01347 60 0 -0.6 -10
231774 1.70169 15 75 1 0.9
231774 1.70169 15 75 10 0.9
231606 1.01792 60 45 -0.8 -10
231517 1.10563 100 80 10 2.4
230917 1.13679 21 62.5 -0.6 -10
230905 1.01502 100 45 0.4 0
230699 1.01091 100 45 10 -10
230086 1.0152 60 55 1.4 -10
228929 1.33625 48 70 -0.6 1.8
227310 1.19127 18 60 -0.6 -10
227185 1.01965 48 55 -0.6 -10
225566 1.26356 100 65 10 3
225566 1.26356 100 55 10 3
225566 1.26356 100 45 10 3
225566 1.26356 100 0 10 3
225566 1.26356 100 75 10 3
225338 1.51561 48 0 1.4 2.4
225338 1.51561 48 65 1.4 2.4
225338 1.51561 48 70 1.4 2.4
225338 1.51561 48 55 1.4 2.4
225007 1.05482 100 65 -0.6 1.8
225007 1.05482 100 55 -0.6 1.8
225007 1.05482 100 0 -0.6 1.8
225007 1.05482 100 45 -0.8 1.8
225001 1.12613 24 67.5 -0.6 0
225001 1.12613 24 67.5 -0.6 -10
223693 1.17311 12 0 -0.6 -0.45
223333 1.51581 60 65 10 3
223333 1.51581 60 75 10 3
223333 1.51581 60 55 10 3
223333 1.51581 60 45 10 3
223333 1.51581 60 0 10 3
222852 1.18842 18 62.5 -0.6 -10
222370 1.01351 100 55 1.4 0
220872 1.21193 60 80 10 2.4
220838 1.1874 12 45 -0.8 -10
217763 1.00979 100 0 1 -10
214234 1.07493 100 75 1 2.1
213891 1.21291 24 65 1.4 1.2
213268 1.01446 100 65 1 0
213266 1.00971 100 0 0.6 -10
211018 1.0147 60 55 0.6 -10
210348 1.01461 100 65 0.6 0
208151 1.16462 12 0 -0.6 -10
207127 1.37183 24 75 1.4 1.05
206841 1.01181 100 55 1 -10
206315 1.10013 24 65 -0.6 0.15
205859 1.16141 18 57.5 -0.6 -10
205662 1.20223 24 67.5 1.4 1.2
204612 1.16208 12 45 0.4 -10
203735 1.10938 60 75 -0.6 1.8
202399 1.20821 18 65 10 1.2
201926 1.42805 48 45 1.2 2.1
201906 1.0972 24 60 -0.6 0.15
201524 1.01369 100 65 1.4 0
201509 1.09728 24 55 -0.6 0.15
200925 1.01245 100 55 0.6 0
199769 1.15711 18 55 -0.6 -10
199380 1.01338 100 65 1 -10
197934 1.45004 48 75 -1 1.8
196726 1.01352 100 65 0.6 -10
196304 1.00965 100 55 10 -10
196178 1.09902 21 60 -0.6 -10
193729 1.01453 100 45 -0.8 0
192294 1.39731 48 0 1.4 2.1
192294 1.39731 48 55 1.4 2.1
190611 1.09066 24 65 -0.6 -10
190611 1.09066 24 65 -0.6 0
190114 1.19766 18 57.5 1.4 1.2
190114 1.19766 21 55 1.4 1.2
190114 1.19766 18 60 1.4 1.2
190114 1.19766 18 0 1.4 1.2
190114 1.19766 21 60 1.4 1.2
190114 1.19766 18 55 1.4 1.2
190114 1.19766 18 62.5 1.4 1.2
190114 1.19766 21 57.5 1.4 1.2
190114 1.19766 21 62.5 1.4 1.2
190114 1.19766 21 0 1.4 1.2
188421 1.45853 100 85 1 3
188421 1.45853 100 85 -0.6 3
188421 1.45853 100 85 -0.2 3
188421 1.45853 100 85 10 3
188421 1.45853 100 85 -1 3
188418 1.01263 100 65 1.4 -10
186517 1.08773 24 60 -0.6 0
186174 1.08781 24 55 -0.6 0
186003 1.01058 100 45 0.4 -10
185703 1.23574 21 57.5 0.6 1.2
185703 1.23574 21 65 0.6 1.2
185703 1.23574 21 60 1 1.2
185703 1.23574 24 45 0.8 1.2
185703 1.23574 18 62.5 1 1.2
185703 1.23574 18 45 0.4 1.2
185703 1.23574 21 65 1 1.2
185703 1.23574 18 65 0.6 1.2
185703 1.23574 18 60 1 1.2
185703 1.23574 18 60 0.6 1.2
185703 1.23574 18 45 0.8 1.2
185703 1.23574 21 0 1 1.2
185703 1.23574 18 57.5 1 1.2
185703 1.23574 24 60 0.6 1.2
185703 1.23574 21 62.5 1 1.2
185703 1.23574 24 0 0.6 1.2
185703 1.23574 18 55 0.6 1.2
185703 1.23574 24 55 0.6 1.2
185703 1.23574 18 57.5 0.6 1.2
185703 1.23574 21 45 0.4 1.2
185703 1.23574 24 45 0.4 1.2
185703 1.23574 21 45 0.8 1.2
185703 1.23574 18 0 0.6 1.2
185703 1.23574 18 0 1 1.2
185703 1.23574 21 0 0.6 1.2
185703 1.23574 18 55 1 1.2
185703 1.23574 18 65 1 1.2
185703 1.23574 21 55 0.6 1.2
185703 1.23574 24 65 0.6 1.2
185703 1.23574 21 62.5 0.6 1.2
185703 1.23574 21 57.5 1 1.2
185703 1.23574 18 62.5 0.6 1.2
185703 1.23574 21 60 0.6 1.2
185703 1.23574 21 55 1 1.2
185590 1.08245 60 45 -0.8 1.8
185590 1.08245 60 55 -0.6 1.8
185590 1.08245 60 65 -0.6 1.8
185590 1.08245 60 0 -0.6 1.8
184117 1.01659 60 55 -0.6 0
183679 1.01394 100 65 -0.6 0
181972 1.08948 24 60 -0.6 -10
178561 1.22132 24 67.5 0.6 1.2
177661 1.08251 21 57.5 -0.6 -10
177175 1.00744 100 0 1.4 -10
176797 1.76829 60 80 -0.6 3
176797 1.76829 60 80 10 3
176797 1.76829 60 45 -0.8 3
176797 1.76829 60 0 1.4 3
176797 1.76829 60 45 1.2 3
176797 1.76829 60 55 0.6 3
176797 1.76829 60 65 1 3
176797 1.76829 60 45 0.8 3
176797 1.76829 60 80 -1 3
176797 1.76829 60 45 0.4 3
176797 1.76829 60 0 1 3
176797 1.76829 60 55 1.4 3
176797 1.76829 60 55 1 3
176797 1.76829 60 0 0.6 3
176797 1.76829 60 80 1 3
176797 1.76829 60 75 -0.2 3
176797 1.76829 60 65 0.6 3
176797 1.76829 60 75 1 3
176797 1.76829 60 0 -0.6 3
176797 1.76829 60 65 -0.6 3
176797 1.76829 60 80 -0.2 3
176797 1.76829 60 75 -0.6 3
176797 1.76829 60 65 1.4 3
176797 1.76829 60 55 -0.6 3
176797 1.76829 60 75 -1 3
175388 1.05977 100 45 0.4 2.1
175388 1.05977 100 0 1 2.1
175388 1.05977 100 55 1 2.1
175388 1.05977 100 65 0.6 2.1
175388 1.05977 100 0 0.6 2.1
175388 1.05977 100 55 0.6 2.1
175388 1.05977 100 45 0.8 2.1
175388 1.05977 100 45 1.2 2.1
175388 1.05977 100 65 1 2.1
172996 1.29361 12 75 -0.6 -0.15
172996 1.29361 12 75 -0.6 0
172996 1.29361 12 75 -0.6 -10
172996 1.29361 12 75 -0.6 -0.45
172996 1.29361 12 75 -0.6 -0.3
172428 1.72433 48 70 0.6 2.4
172428 1.72433 48 55 0.6 2.4
172428 1.72433 48 75 -1 2.4
172428 1.72433 48 65 0.6 2.4
172428 1.72433 48 70 -0.6 2.4
172428 1.72433 48 0 -0.6 2.4
172428 1.72433 48 45 0.8 2.4
172428 1.72433 48 0 0.6 2.4
172428 1.72433 48 55 1 2.4
172428 1.72433 48 75 -0.2 2.4
172428 1.72433 48 75 1 2.4
172428 1.72433 48 75 -0.6 2.4
172428 1.72433 48 0 1 2.4
172428 1.72433 48 65 1 2.4
172428 1.72433 48 45 -0.8 2.4
172428 1.72433 48 45 1.2 2.4
172428 1.72433 48 65 -0.6 2.4
172428 1.72433 48 55 -0.6 2.4
172428 1.72433 48 45 0.4 2.4
172428 1.72433 48 70 1 2.4
172117 1.00899 100 55 1.4 -10
171700 1.01277 100 65 -0.6 -10
171295 1.24576 100 80 -0.6 3
171295 1.24576 100 65 1 3
171295 1.24576 100 80 1 3
171295 1.24576 100 0 0.6 3
171295 1.24576 100 55 1 3
171295 1.24576 100 65 -0.6 3
171295 1.24576 100 0 1 3
171295 1.24576 100 65 1.4 3
171295 1.24576 100 80 -1 3
171295 1.24576 100 55 1.4 3
171295 1.24576 100 55 -0.6 3
171295 1.24576 100 75 -0.2 3
171295 1.24576 100 0 1.4 3
171295 1.24576 100 65 0.6 3
171295 1.24576 100 55 0.6 3
171295 1.24576 100 45 0.8 3
171295 1.24576 100 45 -0.8 3
171295 1.24576 100 75 1 3
171295 1.24576 100 80 10 3
171295 1.24576 100 45 0.4 3
171295 1.24576 100 75 -1 3
171295 1.24576 100 45 1.2 3
171295 1.24576 100 0 -0.6 3
171295 1.24576 100 80 -0.2 3
171295 1.24576 100 75 -0.6 3
171187 1.01217 100 0 -0.6 0
167018 1.05704 100 0 1.4 2.1
167018 1.05704 100 55 1.4 2.1
167018 1.05704 100 65 1.4 2.1
162595 1.14633 24 0 1.4 1.2
162595 1.14633 24 60 1.4 1.2
162595 1.14633 24 55 1.4 1.2
160947 1.28395 12 75 -0.2 0
160947 1.28395 12 75 -0.2 -10
160947 1.28395 12 75 -0.2 -0.45
160947 1.28395 12 75 -0.2 -0.15
160947 1.28395 12 75 -0.2 -0.3
159956 1.28261 12 75 1 -10
159956 1.28261 12 75 10 -0.45
159956 1.28261 12 75 10 -10
159956 1.28261 12 75 10 0
159956 1.28261 12 75 10 -0.3
159956 1.28261 12 75 1 -0.45
159956 1.28261 12 75 1 -0.15
159956 1.28261 12 75 1 -0.3
159956 1.28261 12 75 1 0
159956 1.28261 12 75 10 -0.15
158818 1.1673 24 55 1 1.2
158818 1.1673 24 0 1 1.2
158818 1.1673 24 60 1 1.2
158818 1.1673 24 65 1 1.2
157843 1.00829 100 55 0.6 -10
155843 1.00692 100 0 -0.6 -10
153699 1.00915 100 45 -0.8 -10
152709 1.15288 24 67.5 1 1.2
152403 1.07972 60 65 1 2.1
152403 1.07972 60 55 1 2.1
152403 1.07972 60 0 0.6 2.1
152403 1.07972 60 55 0.6 2.1
152403 1.07972 60 45 0.8 2.1
152403 1.07972 60 0 1 2.1
152403 1.07972 60 45 0.4 2.1
152403 1.07972 60 45 1.2 2.1
151706 1.51711 24 45 -0.8 1.2
147926 1.14208 12 0 10 0.9
147926 1.14208 12 45 10 0.9
147167 1.33901 12 75 -1 -0.45
147167 1.33901 12 75 -1 0
0
2285992 100 87.5 -0.714286 0.05