2213804 1.49897 0 17.5 -10 -0.225
2146150 1.57663 0 55 0.4 -0.375
2146150 1.57663 0 100 0.4 -0.375
2146150 1.57663 0 45 0.4 -0.375
2130017 1.58106 0 55 1.2 10
2130017 1.58106 0 100 1.2 0.525
2130017 1.58106 0 100 1.2 0.225
2130017 1.58106 0 55 1.2 0.225
2130017 1.58106 0 100 1.2 0.375
2130017 1.58106 0 55 1.2 0.375
2130017 1.58106 0 100 1.2 10
2130017 1.58106 0 55 1.2 0.525
2027760 1.74731 0 17.5 0.8 0.525
2027760 1.74731 0 17.5 0.8 0.225
2027760 1.74731 0 17.5 0.8 0.375
2027760 1.74731 0 17.5 0.8 10
1871537 1.56066 0 17.5 0.4 0.225
1871537 1.56066 0 17.5 0.4 0.525
1871537 1.56066 0 17.5 0.4 0.375
1871537 1.56066 0 17.5 0.4 10
1801921 1.53812 0 17.5 0 -0.3
1796830 1.47105 0 17.5 -10 10
1796830 1.47105 0 17.5 -10 -0.075
1796830 1.47105 0 17.5 -10 0.375
1647007 1.58344 0 20 0.8 0.225
1647007 1.58344 0 20 0.8 0.525
1647007 1.58344 0 20 0.8 10
1647007 1.58344 0 20 0.8 0.375
1627503 1.61933 0 17.5 0.4 -0.225
1581846 1.44557 0 35 0 -0.3
1566255 1.71066 0 25 0.8 -0.225
1540357 1.44171 0 55 0 -0.3
1540357 1.44171 0 100 0 -0.3
1540357 1.44171 0 45 0 -0.3
1496150 1.60274 0 35 0.8 -0.225
1496149 1.60274 0 55 0.8 -0.225
1496149 1.60274 0 45 0.8 -0.225
1496149 1.60274 0 100 0.8 -0.225
1455185 1.59782 0 45 1.2 0.375
1455185 1.59782 0 45 1.2 10
1455185 1.59782 0 45 1.2 0.225
1455185 1.59782 0 45 1.2 0.525
1446529 1.42748 0 25 -0.8 -0.375
1444177 1.42705 0 22.5 -0.8 -0.375
1444030 1.42404 0 20 -10 -0.375
1425851 1.44286 0 100 0.4 -0.075
1425851 1.44286 0 45 0.4 -0.075
1425851 1.44286 0 55 0.4 -0.075
1415947 1.55679 0 22.5 0.8 0.225
1415947 1.55679 0 22.5 0.8 10
1415947 1.55679 0 22.5 0.8 0.375
1415947 1.55679 0 22.5 0.8 0.525
1415947 1.55679 0 25 0.8 -0.075
1376271 1.48774 0 17.5 -0.8 -0.225
1372772 1.57033 0 17.5 0 10
1372772 1.57033 0 17.5 0 0.3
1372772 1.57033 0 17.5 0 -0.15
1371733 1.47831 0 15 -10 -0.225
1351915 1.47643 0 15 -10 10
1351915 1.47643 0 15 -10 0.375
1351915 1.47643 0 15 -10 -0.075
1344172 1.41595 0 20 -10 -0.225
1344172 1.41595 0 20 -10 10
1344172 1.41595 0 20 -10 0.375
1344172 1.41595 0 20 -10 -0.075
1342989 1.54903 0 25 0.8 10
1342989 1.54903 0 25 0.8 0.375
1313817 1.48766 0 20 0.4 0.375
1313817 1.48766 0 20 0.4 10
1313817 1.48766 0 20 0.4 0.225
1313817 1.48766 0 20 0.4 0.525
1305934 1.47336 0 35 0 -0.45
1283848 1.4125 0 22.5 -10 -0.375
1277324 1.40827 0 25 -10 -0.375
1276942 1.48367 0 55 0.4 -0.225
1276942 1.48367 0 100 0.4 -0.225
1276942 1.48367 0 45 0.4 -0.225
1271920 1.46901 0 45 0 -0.45
1271920 1.46901 0 100 0 -0.45
1271920 1.46901 0 55 0 -0.45
1242093 1.47206 0 100 0.8 10
1242092 1.47206 0 55 0.8 0.375
1242092 1.47206 0 55 0.8 10
1242092 1.47206 0 100 0.8 0.375
1226261 1.4602 0 22.5 0 -0.3
1219484 1.40861 0 22.5 -0.8 10
1219484 1.40861 0 22.5 -0.8 0.375
1219484 1.40861 0 22.5 -0.8 -0.225
1219484 1.40861 0 22.5 -0.8 -0.075
1196864 1.47427 0 25 0.4 0.525
1196864 1.47427 0 22.5 0.4 0.375
1196864 1.47427 0 22.5 0.4 10
1196864 1.47427 0 22.5 0.4 0.225
1196864 1.47427 0 22.5 0.4 0.525
1196864 1.47427 0 25 0.4 10
1196864 1.47427 0 25 0.4 0.225
1196864 1.47427 0 25 0.4 0.375
1161873 1.45491 0 20 0 -0.3
1155961 1.40249 0 35 -0.4 0.375
1155961 1.40249 0 35 -0.4 -0.075
1155961 1.40249 0 35 -0.4 -0.225
1155961 1.40249 0 35 -0.4 10
1142456 1.5359 0 20 0.4 -0.225
1135156 1.44655 0 25 0 -0.3
1116857 1.45634 0 17.5 -0.8 -0.075
1116857 1.45634 0 17.5 -0.8 10
1116857 1.45634 0 17.5 -0.8 0.375
1112939 1.39603 0 25 -0.8 10
1112939 1.39603 0 25 -0.8 -0.225
1112939 1.39603 0 25 -0.8 -0.075
1112939 1.39603 0 25 -0.8 0.375
1107024 1.39635 0 22.5 -10 0.375
1107024 1.39635 0 22.5 -10 -0.075
1107024 1.39635 0 22.5 -10 -0.225
1107024 1.39635 0 22.5 -10 10
1100212 1.44541 0 35 -0.4 -0.375
1080436 1.50708 0 35 0.8 -0.075
1080435 1.50708 0 100 0.8 -0.075
1080435 1.50708 0 45 0.8 -0.075
1080435 1.50708 0 55 0.8 -0.075
1049681 1.44388 0 35 0 -0.15
1049681 1.44388 0 35 0 10
1049681 1.44388 0 35 0 0.3
1043459 1.38343 0 25 -10 -0.075
1043459 1.38343 0 25 -10 -0.225
1043459 1.38343 0 25 -10 0.375
1043459 1.38343 0 25 -10 10
1040761 1.52061 0 25 0.4 -0.225
1040760 1.52061 0 22.5 0.4 -0.225
1022205 1.43953 0 100 0 -0.15
1022205 1.43953 0 45 0 10
1022205 1.43953 0 45 0 -0.15
1022205 1.43953 0 45 0 0.3
1022205 1.43953 0 55 0 -0.15
1001320 1.48061 0 17.5 -10 -0.375
985738 1.3715 0 35 -1.2 -0.375
984912 1.37417 0 35 -0.8 -0.375
974927 1.44724 0 45 0.4 10
974927 1.44724 0 55 0.4 10
974927 1.44724 0 100 0.4 0.375
974927 1.44724 0 45 0.4 0.375
974927 1.44724 0 55 0.4 0.375
968151 1.57178 0 15 0 -0.3
952331 1.37018 0 55 -0.8 -0.375
952331 1.37018 0 45 -0.8 -0.375
931343 1.4807 0 22.5 0 -0.15
931343 1.4807 0 22.5 0 0.3
931343 1.4807 0 22.5 0 10
924454 1.35696 0 35 -10 -0.375
901656 1.36609 0 35 -0.8 -0.225
901656 1.36609 0 35 -0.8 -0.075
901656 1.36609 0 35 -0.8 10
901656 1.36609 0 35 -0.8 0.375
899690 1.42014 0 55 0 10
899690 1.42014 0 55 0 0.3
892955 1.4027 0 20 -0.8 -0.375
882804 1.46976 0 25 0 10
882804 1.46976 0 25 0 -0.15
882804 1.46976 0 25 0 0.3
882473 1.47466 0 20 0 10
882473 1.47466 0 20 0 -0.15
882473 1.47466 0 20 0 0.3
857549 1.39799 0 20 -0.8 0.375
857549 1.39799 0 20 -0.8 -0.225
857549 1.39799 0 20 -0.8 -0.075
857549 1.39799 0 20 -0.8 10
854056 1.35679 0 35 -1.2 -0.075
854056 1.35679 0 35 -1.2 10
854056 1.35679 0 35 -1.2 0.375
854056 1.35679 0 35 -1.2 -0.225
848589 1.47325 0 45 0.8 0.375
848589 1.47325 0 35 0.8 10
848589 1.47325 0 35 0.8 0.375
848589 1.47325 0 45 0.8 10
847225 1.62975 0 55 1.6 0.225
847225 1.62975 0 100 1.6 0.225
815311 1.51853 0 100 1.6 10
815311 1.51853 0 55 1.6 0.375
815311 1.51853 0 55 1.6 0.525
815311 1.51853 0 100 1.6 0.375
815311 1.51853 0 100 1.6 0.525
815311 1.51853 0 55 1.6 10
810071 1.34364 0 35 -10 10
810071 1.34364 0 35 -10 0.375
810071 1.34364 0 35 -10 -0.075
810071 1.34364 0 35 -10 -0.225
801707 1.5909 0 17.5 0.8 -0.225
785765 1.34948 0 55 -0.8 -0.075
785034 1.43986 0 15 -1.2 -0.225
773706 1.43772 0 15 -1.2 -0.075
773706 1.43772 0 15 -1.2 10
773706 1.43772 0 15 -1.2 0.375
769889 1.43669 0 15 -0.8 -0.225
767397 1.34686 0 45 -0.8 -0.225
767397 1.34686 0 45 -0.8 -0.075
767397 1.34686 0 55 -0.8 -0.225
767397 1.34686 0 45 -0.8 0.375
767397 1.34686 0 45 -0.8 10
758777 1.43455 0 15 -0.8 0.375
758777 1.43455 0 15 -0.8 -0.075
758777 1.43455 0 15 -0.8 10
754212 1.34494 0 55 -0.8 0.375
754212 1.34494 0 55 -0.8 10
754192 1.52328 0 15 0 0.3
754192 1.52328 0 15 0 10
754192 1.52328 0 15 0 -0.15
725434 1.32465 0 45 -10 -0.375
719316 1.5065 0 15 -0.4 -0.225
718477 1.31929 0 55 -10 -0.375
708953 1.50399 0 15 -0.4 0.375
708953 1.50399 0 15 -0.4 10
708953 1.50399 0 15 -0.4 -0.075
708762 1.31734 0 100 0 0.3
648446 1.5279 0 25 1.2 0.375
648446 1.5279 0 25 1.2 10
648446 1.5279 0 25 1.2 0.225
648446 1.5279 0 25 1.2 0.525
648445 1.5279 0 22.5 1.2 10
648445 1.5279 0 20 1.2 10
648445 1.5279 0 22.5 1.2 0.525
648445 1.5279 0 20 1.2 0.225
648445 1.5279 0 20 1.2 0.525
648445 1.5279 0 20 1.2 0.375
648445 1.5279 0 22.5 1.2 0.375
648445 1.5279 0 22.5 1.2 0.225
619142 1.46158 0 17.5 -0.8 -0.375
617610 1.50008 0 20 0.8 -0.225
617250 1.30343 0 100 -10 -0.375
614788 1.47658 0 25 0 -0.45
614787 1.47658 0 22.5 0 -0.45
594052 1.93719 0 22.5 1.6 -0.075
594052 1.93719 0 20 1.6 10
594052 1.93719 0 20 1.6 -0.075
594052 1.93719 0 20 1.6 -0.225
594052 1.93719 0 20 1.6 0.375
594052 1.93719 0 22.5 1.6 -0.225
594052 1.93719 0 25 1.6 10
594052 1.93719 0 25 1.6 -0.075
594052 1.93719 0 25 1.6 0.375
594052 1.93719 0 22.5 1.6 10
594052 1.93719 0 35 1.6 -0.225
594052 1.93719 0 25 1.6 -0.225
594052 1.93719 0 22.5 1.6 0.375
594051 1.93719 0 45 1.6 -0.225
594051 1.93719 0 100 1.6 -0.225
594051 1.93719 0 55 1.6 -0.225
586035 1.29234 0 45 -10 -0.225
582626 1.46802 0 20 0 -0.45
578810 1.67125 0 45 1.6 0.375
578810 1.67125 0 45 1.6 10
577976 1.265 0 100 0.4 10
577154 1.29065 0 45 -10 -0.075
572488 1.55552 0 17.5 0 -0.45
558783 1.20423 0 100 0 10
558325 1.87551 0 17.5 1.2 -0.225
558325 1.87551 0 17.5 1.2 0.375
558325 1.87551 0 17.5 1.2 10
558325 1.87551 0 17.5 1.2 -0.075
554285 1.28717 0 45 -10 0.375
554285 1.28717 0 45 -10 10
553231 1.27268 0 55 -10 -0.225
536238 1.2692 0 55 -10 -0.075
530952 1.46278 0 22.5 0.8 -0.225
528951 1.26946 0 55 -10 10
528951 1.26946 0 55 -10 0.375
513093 1.59393 0 22.5 1.2 -0.225
513093 1.59393 0 20 1.2 -0.225
513093 1.59393 0 25 1.2 -0.225
512007 1.85152 0 35 1.6 -0.075
512007 1.85152 0 45 1.6 -0.075
512007 1.85152 0 35 1.6 0.375
512007 1.85152 0 35 1.6 10
493047 1.46734 0 45 1.2 -0.225
493047 1.46734 0 55 1.2 -0.225
493047 1.46734 0 100 1.2 -0.225
481673 1.55675 0 25 0.8 -0.375
478019 1.25919 0 100 -10 -0.075
475334 1.25682 0 100 -10 -0.225
460098 1.43645 0 45 0.8 -0.375
460098 1.43645 0 100 0.8 -0.375
460098 1.43645 0 55 0.8 -0.375
460098 1.43645 0 35 0.8 -0.375
443215 1.59042 33 100 -1.2 10
442143 1.78637 33 100 -0.8 10
439833 1.78354 33 100 -0.4 10
439833 1.78354 33 100 0 10
420944 1.33062 0 15 -10 -0.375
416065 1.43274 30 100 -1.2 10
415009 1.54029 30 100 -0.8 10
405289 1.49413 0 15 0.8 0.375
405289 1.49413 0 15 0.8 10
405289 1.49413 0 15 0.8 -0.225
405289 1.49413 0 15 0.8 -0.075
399259 1.70628 30 100 -0.4 10
399259 1.70628 30 100 0 10
395970 1.22811 0 100 -10 0.375
391395 1.99395 24 15 -10 -0.375
391395 1.99395 24 15 -10 -0.075
391395 1.99395 24 15 -10 -0.225
391395 1.99395 24 15 -10 10
391395 1.99395 24 15 -10 0.375
391223 1.70608 30 62.5 -10 0.375
391223 1.70608 30 57.5 -10 10
391223 1.70608 30 100 -10 -0.225
391223 1.70608 30 100 -10 -0.075
391223 1.70608 30 100 -10 -0.375
391223 1.70608 30 57.5 -10 -0.375
391223 1.70608 30 57.5 -10 -0.075
391223 1.70608 30 57.5 -10 -0.225
391223 1.70608 30 57.5 -10 0.375
391223 1.70608 30 62.5 -10 10
391223 1.70608 30 62.5 -10 -0.375
391223 1.70608 30 60 -10 -0.225
391223 1.70608 30 62.5 -10 -0.075
391223 1.70608 30 60 -10 -0.375
391223 1.70608 30 62.5 -10 -0.225
391223 1.70608 30 60 -10 -0.075
391223 1.70608 30 60 -10 10
391223 1.70608 30 60 -10 0.375
370954 1.99933 30 100 0.8 10
370953 1.99933 30 100 0.8 0.375
370953 1.99933 30 100 0.8 0.225
370953 1.99933 30 100 0.8 0.525
368478 1.94272 24 22.5 -10 0.375
368478 1.94272 24 22.5 -10 -0.075
368478 1.94272 24 22.5 -10 10
368478 1.94272 24 22.5 -10 -0.375
368478 1.94272 24 22.5 -10 -0.225
367922 1.31161 24 100 -1.2 10
367277 1.94005 24 20 -10 10
367277 1.94005 24 20 -10 -0.375
367277 1.94005 24 17.5 -10 -0.375
367277 1.94005 24 20 -10 -0.225
367277 1.94005 24 20 -10 0.375
367277 1.94005 24 20 -10 -0.075
367277 1.94005 24 17.5 -10 0.375
367277 1.94005 24 17.5 -10 10
367277 1.94005 24 17.5 -10 -0.225
367277 1.94005 24 17.5 -10 -0.075
367018 1.37342 24 100 -0.8 10
365127 1.37173 24 100 0 10
365127 1.37173 24 100 -0.4 10
359868 1.92353 24 55 -0.8 10
359868 1.92353 24 45 -1.2 -0.375
359868 1.92353 24 35 -1.2 10
359868 1.92353 24 100 -1.2 -0.375
359868 1.92353 24 35 -1.2 -0.375
359868 1.92353 24 35 -0.8 10
359868 1.92353 24 35 -1.2 0.375
359868 1.92353 24 100 -1.2 -0.225
359868 1.92353 24 55 -1.2 -0.075
359868 1.92353 24 35 -1.2 -0.075
359868 1.92353 24 45 -1.2 -0.075
359868 1.92353 24 100 -0.8 -0.375
359868 1.92353 24 35 -1.2 -0.225
359868 1.92353 24 45 -1.2 -0.225
359868 1.92353 24 45 -0.8 0.375
359868 1.92353 24 45 -0.8 -0.225
359868 1.92353 24 55 -0.8 -0.075
359868 1.92353 24 55 -0.8 -0.375
359868 1.92353 24 45 -0.8 -0.075
359868 1.92353 24 45 -0.8 -0.375
359868 1.92353 24 55 -1.2 10
359868 1.92353 24 55 -1.2 -0.375
359868 1.92353 24 35 -0.8 -0.375
359868 1.92353 24 55 -1.2 -0.225
359868 1.92353 24 55 -1.2 0.375
359868 1.92353 24 100 -0.8 -0.075
359868 1.92353 24 100 -0.8 -0.225
359868 1.92353 24 100 -0.8 0.375
359868 1.92353 24 35 -0.8 -0.075
359868 1.92353 24 45 -1.2 10
359868 1.92353 24 45 -0.8 10
359868 1.92353 24 45 -1.2 0.375
359868 1.92353 24 55 -0.8 0.375
359868 1.92353 24 55 -0.8 -0.225
359868 1.92353 24 35 -0.8 0.375
359868 1.92353 24 35 -0.8 -0.225
359867 1.92353 24 100 -1.2 0.375
359867 1.92353 24 100 -1.2 -0.075
357999 1.9193 24 35 -0.4 0.375
357999 1.9193 24 45 0 10
357999 1.9193 24 45 0 -0.45
357999 1.9193 24 45 0 -0.15
357999 1.9193 24 45 0 -0.3
357999 1.9193 24 35 0 10
357999 1.9193 24 35 0 -0.45
357999 1.9193 24 35 0 -0.15
357999 1.9193 24 35 0 -0.3
357999 1.9193 24 35 0 0.3
357999 1.9193 24 35 -0.4 -0.375
357999 1.9193 24 55 -0.4 0.375
357999 1.9193 24 45 -0.4 10
357999 1.9193 24 45 -0.4 -0.375
357999 1.9193 24 45 0 0.3
357999 1.9193 24 45 -0.4 -0.075
357999 1.9193 24 45 -0.4 -0.225
357999 1.9193 24 55 -0.4 -0.225
357999 1.9193 24 55 -0.4 -0.075
357999 1.9193 24 55 -0.4 -0.375
357999 1.9193 24 45 -0.4 0.375
357999 1.9193 24 55 -0.4 10
357999 1.9193 24 100 -0.4 -0.075
357999 1.9193 24 55 0 10
357999 1.9193 24 55 0 -0.45
357999 1.9193 24 55 0 -0.15
357999 1.9193 24 55 0 -0.3
357999 1.9193 24 55 0 0.3
357999 1.9193 24 100 0 -0.45
357999 1.9193 24 35 -0.4 10
357999 1.9193 24 100 -0.4 -0.375
357999 1.9193 24 100 -0.4 -0.225
357999 1.9193 24 100 0 -0.15
357999 1.9193 24 100 0 -0.3
357999 1.9193 24 100 0 0.3
357999 1.9193 24 35 -0.4 -0.225
357999 1.9193 24 35 -0.4 -0.075
357999 1.9193 24 100 -0.4 0.375
356978 1.24725 36 100 -10 10
355741 1.91427 24 25 -10 -0.375
355741 1.91427 24 25 -10 -0.075
355741 1.91427 24 25 -10 10
355741 1.91427 24 25 -10 -0.225
355741 1.91427 24 25 -10 0.375
349518 1.90037 24 35 -10 -0.075
349518 1.90037 24 35 -10 -0.375
349518 1.90037 24 35 -10 -0.225
349518 1.90037 24 35 -10 0.375
349518 1.90037 24 35 -10 10
349091 1.92444 24 100 0.8 0.375
349091 1.92444 24 55 0.8 0.375
349091 1.92444 24 55 0.8 0.525
349091 1.92444 24 100 0.8 0.525
349091 1.92444 24 55 0.8 10
349091 1.92444 24 55 0.8 0.225
349091 1.92444 24 100 0.8 0.225
347316 1.61462 24 100 0.8 10
338502 1.53116 33 100 -10 0.225
337905 1.58917 24 55 -10 10
337905 1.58917 24 55 -10 -0.225
337905 1.58917 24 55 -10 0.375
337905 1.58917 24 55 -10 -0.075
337905 1.58917 24 55 -10 -0.375
327917 1.57972 24 100 -10 -0.075
327917 1.57972 24 100 -10 -0.375
327917 1.57972 24 100 -10 -0.225
323595 1.17865 33 100 -10 10
322422 1.57734 0 10 0.4 0.375
322422 1.57734 0 10 0.4 -0.375
322422 1.57734 0 10 0.4 10
322422 1.57734 0 10 0.4 -0.225
322422 1.57734 0 10 0.4 -0.075
318944 1.97452 0 17.5 1.6 -0.225
318944 1.97452 0 15 1.6 10
318944 1.97452 0 17.5 1.6 -0.075
318944 1.97452 0 15 1.6 -0.375
318944 1.97452 0 17.5 1.6 10
318944 1.97452 0 15 1.6 -0.075
318944 1.97452 0 15 1.6 -0.225
318944 1.97452 0 15 1.6 0.375
318944 1.97452 0 25 1.6 -0.375
318944 1.97452 0 17.5 1.6 0.375
318944 1.97452 0 35 1.6 -0.375
318944 1.97452 0 17.5 1.6 -0.375
318943 1.97452 0 45 1.6 -0.375
318943 1.97452 0 22.5 1.6 -0.375
318943 1.97452 0 20 1.6 -0.375
315646 1.49507 33 100 -10 0.525
314598 1.56696 24 45 -10 -0.375
314598 1.56696 24 45 -10 10
314598 1.56696 24 45 -10 -0.075
314598 1.56696 24 45 -10 0.375
314598 1.56696 24 45 -10 -0.225
304888 1.54905 0 15 0.8 -0.375
298572 1.89753 0 100 2.4 -0.075
298572 1.89753 0 100 2.4 10
298572 1.89753 0 100 2.4 -0.225
298572 1.89753 0 100 2.4 0.375
297892 1.48198 33 100 -10 0.375
296108 1.14514 30 100 -10 10
282236 1.82426 0 17.5 1.2 -0.375
282236 1.82426 0 10 1.2 10
282236 1.82426 0 10 1.2 0.375
282236 1.82426 0 10 1.2 -0.375
282236 1.82426 0 10 1.2 -0.075
282236 1.82426 0 10 1.2 -0.225
274299 1.42757 30 100 -10 0.375
268594 1.11332 24 100 -10 10
263166 1.74436 0 10 0.8 0.375
263166 1.74436 0 10 0.8 -0.375
263166 1.74436 0 10 0.8 10
263166 1.74436 0 10 0.8 -0.225
263166 1.74436 0 10 0.8 -0.075
242489 1.35397 24 100 -10 0.375
240930 1.24726 0 15 -1.2 -0.375
236319 1.24282 0 15 -0.8 -0.375
234578 1.44009 0 10 -10 0.375
234578 1.44009 0 10 -10 -0.075
234578 1.44009 0 10 -10 -0.375
234578 1.44009 0 10 -10 10
234578 1.44009 0 10 0 -0.3
234578 1.44009 0 10 -0.8 10
234578 1.44009 0 10 -0.8 -0.375
234578 1.44009 0 10 -0.8 -0.075
234578 1.44009 0 10 -0.8 -0.225
234578 1.44009 0 10 -10 -0.225
234578 1.44009 0 10 0 0.3
234578 1.44009 0 10 0 -0.15
234578 1.44009 0 10 0 -0.45
234578 1.44009 0 10 0 10
234578 1.44009 0 10 -0.8 0.375
220770 1.29906 0 15 -0.4 -0.375
215931 1.40762 0 15 0 -0.45
175747 1.75754 39 35 -10 -0.225
175747 1.75754 39 35 -10 0.375
175747 1.75754 39 25 -10 10
175747 1.75754 39 25 -10 -0.375
175747 1.75754 39 25 -10 -0.075
175747 1.75754 39 25 -10 -0.225
175747 1.75754 39 45 -10 -0.375
175747 1.75754 39 45 -10 10
175747 1.75754 39 55 -10 0.375
175747 1.75754 39 55 -10 -0.225
175747 1.75754 39 55 -10 -0.075
175747 1.75754 39 55 -10 -0.375
175747 1.75754 39 55 -10 10
175747 1.75754 39 60 -10 0.375
175747 1.75754 39 60 -10 -0.225
175747 1.75754 39 60 -10 -0.075
175747 1.75754 39 60 -10 -0.375
175747 1.75754 39 60 -10 10
175747 1.75754 39 35 -10 -0.075
175747 1.75754 39 50 -10 -0.225
175747 1.75754 39 50 -10 -0.075
175747 1.75754 39 50 -10 -0.375
175747 1.75754 39 50 -10 10
175747 1.75754 39 52.5 -10 0.375
175747 1.75754 39 52.5 -10 -0.225
175747 1.75754 39 52.5 -10 -0.075
175747 1.75754 39 25 -10 0.375
175747 1.75754 39 15 -10 10
175747 1.75754 39 15 -10 -0.375
175747 1.75754 39 15 -10 -0.075
175747 1.75754 39 15 -10 -0.225
175747 1.75754 39 15 -10 0.375
175747 1.75754 39 35 -10 -0.375
175747 1.75754 39 50 -10 0.375
175747 1.75754 39 45 -10 -0.075
175747 1.75754 39 45 -10 -0.225
175747 1.75754 39 52.5 -10 -0.375
175747 1.75754 39 52.5 -10 10
175747 1.75754 39 47.5 -10 0.375
175747 1.75754 39 47.5 -10 -0.225
175747 1.75754 39 35 -10 10
175747 1.75754 39 47.5 -10 -0.075
175747 1.75754 39 47.5 -10 -0.375
175747 1.75754 39 47.5 -10 10
175747 1.75754 39 45 -10 0.375
175747 1.75754 39 100 -10 -0.225
175747 1.75754 39 100 -10 -0.075
175747 1.75754 39 100 -10 -0.375
144268 1.44286 54 100 -10 0.525
144268 1.44286 42 100 -10 0.375
144268 1.44286 42 100 -10 0.525
144268 1.44286 39 100 -10 0.375
144268 1.44286 54 100 -10 0.375
141689 1.07733 42 100 -10 10
141689 1.07733 39 100 -10 10
137561 1.09481 54 100 -10 10
100000 1 0 5 8.8 10
100000 1 0 5 8.8 -0.375
100000 1 0 5 8.8 -0.075
100000 1 0 5 8.8 -0.225
100000 1 0 5 8.8 0.375
100000 1 0 5 8 10
100000 1 0 5 8 -0.375
100000 1 0 5 8 -0.075
100000 1 0 5 8 -0.225
100000 1 0 5 8 0.375
100000 1 0 5 6.4 10
100000 1 0 5 6.4 -0.375
100000 1 0 5 6.4 -0.075
100000 1 0 5 6.4 -0.225
100000 1 0 5 6.4 0.375
100000 1 0 5 4.8 10
100000 1 0 5 4.8 -0.375
100000 1 0 5 4.8 -0.075
100000 1 0 5 4.8 -0.225
100000 1 0 5 4.8 0.375
100000 1 0 5 3.2 10
100000 1 0 5 3.2 -0.375
100000 1 0 5 3.2 -0.075
100000 1 0 5 3.2 -0.225
100000 1 0 5 3.2 0.375
100000 1 0 5 1.6 10
100000 1 0 5 1.6 -0.375
100000 1 0 5 1.6 -0.075
100000 1 0 5 1.6 -0.225
100000 1 0 5 1.6 0.375
100000 1 0 5 0 10
100000 1 0 5 0 -0.45
100000 1 0 5 0 -0.15
100000 1 0 5 0 -0.3
100000 1 0 5 0 0.3
100000 1 0 5 7.2 0.375
100000 1 0 5 7.2 -0.225
100000 1 0 5 7.2 -0.075
100000 1 33 100 -10 -0.225
100000 1 0 5 7.2 -0.375
100000 1 0 5 7.2 10
100000 1 33 100 -1.2 -0.375
100000 1 33 100 -1.2 -0.075
100000 1 33 100 -1.2 -0.225
100000 1 33 100 -1.2 0.375
100000 1 0 5 7.6 0.375
100000 1 33 100 -0.4 -0.375
100000 1 33 100 -0.4 -0.075
100000 1 33 100 -0.4 -0.225
100000 1 33 100 -0.4 0.375
100000 1 0 5 7.6 -0.225
100000 1 33 100 -0.8 -0.375
100000 1 33 100 -0.8 -0.075
100000 1 33 100 -0.8 -0.225
100000 1 33 100 -0.8 0.375
100000 1 33 100 0.8 10
100000 1 33 100 0.8 -0.375
100000 1 33 100 0.8 -0.075
100000 1 33 100 0.8 -0.225
100000 1 33 100 0.8 0.375
100000 1 33 100 8 10
100000 1 33 100 8 -0.375
100000 1 33 100 8 -0.075
100000 1 33 100 8 -0.225
100000 1 33 100 8 0.375
100000 1 33 100 6.4 10
100000 1 33 100 6.4 -0.375
100000 1 33 100 6.4 -0.075
100000 1 33 100 6.4 -0.225
100000 1 33 100 6.4 0.375
100000 1 33 100 4.8 10
100000 1 33 100 4.8 -0.375
100000 1 33 100 4.8 -0.075
100000 1 33 100 4.8 -0.225
100000 1 33 100 4.8 0.375
100000 1 33 100 3.2 10
100000 1 33 100 3.2 -0.375
100000 1 33 100 3.2 -0.075
100000 1 33 100 3.2 -0.225
100000 1 33 100 3.2 0.375
100000 1 33 100 1.6 10
100000 1 33 100 1.6 -0.375
100000 1 33 100 1.6 -0.075
100000 1 33 100 1.6 -0.225
100000 1 33 100 1.6 0.375
100000 1 0 5 7.6 -0.075
100000 1 33 100 0 -0.45
100000 1 33 100 0 -0.15
100000 1 33 100 0 -0.3
100000 1 33 100 0 0.3
100000 1 33 47.5 -10 10
100000 1 33 47.5 -10 -0.375
100000 1 33 47.5 -10 -0.075
100000 1 33 47.5 -10 -0.225
100000 1 33 47.5 -10 0.375
100000 1 33 47.5 6.8 10
100000 1 33 47.5 6.8 -0.375
100000 1 33 47.5 6.8 -0.075
100000 1 33 47.5 6.8 -0.225
100000 1 33 47.5 6.8 0.375
100000 1 33 47.5 7.6 10
100000 1 33 47.5 7.6 -0.375
100000 1 33 47.5 7.6 -0.075
100000 1 33 47.5 7.6 -0.225
100000 1 33 47.5 7.6 0.375
100000 1 33 47.5 7.2 10
100000 1 33 47.5 7.2 -0.375
100000 1 33 47.5 7.2 -0.075
100000 1 33 47.5 7.2 -0.225
100000 1 33 47.5 7.2 0.375
100000 1 33 47.5 8.8 10
100000 1 33 47.5 8.8 -0.375
100000 1 33 47.5 8.8 -0.075
100000 1 33 47.5 8.8 -0.225
100000 1 33 47.5 8.8 0.375
100000 1 33 47.5 8 10
100000 1 33 47.5 8 -0.375
100000 1 33 47.5 8 -0.075
100000 1 33 47.5 8 -0.225
100000 1 33 47.5 8 0.375
100000 1 33 47.5 6.4 10
100000 1 33 47.5 6.4 -0.375
100000 1 33 47.5 6.4 -0.075
100000 1 33 47.5 6.4 -0.225
100000 1 33 47.5 6.4 0.375
100000 1 33 47.5 4.8 10
100000 1 33 47.5 4.8 -0.375
100000 1 33 47.5 4.8 -0.075
100000 1 33 47.5 4.8 -0.225
100000 1 33 47.5 4.8 0.375
100000 1 33 47.5 3.2 10
100000 1 33 47.5 3.2 -0.375
100000 1 33 47.5 3.2 -0.075
100000 1 33 47.5 3.2 -0.225
100000 1 33 47.5 3.2 0.375
100000 1 33 47.5 1.6 10
100000 1 33 47.5 1.6 -0.375
100000 1 33 47.5 1.6 -0.075
100000 1 33 47.5 1.6 -0.225
100000 1 33 47.5 1.6 0.375
100000 1 33 47.5 0 10
100000 1 33 47.5 0 -0.45
100000 1 33 47.5 0 -0.15
100000 1 33 47.5 0 -0.3
100000 1 33 47.5 0 0.3
100000 1 33 52.5 -10 10
100000 1 33 52.5 -10 -0.375
100000 1 33 52.5 -10 -0.075
100000 1 33 52.5 -10 -0.225
100000 1 33 52.5 -10 0.375
100000 1 33 52.5 6.8 10
100000 1 33 52.5 6.8 -0.375
100000 1 33 52.5 6.8 -0.075
100000 1 33 52.5 6.8 -0.225
100000 1 33 52.5 6.8 0.375
100000 1 33 52.5 7.6 10
100000 1 33 52.5 7.6 -0.375
100000 1 33 52.5 7.6 -0.075
100000 1 33 52.5 7.6 -0.225
100000 1 33 52.5 7.6 0.375
100000 1 33 52.5 7.2 10
100000 1 33 52.5 7.2 -0.375
100000 1 33 52.5 7.2 -0.075
100000 1 33 52.5 7.2 -0.225
100000 1 33 52.5 7.2 0.375
100000 1 33 52.5 8.8 10
100000 1 33 52.5 8.8 -0.375
100000 1 33 52.5 8.8 -0.075
100000 1 33 52.5 8.8 -0.225
100000 1 33 52.5 8.8 0.375
100000 1 33 52.5 8 10
100000 1 33 52.5 8 -0.375
100000 1 33 52.5 8 -0.075
100000 1 33 52.5 8 -0.225
100000 1 33 52.5 8 0.375
100000 1 33 52.5 6.4 10
100000 1 33 52.5 6.4 -0.375
100000 1 33 52.5 6.4 -0.075
100000 1 33 52.5 6.4 -0.225
100000 1 33 52.5 6.4 0.375
100000 1 33 52.5 4.8 10
100000 1 33 52.5 4.8 -0.375
100000 1 33 52.5 4.8 -0.075
100000 1 33 52.5 4.8 -0.225
100000 1 33 52.5 4.8 0.375
100000 1 33 52.5 3.2 10
100000 1 33 52.5 3.2 -0.375
100000 1 33 52.5 3.2 -0.075
100000 1 33 52.5 3.2 -0.225
100000 1 33 52.5 3.2 0.375
100000 1 33 52.5 1.6 10
100000 1 33 52.5 1.6 -0.375
100000 1 33 52.5 1.6 -0.075
100000 1 33 52.5 1.6 -0.225
100000 1 33 52.5 1.6 0.375
100000 1 33 52.5 0 10
100000 1 33 52.5 0 -0.45
100000 1 33 52.5 0 -0.15
100000 1 33 52.5 0 -0.3
100000 1 33 52.5 0 0.3
100000 1 33 50 -10 10
100000 1 33 50 -10 -0.375
100000 1 33 50 -10 -0.075
100000 1 33 50 -10 -0.225
100000 1 33 50 -10 0.375
100000 1 33 50 6.8 10
100000 1 33 50 6.8 -0.375
100000 1 33 50 6.8 -0.075
100000 1 33 50 6.8 -0.225
100000 1 33 50 6.8 0.375
100000 1 33 50 7.6 10
100000 1 33 50 7.6 -0.375
100000 1 33 50 7.6 -0.075
100000 1 33 50 7.6 -0.225
100000 1 33 50 7.6 0.375
100000 1 33 50 7.2 10
100000 1 33 50 7.2 -0.375
100000 1 33 50 7.2 -0.075
100000 1 33 50 7.2 -0.225
100000 1 33 50 7.2 0.375
100000 1 33 50 8.8 10
100000 1 33 50 8.8 -0.375
100000 1 33 50 8.8 -0.075
100000 1 33 50 8.8 -0.225
100000 1 33 50 8.8 0.375
100000 1 33 50 8 10
100000 1 33 50 8 -0.375
100000 1 33 50 8 -0.075
100000 1 33 50 8 -0.225
100000 1 33 50 8 0.375
100000 1 33 50 6.4 10
100000 1 33 50 6.4 -0.375
100000 1 33 50 6.4 -0.075
100000 1 33 50 6.4 -0.225
100000 1 33 50 6.4 0.375
100000 1 33 50 4.8 10
100000 1 33 50 4.8 -0.375
100000 1 33 50 4.8 -0.075
100000 1 33 50 4.8 -0.225
100000 1 33 50 4.8 0.375
100000 1 33 50 3.2 10
100000 1 33 50 3.2 -0.375
100000 1 33 50 3.2 -0.075
100000 1 33 50 3.2 -0.225
100000 1 33 50 3.2 0.375
100000 1 33 50 1.6 10
100000 1 33 50 1.6 -0.375
100000 1 33 50 1.6 -0.075
100000 1 33 50 1.6 -0.225
100000 1 33 50 1.6 0.375
100000 1 33 50 0 10
100000 1 33 50 0 -0.45
100000 1 33 50 0 -0.15
100000 1 33 50 0 -0.3
100000 1 33 50 0 0.3
100000 1 33 60 -10 10
100000 1 33 60 -10 -0.375
100000 1 33 60 -10 -0.075
100000 1 33 60 -10 -0.225
100000 1 33 60 -10 0.375
100000 1 33 60 6.8 10
100000 1 33 60 6.8 -0.375
100000 1 33 60 6.8 -0.075
100000 1 33 60 6.8 -0.225
100000 1 33 60 6.8 0.375
100000 1 33 60 7.6 10
100000 1 33 60 7.6 -0.375
100000 1 33 60 7.6 -0.075
100000 1 33 60 7.6 -0.225
100000 1 33 60 7.6 0.375
100000 1 33 60 7.2 10
100000 1 33 60 7.2 -0.375
100000 1 33 60 7.2 -0.075
100000 1 33 60 7.2 -0.225
100000 1 33 60 7.2 0.375
100000 1 33 60 8.8 10
100000 1 33 60 8.8 -0.375
100000 1 33 60 8.8 -0.075
100000 1 33 60 8.8 -0.225
100000 1 33 60 8.8 0.375
100000 1 33 60 8 10
100000 1 33 60 8 -0.375
100000 1 33 60 8 -0.075
100000 1 33 60 8 -0.225
100000 1 33 60 8 0.375
100000 1 33 60 6.4 10
100000 1 33 60 6.4 -0.375
100000 1 33 60 6.4 -0.075
100000 1 33 60 6.4 -0.225
100000 1 33 60 6.4 0.375
100000 1 33 60 4.8 10
100000 1 33 60 4.8 -0.375
100000 1 33 60 4.8 -0.075
100000 1 33 60 4.8 -0.225
100000 1 33 60 4.8 0.375
100000 1 33 60 3.2 10
100000 1 33 60 3.2 -0.375
100000 1 33 60 3.2 -0.075
100000 1 33 60 3.2 -0.225
100000 1 33 60 3.2 0.375
100000 1 33 60 1.6 10
100000 1 33 60 1.6 -0.375
100000 1 33 60 1.6 -0.075
100000 1 33 60 1.6 -0.225
100000 1 33 60 1.6 0.375
100000 1 33 60 0 10
100000 1 33 60 0 -0.45
100000 1 33 60 0 -0.15
100000 1 33 60 0 -0.3
100000 1 33 60 0 0.3
100000 1 33 55 -10 10
100000 1 33 55 -10 -0.375
100000 1 33 55 -10 -0.075
100000 1 33 55 -10 -0.225
100000 1 33 55 -10 0.375
100000 1 33 55 6.8 10
100000 1 33 55 6.8 -0.375
100000 1 33 55 6.8 -0.075
100000 1 33 55 6.8 -0.225
100000 1 33 55 6.8 0.375
100000 1 33 55 7.6 10
100000 1 33 55 7.6 -0.375
100000 1 33 55 7.6 -0.075
100000 1 33 55 7.6 -0.225
100000 1 33 55 7.6 0.375
100000 1 33 55 7.2 10
100000 1 33 55 7.2 -0.375
100000 1 33 55 7.2 -0.075
100000 1 33 55 7.2 -0.225
100000 1 33 55 7.2 0.375
100000 1 33 55 8.8 10
100000 1 33 55 8.8 -0.375
100000 1 33 55 8.8 -0.075
100000 1 33 55 8.8 -0.225
100000 1 33 55 8.8 0.375
100000 1 33 55 8 10
100000 1 33 55 8 -0.375
100000 1 33 55 8 -0.075
100000 1 33 55 8 -0.225
100000 1 33 55 8 0.375
100000 1 33 55 6.4 10
100000 1 33 55 6.4 -0.375
100000 1 33 55 6.4 -0.075
100000 1 33 55 6.4 -0.225
100000 1 33 55 6.4 0.375
100000 1 33 55 4.8 10
100000 1 33 55 4.8 -0.375
100000 1 33 55 4.8 -0.075
100000 1 33 55 4.8 -0.225
100000 1 33 55 4.8 0.375
100000 1 33 55 3.2 10
100000 1 33 55 3.2 -0.375
100000 1 33 55 3.2 -0.075
100000 1 33 55 3.2 -0.225
100000 1 33 55 3.2 0.375
100000 1 33 55 1.6 10
100000 1 33 55 1.6 -0.375
100000 1 33 55 1.6 -0.075
100000 1 33 55 1.6 -0.225
100000 1 33 55 1.6 0.375
100000 1 33 55 0 10
100000 1 33 55 0 -0.45
100000 1 33 55 0 -0.15
100000 1 33 55 0 -0.3
100000 1 33 55 0 0.3
100000 1 33 45 -10 10
100000 1 33 45 -10 -0.375
100000 1 33 45 -10 -0.075
100000 1 33 45 -10 -0.225
100000 1 33 45 -10 0.375
100000 1 33 45 6.8 10
100000 1 33 45 6.8 -0.375
100000 1 33 45 6.8 -0.075
100000 1 33 45 6.8 -0.225
100000 1 33 45 6.8 0.375
100000 1 33 45 7.6 10
100000 1 33 45 7.6 -0.375
100000 1 33 45 7.6 -0.075
100000 1 33 45 7.6 -0.225
100000 1 33 45 7.6 0.375
100000 1 33 45 7.2 10
100000 1 33 45 7.2 -0.375
100000 1 33 45 7.2 -0.075
100000 1 33 45 7.2 -0.225
100000 1 33 45 7.2 0.375
100000 1 33 45 8.8 10
100000 1 33 45 8.8 -0.375
100000 1 33 45 8.8 -0.075
100000 1 33 45 8.8 -0.225
100000 1 33 45 8.8 0.375
100000 1 33 45 8 10
100000 1 33 45 8 -0.375
100000 1 33 45 8 -0.075
100000 1 33 45 8 -0.225
100000 1 33 45 8 0.375
100000 1 33 45 6.4 10
100000 1 33 45 6.4 -0.375
100000 1 33 45 6.4 -0.075
100000 1 33 45 6.4 -0.225
100000 1 33 45 6.4 0.375
100000 1 33 45 4.8 10
100000 1 33 45 4.8 -0.375
100000 1 33 45 4.8 -0.075
100000 1 33 45 4.8 -0.225
100000 1 33 45 4.8 0.375
100000 1 33 45 3.2 10
100000 1 33 45 3.2 -0.375
100000 1 33 45 3.2 -0.075
100000 1 33 45 3.2 -0.225
100000 1 33 45 3.2 0.375
100000 1 33 45 1.6 10
100000 1 33 45 1.6 -0.375
100000 1 33 45 1.6 -0.075
100000 1 33 45 1.6 -0.225
100000 1 33 45 1.6 0.375
100000 1 33 45 0 10
100000 1 33 45 0 -0.45
100000 1 33 45 0 -0.15
100000 1 33 45 0 -0.3
100000 1 33 45 0 0.3
100000 1 33 35 -10 10
100000 1 33 35 -10 -0.375
100000 1 33 35 -10 -0.075
100000 1 33 35 -10 -0.225
100000 1 33 35 -10 0.375
100000 1 33 35 6.8 10
100000 1 33 35 6.8 -0.375
100000 1 33 35 6.8 -0.075
100000 1 33 35 6.8 -0.225
100000 1 33 35 6.8 0.375
100000 1 33 35 7.6 10
100000 1 33 35 7.6 -0.375
100000 1 33 35 7.6 -0.075
100000 1 33 35 7.6 -0.225
100000 1 33 35 7.6 0.375
100000 1 33 35 7.2 10
100000 1 33 35 7.2 -0.375
100000 1 33 35 7.2 -0.075
100000 1 33 35 7.2 -0.225
100000 1 33 35 7.2 0.375
100000 1 33 35 8.8 10
100000 1 33 35 8.8 -0.375
100000 1 33 35 8.8 -0.075
100000 1 33 35 8.8 -0.225
100000 1 33 35 8.8 0.375
100000 1 33 35 8 10
100000 1 33 35 8 -0.375
100000 1 33 35 8 -0.075
100000 1 33 35 8 -0.225
100000 1 33 35 8 0.375
100000 1 33 35 6.4 10
100000 1 33 35 6.4 -0.375
100000 1 33 35 6.4 -0.075
100000 1 33 35 6.4 -0.225
100000 1 33 35 6.4 0.375
100000 1 33 35 4.8 10
100000 1 33 35 4.8 -0.375
100000 1 33 35 4.8 -0.075
100000 1 33 35 4.8 -0.225
100000 1 33 35 4.8 0.375
100000 1 33 35 3.2 10
100000 1 33 35 3.2 -0.375
100000 1 33 35 3.2 -0.075
100000 1 33 35 3.2 -0.225
100000 1 33 35 3.2 0.375
100000 1 33 35 1.6 10
100000 1 33 35 1.6 -0.375
100000 1 33 35 1.6 -0.075
100000 1 33 35 1.6 -0.225
100000 1 33 35 1.6 0.375
100000 1 33 35 0 10
100000 1 33 35 0 -0.45
100000 1 33 35 0 -0.15
100000 1 33 35 0 -0.3
100000 1 33 35 0 0.3
100000 1 33 25 -10 10
100000 1 33 25 -10 -0.375
100000 1 33 25 -10 -0.075
100000 1 33 25 -10 -0.225
100000 1 33 25 -10 0.375
100000 1 33 25 6.8 10
100000 1 33 25 6.8 -0.375
100000 1 33 25 6.8 -0.075
100000 1 33 25 6.8 -0.225
100000 1 33 25 6.8 0.375
100000 1 33 25 7.6 10
100000 1 33 25 7.6 -0.375
100000 1 33 25 7.6 -0.075
100000 1 33 25 7.6 -0.225
100000 1 33 25 7.6 0.375
100000 1 33 25 7.2 10
100000 1 33 25 7.2 -0.375
100000 1 33 25 7.2 -0.075
100000 1 33 25 7.2 -0.225
100000 1 33 25 7.2 0.375
100000 1 33 25 8.8 10
100000 1 33 25 8.8 -0.375
100000 1 33 25 8.8 -0.075
100000 1 33 25 8.8 -0.225
100000 1 33 25 8.8 0.375
100000 1 33 25 8 10
100000 1 33 25 8 -0.375
100000 1 33 25 8 -0.075
100000 1 33 25 8 -0.225
100000 1 33 25 8 0.375
100000 1 33 25 6.4 10
100000 1 33 25 6.4 -0.375
100000 1 33 25 6.4 -0.075
100000 1 33 25 6.4 -0.225
100000 1 33 25 6.4 0.375
100000 1 33 25 4.8 10
100000 1 33 25 4.8 -0.375
100000 1 33 25 4.8 -0.075
100000 1 33 25 4.8 -0.225
100000 1 33 25 4.8 0.375
100000 1 33 25 3.2 10
100000 1 33 25 3.2 -0.375
100000 1 33 25 3.2 -0.075
100000 1 33 25 3.2 -0.225
100000 1 33 25 3.2 0.375
100000 1 33 25 1.6 10
100000 1 33 25 1.6 -0.375
100000 1 33 25 1.6 -0.075
100000 1 33 25 1.6 -0.225
100000 1 33 25 1.6 0.375
100000 1 33 25 0 10
100000 1 33 25 0 -0.45
100000 1 33 25 0 -0.15
100000 1 33 25 0 -0.3
100000 1 33 25 0 0.3
100000 1 33 15 -10 10
100000 1 33 15 -10 -0.375
100000 1 33 15 -10 -0.075
100000 1 33 15 -10 -0.225
100000 1 33 15 -10 0.375
100000 1 33 15 6.8 10
100000 1 33 15 6.8 -0.375
100000 1 33 15 6.8 -0.075
100000 1 33 15 6.8 -0.225
100000 1 33 15 6.8 0.375
100000 1 33 15 7.6 10
100000 1 33 15 7.6 -0.375
100000 1 33 15 7.6 -0.075
100000 1 33 15 7.6 -0.225
100000 1 33 15 7.6 0.375
100000 1 33 15 7.2 10
100000 1 33 15 7.2 -0.375
100000 1 33 15 7.2 -0.075
100000 1 33 15 7.2 -0.225
100000 1 33 15 7.2 0.375
100000 1 33 15 8.8 10
100000 1 33 15 8.8 -0.375
100000 1 33 15 8.8 -0.075
100000 1 33 15 8.8 -0.225
100000 1 33 15 8.8 0.375
100000 1 33 15 8 10
100000 1 33 15 8 -0.375
100000 1 33 15 8 -0.075
100000 1 33 15 8 -0.225
100000 1 33 15 8 0.375
100000 1 33 15 6.4 10
100000 1 33 15 6.4 -0.375
100000 1 33 15 6.4 -0.075
100000 1 33 15 6.4 -0.225
100000 1 33 15 6.4 0.375
100000 1 33 15 4.8 10
100000 1 33 15 4.8 -0.375
100000 1 33 15 4.8 -0.075
100000 1 33 15 4.8 -0.225
100000 1 33 15 4.8 0.375
100000 1 33 15 3.2 10
100000 1 33 15 3.2 -0.375
100000 1 33 15 3.2 -0.075
100000 1 33 15 3.2 -0.225
100000 1 33 15 3.2 0.375
100000 1 33 15 1.6 10
100000 1 33 15 1.6 -0.375
100000 1 33 15 1.6 -0.075
100000 1 33 15 1.6 -0.225
100000 1 33 15 1.6 0.375
100000 1 33 15 0 10
100000 1 33 15 0 -0.45
100000 1 33 15 0 -0.15
100000 1 33 15 0 -0.3
100000 1 33 15 0 0.3
100000 1 33 5 -10 10
100000 1 33 5 -10 -0.375
100000 1 33 5 -10 -0.075
100000 1 33 5 -10 -0.225
100000 1 33 5 -10 0.375
100000 1 33 5 6.8 10
100000 1 33 5 6.8 -0.375
100000 1 33 5 6.8 -0.075
100000 1 33 5 6.8 -0.225
100000 1 33 5 6.8 0.375
100000 1 33 5 7.6 10
100000 1 33 5 7.6 -0.375
100000 1 33 5 7.6 -0.075
100000 1 33 5 7.6 -0.225
100000 1 33 5 7.6 0.375
100000 1 33 5 7.2 10
100000 1 33 5 7.2 -0.375
100000 1 33 5 7.2 -0.075
100000 1 33 5 7.2 -0.225
100000 1 33 5 7.2 0.375
100000 1 33 5 8.8 10
100000 1 33 5 8.8 -0.375
100000 1 33 5 8.8 -0.075
100000 1 33 5 8.8 -0.225
100000 1 33 5 8.8 0.375
100000 1 33 5 8 10
100000 1 33 5 8 -0.375
100000 1 33 5 8 -0.075
100000 1 33 5 8 -0.225
100000 1 33 5 8 0.375
100000 1 33 5 6.4 10
100000 1 33 5 6.4 -0.375
100000 1 33 5 6.4 -0.075
100000 1 33 5 6.4 -0.225
100000 1 33 5 6.4 0.375
100000 1 33 5 4.8 10
100000 1 33 5 4.8 -0.375
100000 1 33 5 4.8 -0.075
100000 1 33 5 4.8 -0.225
100000 1 33 5 4.8 0.375
100000 1 33 5 3.2 10
100000 1 33 5 3.2 -0.375
100000 1 33 5 3.2 -0.075
100000 1 33 5 3.2 -0.225
100000 1 33 5 3.2 0.375
100000 1 33 5 1.6 10
100000 1 33 5 1.6 -0.375
100000 1 33 5 1.6 -0.075
100000 1 33 5 1.6 -0.225
100000 1 33 5 1.6 0.375
100000 1 33 5 0 10
100000 1 33 5 0 -0.45
100000 1 33 5 0 -0.15
100000 1 33 5 0 -0.3
100000 1 33 5 0 0.3
100000 1 0 5 7.6 -0.375
100000 1 0 5 7.6 10
100000 1 0 5 6.8 0.375
100000 1 0 5 6.8 -0.225
100000 1 0 5 6.8 -0.075
100000 1 39 100 6.8 10
100000 1 39 100 6.8 -0.375
100000 1 39 100 6.8 -0.075
100000 1 39 100 6.8 -0.225
100000 1 39 100 6.8 0.375
100000 1 39 100 7.6 10
100000 1 39 100 7.6 -0.375
100000 1 39 100 7.6 -0.075
100000 1 39 100 7.6 -0.225
100000 1 39 100 7.6 0.375
100000 1 39 100 7.2 10
100000 1 39 100 7.2 -0.375
100000 1 39 100 7.2 -0.075
100000 1 39 100 7.2 -0.225
100000 1 39 100 7.2 0.375
100000 1 39 100 8.8 10
100000 1 39 100 8.8 -0.375
100000 1 39 100 8.8 -0.075
100000 1 39 100 8.8 -0.225
100000 1 39 100 8.8 0.375
100000 1 39 100 8 10
100000 1 39 100 8 -0.375
100000 1 39 100 8 -0.075
100000 1 39 100 8 -0.225
100000 1 39 100 8 0.375
100000 1 39 100 6.4 10
100000 1 39 100 6.4 -0.375
100000 1 39 100 6.4 -0.075
100000 1 39 100 6.4 -0.225
100000 1 39 100 6.4 0.375
100000 1 39 100 4.8 10
100000 1 39 100 4.8 -0.375
100000 1 39 100 4.8 -0.075
100000 1 39 100 4.8 -0.225
100000 1 39 100 4.8 0.375
100000 1 39 100 3.2 10
100000 1 39 100 3.2 -0.375
100000 1 39 100 3.2 -0.075
100000 1 39 100 3.2 -0.225
100000 1 39 100 3.2 0.375
100000 1 39 100 1.6 10
100000 1 39 100 1.6 -0.375
100000 1 39 100 1.6 -0.075
100000 1 39 100 1.6 -0.225
100000 1 39 100 1.6 0.375
100000 1 39 100 0 10
100000 1 39 100 0 -0.45
100000 1 39 100 0 -0.15
100000 1 39 100 0 -0.3
100000 1 39 100 0 0.3
100000 1 0 5 6.8 -0.375
100000 1 0 5 6.8 10
100000 1 0 5 -10 0.375
100000 1 0 5 -10 -0.225
100000 1 0 5 -10 -0.075
100000 1 39 47.5 6.8 10
100000 1 39 47.5 6.8 -0.375
100000 1 39 47.5 6.8 -0.075
100000 1 39 47.5 6.8 -0.225
100000 1 39 47.5 6.8 0.375
100000 1 39 47.5 7.6 10
100000 1 39 47.5 7.6 -0.375
100000 1 39 47.5 7.6 -0.075
100000 1 39 47.5 7.6 -0.225
100000 1 39 47.5 7.6 0.375
100000 1 39 47.5 7.2 10
100000 1 39 47.5 7.2 -0.375
100000 1 39 47.5 7.2 -0.075
100000 1 39 47.5 7.2 -0.225
100000 1 39 47.5 7.2 0.375
100000 1 39 47.5 8.8 10
100000 1 39 47.5 8.8 -0.375
100000 1 39 47.5 8.8 -0.075
100000 1 39 47.5 8.8 -0.225
100000 1 39 47.5 8.8 0.375
100000 1 39 47.5 8 10
100000 1 39 47.5 8 -0.375
100000 1 39 47.5 8 -0.075
100000 1 39 47.5 8 -0.225
100000 1 39 47.5 8 0.375
100000 1 39 47.5 6.4 10
100000 1 39 47.5 6.4 -0.375
100000 1 39 47.5 6.4 -0.075
100000 1 39 47.5 6.4 -0.225
100000 1 39 47.5 6.4 0.375
100000 1 39 47.5 4.8 10
100000 1 39 47.5 4.8 -0.375
100000 1 39 47.5 4.8 -0.075
100000 1 39 47.5 4.8 -0.225
100000 1 39 47.5 4.8 0.375
100000 1 39 47.5 3.2 10
100000 1 39 47.5 3.2 -0.375
100000 1 39 47.5 3.2 -0.075
100000 1 39 47.5 3.2 -0.225
100000 1 39 47.5 3.2 0.375
100000 1 39 47.5 1.6 10
100000 1 39 47.5 1.6 -0.375
100000 1 39 47.5 1.6 -0.075
100000 1 39 47.5 1.6 -0.225
100000 1 39 47.5 1.6 0.375
100000 1 39 47.5 0 10
100000 1 39 47.5 0 -0.45
100000 1 39 47.5 0 -0.15
100000 1 39 47.5 0 -0.3
100000 1 39 47.5 0 0.3
100000 1 0 5 -10 -0.375
100000 1 0 5 -10 10
100000 1 0 15 3.2 0.375
100000 1 0 15 3.2 -0.225
100000 1 0 15 3.2 -0.075
100000 1 39 52.5 6.8 10
100000 1 39 52.5 6.8 -0.375
100000 1 39 52.5 6.8 -0.075
100000 1 39 52.5 6.8 -0.225
100000 1 39 52.5 6.8 0.375
100000 1 39 52.5 7.6 10
100000 1 39 52.5 7.6 -0.375
100000 1 39 52.5 7.6 -0.075
100000 1 39 52.5 7.6 -0.225
100000 1 39 52.5 7.6 0.375
100000 1 39 52.5 7.2 10
100000 1 39 52.5 7.2 -0.375
100000 1 39 52.5 7.2 -0.075
100000 1 39 52.5 7.2 -0.225
100000 1 39 52.5 7.2 0.375
100000 1 39 52.5 8.8 10
100000 1 39 52.5 8.8 -0.375
100000 1 39 52.5 8.8 -0.075
100000 1 39 52.5 8.8 -0.225
100000 1 39 52.5 8.8 0.375
100000 1 39 52.5 8 10
100000 1 39 52.5 8 -0.375
100000 1 39 52.5 8 -0.075
100000 1 39 52.5 8 -0.225
100000 1 39 52.5 8 0.375
100000 1 39 52.5 6.4 10
100000 1 39 52.5 6.4 -0.375
100000 1 39 52.5 6.4 -0.075
100000 1 39 52.5 6.4 -0.225
100000 1 39 52.5 6.4 0.375
100000 1 39 52.5 4.8 10
100000 1 39 52.5 4.8 -0.375
100000 1 39 52.5 4.8 -0.075
100000 1 39 52.5 4.8 -0.225
100000 1 39 52.5 4.8 0.375
100000 1 39 52.5 3.2 10
100000 1 39 52.5 3.2 -0.375
100000 1 39 52.5 3.2 -0.075
100000 1 39 52.5 3.2 -0.225
100000 1 39 52.5 3.2 0.375
100000 1 39 52.5 1.6 10
100000 1 39 52.5 1.6 -0.375
100000 1 39 52.5 1.6 -0.075
100000 1 39 52.5 1.6 -0.225
100000 1 39 52.5 1.6 0.375
100000 1 39 52.5 0 10
100000 1 39 52.5 0 -0.45
100000 1 39 52.5 0 -0.15
100000 1 39 52.5 0 -0.3
100000 1 39 52.5 0 0.3
100000 1 0 15 3.2 -0.375
100000 1 0 15 3.2 10
100000 1 0 15 4.8 0.375
100000 1 0 15 4.8 -0.225
100000 1 0 15 4.8 -0.075
100000 1 39 50 6.8 10
100000 1 39 50 6.8 -0.375
100000 1 39 50 6.8 -0.075
100000 1 39 50 6.8 -0.225
100000 1 39 50 6.8 0.375
100000 1 39 50 7.6 10
100000 1 39 50 7.6 -0.375
100000 1 39 50 7.6 -0.075
100000 1 39 50 7.6 -0.225
100000 1 39 50 7.6 0.375
100000 1 39 50 7.2 10
100000 1 39 50 7.2 -0.375
100000 1 39 50 7.2 -0.075
100000 1 39 50 7.2 -0.225
100000 1 39 50 7.2 0.375
100000 1 39 50 8.8 10
100000 1 39 50 8.8 -0.375
100000 1 39 50 8.8 -0.075
100000 1 39 50 8.8 -0.225
100000 1 39 50 8.8 0.375
100000 1 39 50 8 10
100000 1 39 50 8 -0.375
100000 1 39 50 8 -0.075
100000 1 39 50 8 -0.225
100000 1 39 50 8 0.375
100000 1 39 50 6.4 10
100000 1 39 50 6.4 -0.375
100000 1 39 50 6.4 -0.075
100000 1 39 50 6.4 -0.225
100000 1 39 50 6.4 0.375
100000 1 39 50 4.8 10
100000 1 39 50 4.8 -0.375
100000 1 39 50 4.8 -0.075
100000 1 39 50 4.8 -0.225
100000 1 39 50 4.8 0.375
100000 1 39 50 3.2 10
100000 1 39 50 3.2 -0.375
100000 1 39 50 3.2 -0.075
100000 1 39 50 3.2 -0.225
100000 1 39 50 3.2 0.375
100000 1 39 50 1.6 10
100000 1 39 50 1.6 -0.375
100000 1 39 50 1.6 -0.075
100000 1 39 50 1.6 -0.225
100000 1 39 50 1.6 0.375
100000 1 39 50 0 10
100000 1 39 50 0 -0.45
100000 1 39 50 0 -0.15
100000 1 39 50 0 -0.3
100000 1 39 50 0 0.3
100000 1 0 15 4.8 -0.375
100000 1 0 15 4.8 10
100000 1 0 15 6.4 0.375
100000 1 0 15 6.4 -0.225
100000 1 0 15 6.4 -0.075
100000 1 39 60 6.8 10
100000 1 39 60 6.8 -0.375
100000 1 39 60 6.8 -0.075
100000 1 39 60 6.8 -0.225
100000 1 39 60 6.8 0.375
100000 1 39 60 7.6 10
100000 1 39 60 7.6 -0.375
100000 1 39 60 7.6 -0.075
100000 1 39 60 7.6 -0.225
100000 1 39 60 7.6 0.375
100000 1 39 60 7.2 10
100000 1 39 60 7.2 -0.375
100000 1 39 60 7.2 -0.075
100000 1 39 60 7.2 -0.225
100000 1 39 60 7.2 0.375
100000 1 39 60 8.8 10
100000 1 39 60 8.8 -0.375
100000 1 39 60 8.8 -0.075
100000 1 39 60 8.8 -0.225
100000 1 39 60 8.8 0.375
100000 1 39 60 8 10
100000 1 39 60 8 -0.375
100000 1 39 60 8 -0.075
100000 1 39 60 8 -0.225
100000 1 39 60 8 0.375
100000 1 39 60 6.4 10
100000 1 39 60 6.4 -0.375
100000 1 39 60 6.4 -0.075
100000 1 39 60 6.4 -0.225
100000 1 39 60 6.4 0.375
100000 1 39 60 4.8 10
100000 1 39 60 4.8 -0.375
100000 1 39 60 4.8 -0.075
100000 1 39 60 4.8 -0.225
100000 1 39 60 4.8 0.375
100000 1 39 60 3.2 10
100000 1 39 60 3.2 -0.375
100000 1 39 60 3.2 -0.075
100000 1 39 60 3.2 -0.225
100000 1 39 60 3.2 0.375
100000 1 39 60 1.6 10
100000 1 39 60 1.6 -0.375
100000 1 39 60 1.6 -0.075
100000 1 39 60 1.6 -0.225
100000 1 39 60 1.6 0.375
100000 1 39 60 0 10
100000 1 39 60 0 -0.45
100000 1 39 60 0 -0.15
100000 1 39 60 0 -0.3
100000 1 39 60 0 0.3
100000 1 0 15 6.4 -0.375
100000 1 0 15 6.4 10
100000 1 0 15 8 0.375
100000 1 0 15 8 -0.225
100000 1 0 15 8 -0.075
100000 1 39 55 6.8 10
100000 1 39 55 6.8 -0.375
100000 1 39 55 6.8 -0.075
100000 1 39 55 6.8 -0.225
100000 1 39 55 6.8 0.375
100000 1 39 55 7.6 10
100000 1 39 55 7.6 -0.375
100000 1 39 55 7.6 -0.075
100000 1 39 55 7.6 -0.225
100000 1 39 55 7.6 0.375
100000 1 39 55 7.2 10
100000 1 39 55 7.2 -0.375
100000 1 39 55 7.2 -0.075
100000 1 39 55 7.2 -0.225
100000 1 39 55 7.2 0.375
100000 1 39 55 8.8 10
100000 1 39 55 8.8 -0.375
100000 1 39 55 8.8 -0.075
100000 1 39 55 8.8 -0.225
100000 1 39 55 8.8 0.375
100000 1 39 55 8 10
100000 1 39 55 8 -0.375
100000 1 39 55 8 -0.075
100000 1 39 55 8 -0.225
100000 1 39 55 8 0.375
100000 1 39 55 6.4 10
100000 1 39 55 6.4 -0.375
100000 1 39 55 6.4 -0.075
100000 1 39 55 6.4 -0.225
100000 1 39 55 6.4 0.375
100000 1 39 55 4.8 10
100000 1 39 55 4.8 -0.375
100000 1 39 55 4.8 -0.075
100000 1 39 55 4.8 -0.225
100000 1 39 55 4.8 0.375
100000 1 39 55 3.2 10
100000 1 39 55 3.2 -0.375
100000 1 39 55 3.2 -0.075
100000 1 39 55 3.2 -0.225
100000 1 39 55 3.2 0.375
100000 1 39 55 1.6 10
100000 1 39 55 1.6 -0.375
100000 1 39 55 1.6 -0.075
100000 1 39 55 1.6 -0.225
100000 1 39 55 1.6 0.375
100000 1 39 55 0 10
100000 1 39 55 0 -0.45
100000 1 39 55 0 -0.15
100000 1 39 55 0 -0.3
100000 1 39 55 0 0.3
100000 1 0 15 8 -0.375
100000 1 0 15 8 10
100000 1 0 25 3.2 0.375
100000 1 0 25 3.2 -0.225
100000 1 0 25 3.2 -0.075
100000 1 39 45 6.8 10
100000 1 39 45 6.8 -0.375
100000 1 39 45 6.8 -0.075
100000 1 39 45 6.8 -0.225
100000 1 39 45 6.8 0.375
100000 1 39 45 7.6 10
100000 1 39 45 7.6 -0.375
100000 1 39 45 7.6 -0.075
100000 1 39 45 7.6 -0.225
100000 1 39 45 7.6 0.375
100000 1 39 45 7.2 10
100000 1 39 45 7.2 -0.375
100000 1 39 45 7.2 -0.075
100000 1 39 45 7.2 -0.225
100000 1 39 45 7.2 0.375
100000 1 39 45 8.8 10
100000 1 39 45 8.8 -0.375
100000 1 39 45 8.8 -0.075
100000 1 39 45 8.8 -0.225
100000 1 39 45 8.8 0.375
100000 1 39 45 8 10
100000 1 39 45 8 -0.375
100000 1 39 45 8 -0.075
100000 1 39 45 8 -0.225
100000 1 39 45 8 0.375
100000 1 39 45 6.4 10
100000 1 39 45 6.4 -0.375
100000 1 39 45 6.4 -0.075
100000 1 39 45 6.4 -0.225
100000 1 39 45 6.4 0.375
100000 1 39 45 4.8 10
100000 1 39 45 4.8 -0.375
100000 1 39 45 4.8 -0.075
100000 1 39 45 4.8 -0.225
100000 1 39 45 4.8 0.375
100000 1 39 45 3.2 10
100000 1 39 45 3.2 -0.375
100000 1 39 45 3.2 -0.075
100000 1 39 45 3.2 -0.225
100000 1 39 45 3.2 0.375
100000 1 39 45 1.6 10
100000 1 39 45 1.6 -0.375
100000 1 39 45 1.6 -0.075
100000 1 39 45 1.6 -0.225
100000 1 39 45 1.6 0.375
100000 1 39 45 0 10
100000 1 39 45 0 -0.45
100000 1 39 45 0 -0.15
100000 1 39 45 0 -0.3
100000 1 39 45 0 0.3
100000 1 0 25 3.2 -0.375
100000 1 0 25 3.2 10
100000 1 0 25 4.8 0.375
100000 1 0 25 4.8 -0.225
100000 1 0 25 4.8 -0.075
100000 1 39 35 6.8 10
100000 1 39 35 6.8 -0.375
100000 1 39 35 6.8 -0.075
100000 1 39 35 6.8 -0.225
100000 1 39 35 6.8 0.375
100000 1 39 35 7.6 10
100000 1 39 35 7.6 -0.375
100000 1 39 35 7.6 -0.075
100000 1 39 35 7.6 -0.225
100000 1 39 35 7.6 0.375
100000 1 39 35 7.2 10
100000 1 39 35 7.2 -0.375
100000 1 39 35 7.2 -0.075
100000 1 39 35 7.2 -0.225
100000 1 39 35 7.2 0.375
100000 1 39 35 8.8 10
100000 1 39 35 8.8 -0.375
100000 1 39 35 8.8 -0.075
100000 1 39 35 8.8 -0.225
100000 1 39 35 8.8 0.375
100000 1 39 35 8 10
100000 1 39 35 8 -0.375
100000 1 39 35 8 -0.075
100000 1 39 35 8 -0.225
100000 1 39 35 8 0.375
100000 1 39 35 6.4 10
100000 1 39 35 6.4 -0.375
100000 1 39 35 6.4 -0.075
100000 1 39 35 6.4 -0.225
100000 1 39 35 6.4 0.375
100000 1 39 35 4.8 10
100000 1 39 35 4.8 -0.375
100000 1 39 35 4.8 -0.075
100000 1 39 35 4.8 -0.225
100000 1 39 35 4.8 0.375
100000 1 39 35 3.2 10
100000 1 39 35 3.2 -0.375
100000 1 39 35 3.2 -0.075
100000 1 39 35 3.2 -0.225
100000 1 39 35 3.2 0.375
100000 1 39 35 1.6 10
100000 1 39 35 1.6 -0.375
100000 1 39 35 1.6 -0.075
100000 1 39 35 1.6 -0.225
100000 1 39 35 1.6 0.375
100000 1 39 35 0 10
100000 1 39 35 0 -0.45
100000 1 39 35 0 -0.15
100000 1 39 35 0 -0.3
100000 1 39 35 0 0.3
100000 1 0 25 4.8 -0.375
100000 1 0 25 4.8 10
100000 1 0 25 6.4 0.375
100000 1 0 25 6.4 -0.225
100000 1 0 25 6.4 -0.075
100000 1 39 25 6.8 10
100000 1 39 25 6.8 -0.375
100000 1 39 25 6.8 -0.075
100000 1 39 25 6.8 -0.225
100000 1 39 25 6.8 0.375
100000 1 39 25 7.6 10
100000 1 39 25 7.6 -0.375
100000 1 39 25 7.6 -0.075
100000 1 39 25 7.6 -0.225
100000 1 39 25 7.6 0.375
100000 1 39 25 7.2 10
100000 1 39 25 7.2 -0.375
100000 1 39 25 7.2 -0.075
100000 1 39 25 7.2 -0.225
100000 1 39 25 7.2 0.375
100000 1 39 25 8.8 10
100000 1 39 25 8.8 -0.375
100000 1 39 25 8.8 -0.075
100000 1 39 25 8.8 -0.225
100000 1 39 25 8.8 0.375
100000 1 39 25 8 10
100000 1 39 25 8 -0.375
100000 1 39 25 8 -0.075
100000 1 39 25 8 -0.225
100000 1 39 25 8 0.375
100000 1 39 25 6.4 10
100000 1 39 25 6.4 -0.375
100000 1 39 25 6.4 -0.075
100000 1 39 25 6.4 -0.225
100000 1 39 25 6.4 0.375
100000 1 39 25 4.8 10
100000 1 39 25 4.8 -0.375
100000 1 39 25 4.8 -0.075
100000 1 39 25 4.8 -0.225
100000 1 39 25 4.8 0.375
100000 1 39 25 3.2 10
100000 1 39 25 3.2 -0.375
100000 1 39 25 3.2 -0.075
100000 1 39 25 3.2 -0.225
100000 1 39 25 3.2 0.375
100000 1 39 25 1.6 10
100000 1 39 25 1.6 -0.375
100000 1 39 25 1.6 -0.075
100000 1 39 25 1.6 -0.225
100000 1 39 25 1.6 0.375
100000 1 39 25 0 10
100000 1 39 25 0 -0.45
100000 1 39 25 0 -0.15
100000 1 39 25 0 -0.3
100000 1 39 25 0 0.3
100000 1 0 25 6.4 -0.375
100000 1 0 25 6.4 10
100000 1 0 25 8 0.375
100000 1 0 25 8 -0.225
100000 1 0 25 8 -0.075
100000 1 39 15 6.8 10
100000 1 39 15 6.8 -0.375
100000 1 39 15 6.8 -0.075
100000 1 39 15 6.8 -0.225
100000 1 39 15 6.8 0.375
100000 1 39 15 7.6 10
100000 1 39 15 7.6 -0.375
100000 1 39 15 7.6 -0.075
100000 1 39 15 7.6 -0.225
100000 1 39 15 7.6 0.375
100000 1 39 15 7.2 10
100000 1 39 15 7.2 -0.375
100000 1 39 15 7.2 -0.075
100000 1 39 15 7.2 -0.225
100000 1 39 15 7.2 0.375
100000 1 39 15 8.8 10
100000 1 39 15 8.8 -0.375
100000 1 39 15 8.8 -0.075
100000 1 39 15 8.8 -0.225
100000 1 39 15 8.8 0.375
100000 1 39 15 8 10
100000 1 39 15 8 -0.375
100000 1 39 15 8 -0.075
100000 1 39 15 8 -0.225
100000 1 39 15 8 0.375
100000 1 39 15 6.4 10
100000 1 39 15 6.4 -0.375
100000 1 39 15 6.4 -0.075
100000 1 39 15 6.4 -0.225
100000 1 39 15 6.4 0.375
100000 1 39 15 4.8 10
100000 1 39 15 4.8 -0.375
100000 1 39 15 4.8 -0.075
100000 1 39 15 4.8 -0.225
100000 1 39 15 4.8 0.375
100000 1 39 15 3.2 10
100000 1 39 15 3.2 -0.375
100000 1 39 15 3.2 -0.075
100000 1 39 15 3.2 -0.225
100000 1 39 15 3.2 0.375
100000 1 39 15 1.6 10
100000 1 39 15 1.6 -0.375
100000 1 39 15 1.6 -0.075
100000 1 39 15 1.6 -0.225
100000 1 39 15 1.6 0.375
100000 1 39 15 0 10
100000 1 39 15 0 -0.45
100000 1 39 15 0 -0.15
100000 1 39 15 0 -0.3
100000 1 39 15 0 0.3
100000 1 39 5 -10 10
100000 1 39 5 -10 -0.375
100000 1 39 5 -10 -0.075
100000 1 39 5 -10 -0.225
100000 1 39 5 -10 0.375
100000 1 39 5 6.8 10
100000 1 39 5 6.8 -0.375
100000 1 39 5 6.8 -0.075
100000 1 39 5 6.8 -0.225
100000 1 39 5 6.8 0.375
100000 1 39 5 7.6 10
100000 1 39 5 7.6 -0.375
100000 1 39 5 7.6 -0.075
100000 1 39 5 7.6 -0.225
100000 1 39 5 7.6 0.375
100000 1 39 5 7.2 10
100000 1 39 5 7.2 -0.375
100000 1 39 5 7.2 -0.075
100000 1 39 5 7.2 -0.225
100000 1 39 5 7.2 0.375
100000 1 39 5 8.8 10
100000 1 39 5 8.8 -0.375
100000 1 39 5 8.8 -0.075
100000 1 39 5 8.8 -0.225
100000 1 39 5 8.8 0.375
100000 1 39 5 8 10
100000 1 39 5 8 -0.375
100000 1 39 5 8 -0.075
100000 1 39 5 8 -0.225
100000 1 39 5 8 0.375
100000 1 39 5 6.4 10
100000 1 39 5 6.4 -0.375
100000 1 39 5 6.4 -0.075
100000 1 39 5 6.4 -0.225
100000 1 39 5 6.4 0.375
100000 1 39 5 4.8 10
100000 1 39 5 4.8 -0.375
100000 1 39 5 4.8 -0.075
100000 1 39 5 4.8 -0.225
100000 1 39 5 4.8 0.375
100000 1 39 5 3.2 10
100000 1 39 5 3.2 -0.375
100000 1 39 5 3.2 -0.075
100000 1 39 5 3.2 -0.225
100000 1 39 5 3.2 0.375
100000 1 39 5 1.6 10
100000 1 39 5 1.6 -0.375
100000 1 39 5 1.6 -0.075
100000 1 39 5 1.6 -0.225
100000 1 39 5 1.6 0.375
100000 1 39 5 0 10
100000 1 39 5 0 -0.45
100000 1 39 5 0 -0.15
100000 1 39 5 0 -0.3
100000 1 39 5 0 0.3
100000 1 0 25 8 -0.375
100000 1 0 25 8 10
100000 1 0 35 3.2 0.375
100000 1 0 35 3.2 -0.225
100000 1 0 35 3.2 -0.075
100000 1 0 35 3.2 -0.375
100000 1 0 35 3.2 10
100000 1 0 35 4.8 0.375
100000 1 0 35 4.8 -0.225
100000 1 0 35 4.8 -0.075
100000 1 0 35 4.8 -0.375
100000 1 0 35 4.8 10
100000 1 0 35 6.4 0.375
100000 1 0 35 6.4 -0.225
100000 1 0 35 6.4 -0.075
100000 1 0 35 6.4 -0.375
100000 1 0 35 6.4 10
100000 1 0 35 8 0.375
100000 1 0 35 8 -0.225
100000 1 0 35 8 -0.075
100000 1 0 35 8 -0.375
100000 1 0 35 8 10
100000 1 0 45 3.2 0.375
100000 1 24 100 0.8 -0.225
100000 1 0 45 3.2 -0.225
100000 1 24 100 8 10
100000 1 24 100 8 -0.375
100000 1 24 100 8 -0.075
100000 1 24 100 8 -0.225
100000 1 24 100 8 0.375
100000 1 24 100 6.4 10
100000 1 24 100 6.4 -0.375
100000 1 24 100 6.4 -0.075
100000 1 24 100 6.4 -0.225
100000 1 24 100 6.4 0.375
100000 1 24 100 4.8 10
100000 1 24 100 4.8 -0.375
100000 1 24 100 4.8 -0.075
100000 1 24 100 4.8 -0.225
100000 1 24 100 4.8 0.375
100000 1 24 100 3.2 10
100000 1 24 100 3.2 -0.375
100000 1 24 100 3.2 -0.075
100000 1 24 100 3.2 -0.225
100000 1 24 100 3.2 0.375
100000 1 24 100 1.6 10
100000 1 24 100 1.6 -0.375
100000 1 24 100 1.6 -0.075
100000 1 24 100 1.6 -0.225
100000 1 24 100 1.6 0.375
100000 1 0 45 3.2 -0.075
100000 1 0 45 3.2 -0.375
100000 1 0 45 3.2 10
100000 1 0 45 4.8 0.375
100000 1 0 45 4.8 -0.225
100000 1 0 45 4.8 -0.075
100000 1 0 45 4.8 -0.375
100000 1 0 45 4.8 10
100000 1 0 45 6.4 0.375
100000 1 0 45 6.4 -0.225
100000 1 24 17.5 6.8 10
100000 1 24 17.5 6.8 -0.375
100000 1 24 17.5 6.8 -0.075
100000 1 24 17.5 6.8 -0.225
100000 1 24 17.5 6.8 0.375
100000 1 24 17.5 7.6 10
100000 1 24 17.5 7.6 -0.375
100000 1 24 17.5 7.6 -0.075
100000 1 24 17.5 7.6 -0.225
100000 1 24 17.5 7.6 0.375
100000 1 24 17.5 7.2 10
100000 1 24 17.5 7.2 -0.375
100000 1 24 17.5 7.2 -0.075
100000 1 24 17.5 7.2 -0.225
100000 1 24 17.5 7.2 0.375
100000 1 24 17.5 8.8 10
100000 1 24 17.5 8.8 -0.375
100000 1 24 17.5 8.8 -0.075
100000 1 24 17.5 8.8 -0.225
100000 1 24 17.5 8.8 0.375
100000 1 24 17.5 8 10
100000 1 24 17.5 8 -0.375
100000 1 24 17.5 8 -0.075
100000 1 24 17.5 8 -0.225
100000 1 24 17.5 8 0.375
100000 1 24 17.5 6.4 10
100000 1 24 17.5 6.4 -0.375
100000 1 24 17.5 6.4 -0.075
100000 1 24 17.5 6.4 -0.225
100000 1 24 17.5 6.4 0.375
100000 1 24 17.5 4.8 10
100000 1 24 17.5 4.8 -0.375
100000 1 24 17.5 4.8 -0.075
100000 1 24 17.5 4.8 -0.225
100000 1 24 17.5 4.8 0.375
100000 1 24 17.5 3.2 10
100000 1 24 17.5 3.2 -0.375
100000 1 24 17.5 3.2 -0.075
100000 1 24 17.5 3.2 -0.225
100000 1 24 17.5 3.2 0.375
100000 1 24 17.5 1.6 10
100000 1 24 17.5 1.6 -0.375
100000 1 24 17.5 1.6 -0.075
100000 1 24 17.5 1.6 -0.225
100000 1 24 17.5 1.6 0.375
100000 1 24 17.5 0 10
100000 1 24 17.5 0 -0.45
100000 1 24 17.5 0 -0.15
100000 1 24 17.5 0 -0.3
100000 1 24 17.5 0 0.3
100000 1 0 45 6.4 -0.075
100000 1 0 45 6.4 -0.375
100000 1 0 45 6.4 10
100000 1 0 45 8 0.375
100000 1 0 45 8 -0.225
100000 1 24 22.5 6.8 10
100000 1 24 22.5 6.8 -0.375
100000 1 24 22.5 6.8 -0.075
100000 1 24 22.5 6.8 -0.225
100000 1 24 22.5 6.8 0.375
100000 1 24 22.5 7.6 10
100000 1 24 22.5 7.6 -0.375
100000 1 24 22.5 7.6 -0.075
100000 1 24 22.5 7.6 -0.225
100000 1 24 22.5 7.6 0.375
100000 1 24 22.5 7.2 10
100000 1 24 22.5 7.2 -0.375
100000 1 24 22.5 7.2 -0.075
100000 1 24 22.5 7.2 -0.225
100000 1 24 22.5 7.2 0.375
100000 1 24 22.5 8.8 10
100000 1 24 22.5 8.8 -0.375
100000 1 24 22.5 8.8 -0.075
100000 1 24 22.5 8.8 -0.225
100000 1 24 22.5 8.8 0.375
100000 1 24 22.5 8 10
100000 1 24 22.5 8 -0.375
100000 1 24 22.5 8 -0.075
100000 1 24 22.5 8 -0.225
100000 1 24 22.5 8 0.375
100000 1 24 22.5 6.4 10
100000 1 24 22.5 6.4 -0.375
100000 1 24 22.5 6.4 -0.075
100000 1 24 22.5 6.4 -0.225
100000 1 24 22.5 6.4 0.375
100000 1 24 22.5 4.8 10
100000 1 24 22.5 4.8 -0.375
100000 1 24 22.5 4.8 -0.075
100000 1 24 22.5 4.8 -0.225
100000 1 24 22.5 4.8 0.375
100000 1 24 22.5 3.2 10
100000 1 24 22.5 3.2 -0.375
100000 1 24 22.5 3.2 -0.075
100000 1 24 22.5 3.2 -0.225
100000 1 24 22.5 3.2 0.375
100000 1 24 22.5 1.6 10
100000 1 24 22.5 1.6 -0.375
100000 1 24 22.5 1.6 -0.075
100000 1 24 22.5 1.6 -0.225
100000 1 24 22.5 1.6 0.375
100000 1 24 22.5 0 10
100000 1 24 22.5 0 -0.45
100000 1 24 22.5 0 -0.15
100000 1 24 22.5 0 -0.3
100000 1 24 22.5 0 0.3
100000 1 24 10 -10 10
100000 1 24 10 -10 -0.375
100000 1 24 10 -10 -0.075
100000 1 24 10 -10 -0.225
100000 1 24 10 -10 0.375
100000 1 24 10 6.8 10
100000 1 24 10 6.8 -0.375
100000 1 24 10 6.8 -0.075
100000 1 24 10 6.8 -0.225
100000 1 24 10 6.8 0.375
100000 1 24 10 7.6 10
100000 1 24 10 7.6 -0.375
100000 1 24 10 7.6 -0.075
100000 1 24 10 7.6 -0.225
100000 1 24 10 7.6 0.375
100000 1 24 10 7.2 10
100000 1 24 10 7.2 -0.375
100000 1 24 10 7.2 -0.075
100000 1 24 10 7.2 -0.225
100000 1 24 10 7.2 0.375
100000 1 24 10 8.8 10
100000 1 24 10 8.8 -0.375
100000 1 24 10 8.8 -0.075
100000 1 24 10 8.8 -0.225
100000 1 24 10 8.8 0.375
100000 1 24 10 8 10
100000 1 24 10 8 -0.375
100000 1 24 10 8 -0.075
100000 1 24 10 8 -0.225
100000 1 24 10 8 0.375
100000 1 24 10 6.4 10
100000 1 24 10 6.4 -0.375
100000 1 24 10 6.4 -0.075
100000 1 24 10 6.4 -0.225
100000 1 24 10 6.4 0.375
100000 1 24 10 4.8 10
100000 1 24 10 4.8 -0.375
100000 1 24 10 4.8 -0.075
100000 1 24 10 4.8 -0.225
100000 1 24 10 4.8 0.375
100000 1 24 10 3.2 10
100000 1 24 10 3.2 -0.375
100000 1 24 10 3.2 -0.075
100000 1 24 10 3.2 -0.225
100000 1 24 10 3.2 0.375
100000 1 24 10 1.6 10
100000 1 24 10 1.6 -0.375
100000 1 24 10 1.6 -0.075
100000 1 24 10 1.6 -0.225
100000 1 24 10 1.6 0.375
100000 1 24 10 0 10
100000 1 24 10 0 -0.45
100000 1 24 10 0 -0.15
100000 1 24 10 0 -0.3
100000 1 24 10 0 0.3
100000 1 0 45 8 -0.075
100000 1 0 45 8 -0.375
100000 1 0 45 8 10
100000 1 0 55 3.2 0.375
100000 1 0 55 3.2 -0.225
100000 1 24 20 6.8 10
100000 1 24 20 6.8 -0.375
100000 1 24 20 6.8 -0.075
100000 1 24 20 6.8 -0.225
100000 1 24 20 6.8 0.375
100000 1 24 20 7.6 10
100000 1 24 20 7.6 -0.375
100000 1 24 20 7.6 -0.075
100000 1 24 20 7.6 -0.225
100000 1 24 20 7.6 0.375
100000 1 24 20 7.2 10
100000 1 24 20 7.2 -0.375
100000 1 24 20 7.2 -0.075
100000 1 24 20 7.2 -0.225
100000 1 24 20 7.2 0.375
100000 1 24 20 8.8 10
100000 1 24 20 8.8 -0.375
100000 1 24 20 8.8 -0.075
100000 1 24 20 8.8 -0.225
100000 1 24 20 8.8 0.375
100000 1 24 20 8 10
100000 1 24 20 8 -0.375
100000 1 24 20 8 -0.075
100000 1 24 20 8 -0.225
100000 1 24 20 8 0.375
100000 1 24 20 6.4 10
100000 1 24 20 6.4 -0.375
100000 1 24 20 6.4 -0.075
100000 1 24 20 6.4 -0.225
100000 1 24 20 6.4 0.375
100000 1 24 20 4.8 10
100000 1 24 20 4.8 -0.375
100000 1 24 20 4.8 -0.075
100000 1 24 20 4.8 -0.225
100000 1 24 20 4.8 0.375
100000 1 24 20 3.2 10
100000 1 24 20 3.2 -0.375
100000 1 24 20 3.2 -0.075
100000 1 24 20 3.2 -0.225
100000 1 24 20 3.2 0.375
100000 1 24 20 1.6 10
100000 1 24 20 1.6 -0.375
100000 1 24 20 1.6 -0.075
100000 1 24 20 1.6 -0.225
100000 1 24 20 1.6 0.375
100000 1 24 20 0 10
100000 1 24 20 0 -0.45
100000 1 24 20 0 -0.15
100000 1 24 20 0 -0.3
100000 1 24 20 0 0.3
100000 1 0 55 3.2 -0.075
100000 1 0 55 3.2 -0.375
100000 1 0 55 3.2 10
100000 1 0 55 4.8 0.375
100000 1 0 55 4.8 -0.225
100000 1 0 55 4.8 -0.075
100000 1 0 55 4.8 -0.375
100000 1 0 55 4.8 10
100000 1 0 55 6.4 0.375
100000 1 0 55 6.4 -0.225
100000 1 0 55 6.4 -0.075
100000 1 0 55 6.4 -0.375
100000 1 0 55 6.4 10
100000 1 0 55 8 0.375
100000 1 0 55 8 -0.225
100000 1 0 55 8 -0.075
100000 1 0 55 8 -0.375
100000 1 0 55 8 10
100000 1 0 20 3.2 0.375
100000 1 0 20 3.2 -0.225
100000 1 0 20 3.2 -0.075
100000 1 0 20 3.2 -0.375
100000 1 0 20 3.2 10
100000 1 24 55 0.8 -0.225
100000 1 0 20 4.8 0.375
100000 1 24 55 8 10
100000 1 24 55 8 -0.375
100000 1 24 55 8 -0.075
100000 1 24 55 8 -0.225
100000 1 24 55 8 0.375
100000 1 24 55 6.4 10
100000 1 24 55 6.4 -0.375
100000 1 24 55 6.4 -0.075
100000 1 24 55 6.4 -0.225
100000 1 24 55 6.4 0.375
100000 1 24 55 4.8 10
100000 1 24 55 4.8 -0.375
100000 1 24 55 4.8 -0.075
100000 1 24 55 4.8 -0.225
100000 1 24 55 4.8 0.375
100000 1 24 55 3.2 10
100000 1 24 55 3.2 -0.375
100000 1 24 55 3.2 -0.075
100000 1 24 55 3.2 -0.225
100000 1 24 55 3.2 0.375
100000 1 24 55 1.6 10
100000 1 24 55 1.6 -0.375
100000 1 24 55 1.6 -0.075
100000 1 24 55 1.6 -0.225
100000 1 24 55 1.6 0.375
100000 1 0 20 4.8 -0.225
100000 1 0 20 4.8 -0.075
100000 1 0 20 4.8 -0.375
100000 1 0 20 4.8 10
100000 1 0 20 6.4 0.375
100000 1 0 20 6.4 -0.225
100000 1 0 20 6.4 -0.075
100000 1 0 20 6.4 -0.375
100000 1 0 20 6.4 10
100000 1 0 20 8 0.375
100000 1 0 20 8 -0.225
100000 1 0 20 8 -0.075
100000 1 0 20 8 -0.375
100000 1 0 20 8 10
100000 1 0 10 1.6 0.375
100000 1 0 10 1.6 -0.225
100000 1 0 10 1.6 -0.075
100000 1 0 10 1.6 -0.375
100000 1 0 10 1.6 10
100000 1 0 10 3.2 0.375
100000 1 0 10 3.2 -0.225
100000 1 0 10 3.2 -0.075
100000 1 0 10 3.2 -0.375
100000 1 0 10 3.2 10
100000 1 0 10 4.8 0.375
100000 1 24 45 0.8 10
100000 1 24 45 0.8 -0.375
100000 1 24 45 0.8 -0.075
100000 1 24 45 0.8 -0.225
100000 1 24 45 0.8 0.375
100000 1 24 45 8 10
100000 1 24 45 8 -0.375
100000 1 24 45 8 -0.075
100000 1 24 45 8 -0.225
100000 1 24 45 8 0.375
100000 1 24 45 6.4 10
100000 1 24 45 6.4 -0.375
100000 1 24 45 6.4 -0.075
100000 1 24 45 6.4 -0.225
100000 1 24 45 6.4 0.375
100000 1 24 45 4.8 10
100000 1 24 45 4.8 -0.375
100000 1 24 45 4.8 -0.075
100000 1 24 45 4.8 -0.225
100000 1 24 45 4.8 0.375
100000 1 24 45 3.2 10
100000 1 24 45 3.2 -0.375
100000 1 24 45 3.2 -0.075
100000 1 24 45 3.2 -0.225
100000 1 24 45 3.2 0.375
100000 1 24 45 1.6 10
100000 1 24 45 1.6 -0.375
100000 1 24 45 1.6 -0.075
100000 1 24 45 1.6 -0.225
100000 1 24 45 1.6 0.375
100000 1 0 10 4.8 -0.225
100000 1 0 10 4.8 -0.075
100000 1 0 10 4.8 -0.375
100000 1 0 10 4.8 10
100000 1 0 10 6.4 0.375
100000 1 0 10 6.4 -0.225
100000 1 0 10 6.4 -0.075
100000 1 0 10 6.4 -0.375
100000 1 0 10 6.4 10
100000 1 0 10 8 0.375
100000 1 0 10 8 -0.225
100000 1 0 10 8 -0.075
100000 1 0 10 8 -0.375
100000 1 0 10 8 10
100000 1 0 22.5 3.2 0.375
100000 1 0 22.5 3.2 -0.225
100000 1 0 22.5 3.2 -0.075
100000 1 0 22.5 3.2 -0.375
100000 1 0 22.5 3.2 10
100000 1 0 22.5 4.8 0.375
100000 1 0 22.5 4.8 -0.225
100000 1 0 22.5 4.8 -0.075
100000 1 0 22.5 4.8 -0.375
100000 1 0 22.5 4.8 10
100000 1 0 22.5 6.4 0.375
100000 1 24 35 0.8 10
100000 1 24 35 0.8 -0.375
100000 1 24 35 0.8 -0.075
100000 1 24 35 0.8 -0.225
100000 1 24 35 0.8 0.375
100000 1 24 35 8 10
100000 1 24 35 8 -0.375
100000 1 24 35 8 -0.075
100000 1 24 35 8 -0.225
100000 1 24 35 8 0.375
100000 1 24 35 6.4 10
100000 1 24 35 6.4 -0.375
100000 1 24 35 6.4 -0.075
100000 1 24 35 6.4 -0.225
100000 1 24 35 6.4 0.375
100000 1 24 35 4.8 10
100000 1 24 35 4.8 -0.375
100000 1 24 35 4.8 -0.075
100000 1 24 35 4.8 -0.225
100000 1 24 35 4.8 0.375
100000 1 24 35 3.2 10
100000 1 24 35 3.2 -0.375
100000 1 24 35 3.2 -0.075
100000 1 24 35 3.2 -0.225
100000 1 24 35 3.2 0.375
100000 1 24 35 1.6 10
100000 1 24 35 1.6 -0.375
100000 1 24 35 1.6 -0.075
100000 1 24 35 1.6 -0.225
100000 1 24 35 1.6 0.375
100000 1 0 22.5 6.4 -0.225
100000 1 0 22.5 6.4 -0.075
100000 1 0 22.5 6.4 -0.375
100000 1 0 22.5 6.4 10
100000 1 0 22.5 8 0.375
100000 1 0 22.5 8 -0.225
100000 1 0 22.5 8 -0.075
100000 1 0 22.5 8 -0.375
100000 1 0 22.5 8 10
100000 1 0 17.5 3.2 0.375
100000 1 24 25 6.8 10
100000 1 24 25 6.8 -0.375
100000 1 24 25 6.8 -0.075
100000 1 24 25 6.8 -0.225
100000 1 24 25 6.8 0.375
100000 1 24 25 7.6 10
100000 1 24 25 7.6 -0.375
100000 1 24 25 7.6 -0.075
100000 1 24 25 7.6 -0.225
100000 1 24 25 7.6 0.375
100000 1 24 25 7.2 10
100000 1 24 25 7.2 -0.375
100000 1 24 25 7.2 -0.075
100000 1 24 25 7.2 -0.225
100000 1 24 25 7.2 0.375
100000 1 24 25 8.8 10
100000 1 24 25 8.8 -0.375
100000 1 24 25 8.8 -0.075
100000 1 24 25 8.8 -0.225
100000 1 24 25 8.8 0.375
100000 1 24 25 8 10
100000 1 24 25 8 -0.375
100000 1 24 25 8 -0.075
100000 1 24 25 8 -0.225
100000 1 24 25 8 0.375
100000 1 24 25 6.4 10
100000 1 24 25 6.4 -0.375
100000 1 24 25 6.4 -0.075
100000 1 24 25 6.4 -0.225
100000 1 24 25 6.4 0.375
100000 1 24 25 4.8 10
100000 1 24 25 4.8 -0.375
100000 1 24 25 4.8 -0.075
100000 1 24 25 4.8 -0.225
100000 1 24 25 4.8 0.375
100000 1 24 25 3.2 10
100000 1 24 25 3.2 -0.375
100000 1 24 25 3.2 -0.075
100000 1 24 25 3.2 -0.225
100000 1 24 25 3.2 0.375
100000 1 24 25 1.6 10
100000 1 24 25 1.6 -0.375
100000 1 24 25 1.6 -0.075
100000 1 24 25 1.6 -0.225
100000 1 24 25 1.6 0.375
100000 1 24 25 0 10
100000 1 24 25 0 -0.45
100000 1 24 25 0 -0.15
100000 1 24 25 0 -0.3
100000 1 24 25 0 0.3
100000 1 0 17.5 3.2 -0.225
100000 1 0 17.5 3.2 -0.075
100000 1 0 17.5 3.2 -0.375
100000 1 0 17.5 3.2 10
100000 1 0 17.5 4.8 0.375
100000 1 24 15 6.8 10
100000 1 24 15 6.8 -0.375
100000 1 24 15 6.8 -0.075
100000 1 24 15 6.8 -0.225
100000 1 24 15 6.8 0.375
100000 1 24 15 7.6 10
100000 1 24 15 7.6 -0.375
100000 1 24 15 7.6 -0.075
100000 1 24 15 7.6 -0.225
100000 1 24 15 7.6 0.375
100000 1 24 15 7.2 10
100000 1 24 15 7.2 -0.375
100000 1 24 15 7.2 -0.075
100000 1 24 15 7.2 -0.225
100000 1 24 15 7.2 0.375
100000 1 24 15 8.8 10
100000 1 24 15 8.8 -0.375
100000 1 24 15 8.8 -0.075
100000 1 24 15 8.8 -0.225
100000 1 24 15 8.8 0.375
100000 1 24 15 8 10
100000 1 24 15 8 -0.375
100000 1 24 15 8 -0.075
100000 1 24 15 8 -0.225
100000 1 24 15 8 0.375
100000 1 24 15 6.4 10
100000 1 24 15 6.4 -0.375
100000 1 24 15 6.4 -0.075
100000 1 24 15 6.4 -0.225
100000 1 24 15 6.4 0.375
100000 1 24 15 4.8 10
100000 1 24 15 4.8 -0.375
100000 1 24 15 4.8 -0.075
100000 1 24 15 4.8 -0.225
100000 1 24 15 4.8 0.375
100000 1 24 15 3.2 10
100000 1 24 15 3.2 -0.375
100000 1 24 15 3.2 -0.075
100000 1 24 15 3.2 -0.225
100000 1 24 15 3.2 0.375
100000 1 24 15 1.6 10
100000 1 24 15 1.6 -0.375
100000 1 24 15 1.6 -0.075
100000 1 24 15 1.6 -0.225
100000 1 24 15 1.6 0.375
100000 1 24 15 0 10
100000 1 24 15 0 -0.45
100000 1 24 15 0 -0.15
100000 1 24 15 0 -0.3
100000 1 24 15 0 0.3
100000 1 24 5 -10 10
100000 1 24 5 -10 -0.375
100000 1 24 5 -10 -0.075
100000 1 24 5 -10 -0.225
100000 1 24 5 -10 0.375
100000 1 24 5 6.8 10
100000 1 24 5 6.8 -0.375
100000 1 24 5 6.8 -0.075
100000 1 24 5 6.8 -0.225
100000 1 24 5 6.8 0.375
100000 1 24 5 7.6 10
100000 1 24 5 7.6 -0.375
100000 1 24 5 7.6 -0.075
100000 1 24 5 7.6 -0.225
100000 1 24 5 7.6 0.375
100000 1 24 5 7.2 10
100000 1 24 5 7.2 -0.375
100000 1 24 5 7.2 -0.075
100000 1 24 5 7.2 -0.225
100000 1 24 5 7.2 0.375
100000 1 24 5 8.8 10
100000 1 24 5 8.8 -0.375
100000 1 24 5 8.8 -0.075
100000 1 24 5 8.8 -0.225
100000 1 24 5 8.8 0.375
100000 1 24 5 8 10
100000 1 24 5 8 -0.375
100000 1 24 5 8 -0.075
100000 1 24 5 8 -0.225
100000 1 24 5 8 0.375
100000 1 24 5 6.4 10
100000 1 24 5 6.4 -0.375
100000 1 24 5 6.4 -0.075
100000 1 24 5 6.4 -0.225
100000 1 24 5 6.4 0.375
100000 1 24 5 4.8 10
100000 1 24 5 4.8 -0.375
100000 1 24 5 4.8 -0.075
100000 1 24 5 4.8 -0.225
100000 1 24 5 4.8 0.375
100000 1 24 5 3.2 10
100000 1 24 5 3.2 -0.375
100000 1 24 5 3.2 -0.075
100000 1 24 5 3.2 -0.225
100000 1 24 5 3.2 0.375
100000 1 24 5 1.6 10
100000 1 24 5 1.6 -0.375
100000 1 24 5 1.6 -0.075
100000 1 24 5 1.6 -0.225
100000 1 24 5 1.6 0.375
100000 1 24 5 0 10
100000 1 24 5 0 -0.45
100000 1 24 5 0 -0.15
100000 1 24 5 0 -0.3
100000 1 24 5 0 0.3
100000 1 0 17.5 4.8 -0.225
100000 1 36 100 -10 -0.375
100000 1 36 100 -10 -0.075
100000 1 36 100 -10 -0.225
100000 1 36 100 -10 0.375
100000 1 36 100 6.8 10
100000 1 36 100 6.8 -0.375
100000 1 36 100 6.8 -0.075
100000 1 36 100 6.8 -0.225
100000 1 36 100 6.8 0.375
100000 1 36 100 7.6 10
100000 1 36 100 7.6 -0.375
100000 1 36 100 7.6 -0.075
100000 1 36 100 7.6 -0.225
100000 1 36 100 7.6 0.375
100000 1 36 100 7.2 10
100000 1 36 100 7.2 -0.375
100000 1 36 100 7.2 -0.075
100000 1 36 100 7.2 -0.225
100000 1 36 100 7.2 0.375
100000 1 36 100 8.8 10
100000 1 36 100 8.8 -0.375
100000 1 36 100 8.8 -0.075
100000 1 36 100 8.8 -0.225
100000 1 36 100 8.8 0.375
100000 1 36 100 8 10
100000 1 36 100 8 -0.375
100000 1 36 100 8 -0.075
100000 1 36 100 8 -0.225
100000 1 36 100 8 0.375
100000 1 36 100 6.4 10
100000 1 36 100 6.4 -0.375
100000 1 36 100 6.4 -0.075
100000 1 36 100 6.4 -0.225
100000 1 36 100 6.4 0.375
100000 1 36 100 4.8 10
100000 1 36 100 4.8 -0.375
100000 1 36 100 4.8 -0.075
100000 1 36 100 4.8 -0.225
100000 1 36 100 4.8 0.375
100000 1 36 100 3.2 10
100000 1 36 100 3.2 -0.375
100000 1 36 100 3.2 -0.075
100000 1 36 100 3.2 -0.225
100000 1 36 100 3.2 0.375
100000 1 36 100 1.6 10
100000 1 36 100 1.6 -0.375
100000 1 36 100 1.6 -0.075
100000 1 36 100 1.6 -0.225
100000 1 36 100 1.6 0.375
100000 1 36 100 0 10
100000 1 36 100 0 -0.45
100000 1 36 100 0 -0.15
100000 1 36 100 0 -0.3
100000 1 36 100 0 0.3
100000 1 36 47.5 -10 10
100000 1 36 47.5 -10 -0.375
100000 1 36 47.5 -10 -0.075
100000 1 36 47.5 -10 -0.225
100000 1 36 47.5 -10 0.375
100000 1 36 47.5 6.8 10
100000 1 36 47.5 6.8 -0.375
100000 1 36 47.5 6.8 -0.075
100000 1 36 47.5 6.8 -0.225
100000 1 36 47.5 6.8 0.375
100000 1 36 47.5 7.6 10
100000 1 36 47.5 7.6 -0.375
100000 1 36 47.5 7.6 -0.075
100000 1 36 47.5 7.6 -0.225
100000 1 36 47.5 7.6 0.375
100000 1 36 47.5 7.2 10
100000 1 36 47.5 7.2 -0.375
100000 1 36 47.5 7.2 -0.075
100000 1 36 47.5 7.2 -0.225
100000 1 36 47.5 7.2 0.375
100000 1 36 47.5 8.8 10
100000 1 36 47.5 8.8 -0.375
100000 1 36 47.5 8.8 -0.075
100000 1 36 47.5 8.8 -0.225
100000 1 36 47.5 8.8 0.375
100000 1 36 47.5 8 10
100000 1 36 47.5 8 -0.375
100000 1 36 47.5 8 -0.075
100000 1 36 47.5 8 -0.225
100000 1 36 47.5 8 0.375
100000 1 36 47.5 6.4 10
100000 1 36 47.5 6.4 -0.375
100000 1 36 47.5 6.4 -0.075
100000 1 36 47.5 6.4 -0.225
100000 1 36 47.5 6.4 0.375
100000 1 36 47.5 4.8 10
100000 1 36 47.5 4.8 -0.375
100000 1 36 47.5 4.8 -0.075
100000 1 36 47.5 4.8 -0.225
100000 1 36 47.5 4.8 0.375
100000 1 36 47.5 3.2 10
100000 1 36 47.5 3.2 -0.375
100000 1 36 47.5 3.2 -0.075
100000 1 36 47.5 3.2 -0.225
100000 1 36 47.5 3.2 0.375
100000 1 36 47.5 1.6 10
100000 1 36 47.5 1.6 -0.375
100000 1 36 47.5 1.6 -0.075
100000 1 36 47.5 1.6 -0.225
100000 1 36 47.5 1.6 0.375
100000 1 36 47.5 0 10
100000 1 36 47.5 0 -0.45
100000 1 36 47.5 0 -0.15
100000 1 36 47.5 0 -0.3
100000 1 36 47.5 0 0.3
100000 1 36 52.5 -10 10
100000 1 36 52.5 -10 -0.375
100000 1 36 52.5 -10 -0.075
100000 1 36 52.5 -10 -0.225
100000 1 36 52.5 -10 0.375
100000 1 36 52.5 6.8 10
100000 1 36 52.5 6.8 -0.375
100000 1 36 52.5 6.8 -0.075
100000 1 36 52.5 6.8 -0.225
100000 1 36 52.5 6.8 0.375
100000 1 36 52.5 7.6 10
100000 1 36 52.5 7.6 -0.375
100000 1 36 52.5 7.6 -0.075
100000 1 36 52.5 7.6 -0.225
100000 1 36 52.5 7.6 0.375
100000 1 36 52.5 7.2 10
100000 1 36 52.5 7.2 -0.375
100000 1 36 52.5 7.2 -0.075
100000 1 36 52.5 7.2 -0.225
100000 1 36 52.5 7.2 0.375
100000 1 36 52.5 8.8 10
100000 1 36 52.5 8.8 -0.375
100000 1 36 52.5 8.8 -0.075
100000 1 36 52.5 8.8 -0.225
100000 1 36 52.5 8.8 0.375
100000 1 36 52.5 8 10
100000 1 36 52.5 8 -0.375
100000 1 36 52.5 8 -0.075
100000 1 36 52.5 8 -0.225
100000 1 36 52.5 8 0.375
100000 1 36 52.5 6.4 10
100000 1 36 52.5 6.4 -0.375
100000 1 36 52.5 6.4 -0.075
100000 1 36 52.5 6.4 -0.225
100000 1 36 52.5 6.4 0.375
100000 1 36 52.5 4.8 10
100000 1 36 52.5 4.8 -0.375
100000 1 36 52.5 4.8 -0.075
100000 1 36 52.5 4.8 -0.225
100000 1 36 52.5 4.8 0.375
100000 1 36 52.5 3.2 10
100000 1 36 52.5 3.2 -0.375
100000 1 36 52.5 3.2 -0.075
100000 1 36 52.5 3.2 -0.225
100000 1 36 52.5 3.2 0.375
100000 1 36 52.5 1.6 10
100000 1 36 52.5 1.6 -0.375
100000 1 36 52.5 1.6 -0.075
100000 1 36 52.5 1.6 -0.225
100000 1 36 52.5 1.6 0.375
100000 1 36 52.5 0 10
100000 1 36 52.5 0 -0.45
100000 1 36 52.5 0 -0.15
100000 1 36 52.5 0 -0.3
100000 1 36 52.5 0 0.3
100000 1 36 50 -10 10
100000 1 36 50 -10 -0.375
100000 1 36 50 -10 -0.075
100000 1 36 50 -10 -0.225
100000 1 36 50 -10 0.375
100000 1 36 50 6.8 10
100000 1 36 50 6.8 -0.375
100000 1 36 50 6.8 -0.075
100000 1 36 50 6.8 -0.225
100000 1 36 50 6.8 0.375
100000 1 36 50 7.6 10
100000 1 36 50 7.6 -0.375
100000 1 36 50 7.6 -0.075
100000 1 36 50 7.6 -0.225
100000 1 36 50 7.6 0.375
100000 1 36 50 7.2 10
100000 1 36 50 7.2 -0.375
100000 1 36 50 7.2 -0.075
100000 1 36 50 7.2 -0.225
100000 1 36 50 7.2 0.375
100000 1 36 50 8.8 10
100000 1 36 50 8.8 -0.375
100000 1 36 50 8.8 -0.075
100000 1 36 50 8.8 -0.225
100000 1 36 50 8.8 0.375
100000 1 36 50 8 10
100000 1 36 50 8 -0.375
100000 1 36 50 8 -0.075
100000 1 36 50 8 -0.225
100000 1 36 50 8 0.375
100000 1 36 50 6.4 10
100000 1 36 50 6.4 -0.375
100000 1 36 50 6.4 -0.075
100000 1 36 50 6.4 -0.225
100000 1 36 50 6.4 0.375
100000 1 36 50 4.8 10
100000 1 36 50 4.8 -0.375
100000 1 36 50 4.8 -0.075
100000 1 36 50 4.8 -0.225
100000 1 36 50 4.8 0.375
100000 1 36 50 3.2 10
100000 1 36 50 3.2 -0.375
100000 1 36 50 3.2 -0.075
100000 1 36 50 3.2 -0.225
100000 1 36 50 3.2 0.375
100000 1 36 50 1.6 10
100000 1 36 50 1.6 -0.375
100000 1 36 50 1.6 -0.075
100000 1 36 50 1.6 -0.225
100000 1 36 50 1.6 0.375
100000 1 36 50 0 10
100000 1 36 50 0 -0.45
100000 1 36 50 0 -0.15
100000 1 36 50 0 -0.3
100000 1 36 50 0 0.3
100000 1 36 60 -10 10
100000 1 36 60 -10 -0.375
100000 1 36 60 -10 -0.075
100000 1 36 60 -10 -0.225
100000 1 36 60 -10 0.375
100000 1 36 60 6.8 10
100000 1 36 60 6.8 -0.375
100000 1 36 60 6.8 -0.075
100000 1 36 60 6.8 -0.225
100000 1 36 60 6.8 0.375
100000 1 36 60 7.6 10
100000 1 36 60 7.6 -0.375
100000 1 36 60 7.6 -0.075
100000 1 36 60 7.6 -0.225
100000 1 36 60 7.6 0.375
100000 1 36 60 7.2 10
100000 1 36 60 7.2 -0.375
100000 1 36 60 7.2 -0.075
100000 1 36 60 7.2 -0.225
100000 1 36 60 7.2 0.375
100000 1 36 60 8.8 10
100000 1 36 60 8.8 -0.375
100000 1 36 60 8.8 -0.075
100000 1 36 60 8.8 -0.225
100000 1 36 60 8.8 0.375
100000 1 36 60 8 10
100000 1 36 60 8 -0.375
100000 1 36 60 8 -0.075
100000 1 36 60 8 -0.225
100000 1 36 60 8 0.375
100000 1 36 60 6.4 10
100000 1 36 60 6.4 -0.375
100000 1 36 60 6.4 -0.075
100000 1 36 60 6.4 -0.225
100000 1 36 60 6.4 0.375
100000 1 36 60 4.8 10
100000 1 36 60 4.8 -0.375
100000 1 36 60 4.8 -0.075
100000 1 36 60 4.8 -0.225
100000 1 36 60 4.8 0.375
100000 1 36 60 3.2 10
100000 1 36 60 3.2 -0.375
100000 1 36 60 3.2 -0.075
100000 1 36 60 3.2 -0.225
100000 1 36 60 3.2 0.375
100000 1 36 60 1.6 10
100000 1 36 60 1.6 -0.375
100000 1 36 60 1.6 -0.075
100000 1 36 60 1.6 -0.225
100000 1 36 60 1.6 0.375
100000 1 36 60 0 10
100000 1 36 60 0 -0.45
100000 1 36 60 0 -0.15
100000 1 36 60 0 -0.3
100000 1 36 60 0 0.3
100000 1 36 55 -10 10
100000 1 36 55 -10 -0.375
100000 1 36 55 -10 -0.075
100000 1 36 55 -10 -0.225
100000 1 36 55 -10 0.375
100000 1 36 55 6.8 10
100000 1 36 55 6.8 -0.375
100000 1 36 55 6.8 -0.075
100000 1 36 55 6.8 -0.225
100000 1 36 55 6.8 0.375
100000 1 36 55 7.6 10
100000 1 36 55 7.6 -0.375
100000 1 36 55 7.6 -0.075
100000 1 36 55 7.6 -0.225
100000 1 36 55 7.6 0.375
100000 1 36 55 7.2 10
100000 1 36 55 7.2 -0.375
100000 1 36 55 7.2 -0.075
100000 1 36 55 7.2 -0.225
100000 1 36 55 7.2 0.375
100000 1 36 55 8.8 10
100000 1 36 55 8.8 -0.375
100000 1 36 55 8.8 -0.075
100000 1 36 55 8.8 -0.225
100000 1 36 55 8.8 0.375
100000 1 36 55 8 10
100000 1 36 55 8 -0.375
100000 1 36 55 8 -0.075
100000 1 36 55 8 -0.225
100000 1 36 55 8 0.375
100000 1 36 55 6.4 10
100000 1 36 55 6.4 -0.375
100000 1 36 55 6.4 -0.075
100000 1 36 55 6.4 -0.225
100000 1 36 55 6.4 0.375
100000 1 36 55 4.8 10
100000 1 36 55 4.8 -0.375
100000 1 36 55 4.8 -0.075
100000 1 36 55 4.8 -0.225
100000 1 36 55 4.8 0.375
100000 1 36 55 3.2 10
100000 1 36 55 3.2 -0.375
100000 1 36 55 3.2 -0.075
100000 1 36 55 3.2 -0.225
100000 1 36 55 3.2 0.375
100000 1 36 55 1.6 10
100000 1 36 55 1.6 -0.375
100000 1 36 55 1.6 -0.075
100000 1 36 55 1.6 -0.225
100000 1 36 55 1.6 0.375
100000 1 36 55 0 10
100000 1 36 55 0 -0.45
100000 1 36 55 0 -0.15
100000 1 36 55 0 -0.3
100000 1 36 55 0 0.3
100000 1 36 45 -10 10
100000 1 36 45 -10 -0.375
100000 1 36 45 -10 -0.075
100000 1 36 45 -10 -0.225
100000 1 36 45 -10 0.375
100000 1 36 45 6.8 10
100000 1 36 45 6.8 -0.375
100000 1 36 45 6.8 -0.075
100000 1 36 45 6.8 -0.225
100000 1 36 45 6.8 0.375
100000 1 36 45 7.6 10
100000 1 36 45 7.6 -0.375
100000 1 36 45 7.6 -0.075
100000 1 36 45 7.6 -0.225
100000 1 36 45 7.6 0.375
100000 1 36 45 7.2 10
100000 1 36 45 7.2 -0.375
100000 1 36 45 7.2 -0.075
100000 1 36 45 7.2 -0.225
100000 1 36 45 7.2 0.375
100000 1 36 45 8.8 10
100000 1 36 45 8.8 -0.375
100000 1 36 45 8.8 -0.075
100000 1 36 45 8.8 -0.225
100000 1 36 45 8.8 0.375
100000 1 36 45 8 10
100000 1 36 45 8 -0.375
100000 1 36 45 8 -0.075
100000 1 36 45 8 -0.225
100000 1 36 45 8 0.375
100000 1 36 45 6.4 10
100000 1 36 45 6.4 -0.375
100000 1 36 45 6.4 -0.075
100000 1 36 45 6.4 -0.225
100000 1 36 45 6.4 0.375
100000 1 36 45 4.8 10
100000 1 36 45 4.8 -0.375
100000 1 36 45 4.8 -0.075
100000 1 36 45 4.8 -0.225
100000 1 36 45 4.8 0.375
100000 1 36 45 3.2 10
100000 1 36 45 3.2 -0.375
100000 1 36 45 3.2 -0.075
100000 1 36 45 3.2 -0.225
100000 1 36 45 3.2 0.375
100000 1 36 45 1.6 10
100000 1 36 45 1.6 -0.375
100000 1 36 45 1.6 -0.075
100000 1 36 45 1.6 -0.225
100000 1 36 45 1.6 0.375
100000 1 36 45 0 10
100000 1 36 45 0 -0.45
100000 1 36 45 0 -0.15
100000 1 36 45 0 -0.3
100000 1 36 45 0 0.3
100000 1 36 35 -10 10
100000 1 36 35 -10 -0.375
100000 1 36 35 -10 -0.075
100000 1 36 35 -10 -0.225
100000 1 36 35 -10 0.375
100000 1 36 35 6.8 10
100000 1 36 35 6.8 -0.375
100000 1 36 35 6.8 -0.075
100000 1 36 35 6.8 -0.225
100000 1 36 35 6.8 0.375
100000 1 36 35 7.6 10
100000 1 36 35 7.6 -0.375
100000 1 36 35 7.6 -0.075
100000 1 36 35 7.6 -0.225
100000 1 36 35 7.6 0.375
100000 1 36 35 7.2 10
100000 1 36 35 7.2 -0.375
100000 1 36 35 7.2 -0.075
100000 1 36 35 7.2 -0.225
100000 1 36 35 7.2 0.375
100000 1 36 35 8.8 10
100000 1 36 35 8.8 -0.375
100000 1 36 35 8.8 -0.075
100000 1 36 35 8.8 -0.225
100000 1 36 35 8.8 0.375
100000 1 36 35 8 10
100000 1 36 35 8 -0.375
100000 1 36 35 8 -0.075
100000 1 36 35 8 -0.225
100000 1 36 35 8 0.375
100000 1 36 35 6.4 10
100000 1 36 35 6.4 -0.375
100000 1 36 35 6.4 -0.075
100000 1 36 35 6.4 -0.225
100000 1 36 35 6.4 0.375
100000 1 36 35 4.8 10
100000 1 36 35 4.8 -0.375
100000 1 36 35 4.8 -0.075
100000 1 36 35 4.8 -0.225
100000 1 36 35 4.8 0.375
100000 1 36 35 3.2 10
100000 1 36 35 3.2 -0.375
100000 1 36 35 3.2 -0.075
100000 1 36 35 3.2 -0.225
100000 1 36 35 3.2 0.375
100000 1 36 35 1.6 10
100000 1 36 35 1.6 -0.375
100000 1 36 35 1.6 -0.075
100000 1 36 35 1.6 -0.225
100000 1 36 35 1.6 0.375
100000 1 36 35 0 10
100000 1 36 35 0 -0.45
100000 1 36 35 0 -0.15
100000 1 36 35 0 -0.3
100000 1 36 35 0 0.3
100000 1 36 25 -10 10
100000 1 36 25 -10 -0.375
100000 1 36 25 -10 -0.075
100000 1 36 25 -10 -0.225
100000 1 36 25 -10 0.375
100000 1 36 25 6.8 10
100000 1 36 25 6.8 -0.375
100000 1 36 25 6.8 -0.075
100000 1 36 25 6.8 -0.225
100000 1 36 25 6.8 0.375
100000 1 36 25 7.6 10
100000 1 36 25 7.6 -0.375
100000 1 36 25 7.6 -0.075
100000 1 36 25 7.6 -0.225
100000 1 36 25 7.6 0.375
100000 1 36 25 7.2 10
100000 1 36 25 7.2 -0.375
100000 1 36 25 7.2 -0.075
100000 1 36 25 7.2 -0.225
100000 1 36 25 7.2 0.375
100000 1 36 25 8.8 10
100000 1 36 25 8.8 -0.375
100000 1 36 25 8.8 -0.075
100000 1 36 25 8.8 -0.225
100000 1 36 25 8.8 0.375
100000 1 36 25 8 10
100000 1 36 25 8 -0.375
100000 1 36 25 8 -0.075
100000 1 36 25 8 -0.225
100000 1 36 25 8 0.375
100000 1 36 25 6.4 10
100000 1 36 25 6.4 -0.375
100000 1 36 25 6.4 -0.075
100000 1 36 25 6.4 -0.225
100000 1 36 25 6.4 0.375
100000 1 36 25 4.8 10
100000 1 36 25 4.8 -0.375
100000 1 36 25 4.8 -0.075
100000 1 36 25 4.8 -0.225
100000 1 36 25 4.8 0.375
100000 1 36 25 3.2 10
100000 1 36 25 3.2 -0.375
100000 1 36 25 3.2 -0.075
100000 1 36 25 3.2 -0.225
100000 1 36 25 3.2 0.375
100000 1 36 25 1.6 10
100000 1 36 25 1.6 -0.375
100000 1 36 25 1.6 -0.075
100000 1 36 25 1.6 -0.225
100000 1 36 25 1.6 0.375
100000 1 36 25 0 10
100000 1 36 25 0 -0.45
100000 1 36 25 0 -0.15
100000 1 36 25 0 -0.3
100000 1 36 25 0 0.3
100000 1 36 15 -10 10
100000 1 36 15 -10 -0.375
100000 1 36 15 -10 -0.075
100000 1 36 15 -10 -0.225
100000 1 36 15 -10 0.375
100000 1 36 15 6.8 10
100000 1 36 15 6.8 -0.375
100000 1 36 15 6.8 -0.075
100000 1 36 15 6.8 -0.225
100000 1 36 15 6.8 0.375
100000 1 36 15 7.6 10
100000 1 36 15 7.6 -0.375
100000 1 36 15 7.6 -0.075
100000 1 36 15 7.6 -0.225
100000 1 36 15 7.6 0.375
100000 1 36 15 7.2 10
100000 1 36 15 7.2 -0.375
100000 1 36 15 7.2 -0.075
100000 1 36 15 7.2 -0.225
100000 1 36 15 7.2 0.375
100000 1 36 15 8.8 10
100000 1 36 15 8.8 -0.375
100000 1 36 15 8.8 -0.075
100000 1 36 15 8.8 -0.225
100000 1 36 15 8.8 0.375
100000 1 36 15 8 10
100000 1 36 15 8 -0.375
100000 1 36 15 8 -0.075
100000 1 36 15 8 -0.225
100000 1 36 15 8 0.375
100000 1 36 15 6.4 10
100000 1 36 15 6.4 -0.375
100000 1 36 15 6.4 -0.075
100000 1 36 15 6.4 -0.225
100000 1 36 15 6.4 0.375
100000 1 36 15 4.8 10
100000 1 36 15 4.8 -0.375
100000 1 36 15 4.8 -0.075
100000 1 36 15 4.8 -0.225
100000 1 36 15 4.8 0.375
100000 1 36 15 3.2 10
100000 1 36 15 3.2 -0.375
100000 1 36 15 3.2 -0.075
100000 1 36 15 3.2 -0.225
100000 1 36 15 3.2 0.375
100000 1 36 15 1.6 10
100000 1 36 15 1.6 -0.375
100000 1 36 15 1.6 -0.075
100000 1 36 15 1.6 -0.225
100000 1 36 15 1.6 0.375
100000 1 36 15 0 10
100000 1 36 15 0 -0.45
100000 1 36 15 0 -0.15
100000 1 36 15 0 -0.3
100000 1 36 15 0 0.3
100000 1 36 5 -10 10
100000 1 36 5 -10 -0.375
100000 1 36 5 -10 -0.075
100000 1 36 5 -10 -0.225
100000 1 36 5 -10 0.375
100000 1 36 5 6.8 10
100000 1 36 5 6.8 -0.375
100000 1 36 5 6.8 -0.075
100000 1 36 5 6.8 -0.225
100000 1 36 5 6.8 0.375
100000 1 36 5 7.6 10
100000 1 36 5 7.6 -0.375
100000 1 36 5 7.6 -0.075
100000 1 36 5 7.6 -0.225
100000 1 36 5 7.6 0.375
100000 1 36 5 7.2 10
100000 1 36 5 7.2 -0.375
100000 1 36 5 7.2 -0.075
100000 1 36 5 7.2 -0.225
100000 1 36 5 7.2 0.375
100000 1 36 5 8.8 10
100000 1 36 5 8.8 -0.375
100000 1 36 5 8.8 -0.075
100000 1 36 5 8.8 -0.225
100000 1 36 5 8.8 0.375
100000 1 36 5 8 10
100000 1 36 5 8 -0.375
100000 1 36 5 8 -0.075
100000 1 36 5 8 -0.225
100000 1 36 5 8 0.375
100000 1 36 5 6.4 10
100000 1 36 5 6.4 -0.375
100000 1 36 5 6.4 -0.075
100000 1 36 5 6.4 -0.225
100000 1 36 5 6.4 0.375
100000 1 36 5 4.8 10
100000 1 36 5 4.8 -0.375
100000 1 36 5 4.8 -0.075
100000 1 36 5 4.8 -0.225
100000 1 36 5 4.8 0.375
100000 1 36 5 3.2 10
100000 1 36 5 3.2 -0.375
100000 1 36 5 3.2 -0.075
100000 1 36 5 3.2 -0.225
100000 1 36 5 3.2 0.375
100000 1 36 5 1.6 10
100000 1 36 5 1.6 -0.375
100000 1 36 5 1.6 -0.075
100000 1 36 5 1.6 -0.225
100000 1 36 5 1.6 0.375
100000 1 36 5 0 10
100000 1 36 5 0 -0.45
100000 1 36 5 0 -0.15
100000 1 36 5 0 -0.3
100000 1 36 5 0 0.3
100000 1 90 100 -10 10
100000 1 90 100 -10 -0.375
100000 1 90 100 -10 -0.075
100000 1 90 100 -10 -0.225
100000 1 90 100 -10 0.375
100000 1 90 100 6.8 10
100000 1 90 100 6.8 -0.375
100000 1 90 100 6.8 -0.075
100000 1 90 100 6.8 -0.225
100000 1 90 100 6.8 0.375
100000 1 90 100 7.6 10
100000 1 90 100 7.6 -0.375
100000 1 90 100 7.6 -0.075
100000 1 90 100 7.6 -0.225
100000 1 90 100 7.6 0.375
100000 1 90 100 7.2 10
100000 1 90 100 7.2 -0.375
100000 1 90 100 7.2 -0.075
100000 1 90 100 7.2 -0.225
100000 1 90 100 7.2 0.375
100000 1 90 100 8.8 10
100000 1 90 100 8.8 -0.375
100000 1 90 100 8.8 -0.075
100000 1 90 100 8.8 -0.225
100000 1 90 100 8.8 0.375
100000 1 90 100 8 10
100000 1 90 100 8 -0.375
100000 1 90 100 8 -0.075
100000 1 90 100 8 -0.225
100000 1 90 100 8 0.375
100000 1 90 100 6.4 10
100000 1 90 100 6.4 -0.375
100000 1 90 100 6.4 -0.075
100000 1 90 100 6.4 -0.225
100000 1 90 100 6.4 0.375
100000 1 90 100 4.8 10
100000 1 90 100 4.8 -0.375
100000 1 90 100 4.8 -0.075
100000 1 90 100 4.8 -0.225
100000 1 90 100 4.8 0.375
100000 1 90 100 3.2 10
100000 1 90 100 3.2 -0.375
100000 1 90 100 3.2 -0.075
100000 1 90 100 3.2 -0.225
100000 1 90 100 3.2 0.375
100000 1 90 100 1.6 10
100000 1 90 100 1.6 -0.375
100000 1 90 100 1.6 -0.075
100000 1 90 100 1.6 -0.225
100000 1 90 100 1.6 0.375
100000 1 90 100 0 10
100000 1 90 100 0 -0.45
100000 1 90 100 0 -0.15
100000 1 90 100 0 -0.3
100000 1 90 100 0 0.3
100000 1 90 47.5 -10 10
100000 1 90 47.5 -10 -0.375
100000 1 90 47.5 -10 -0.075
100000 1 90 47.5 -10 -0.225
100000 1 90 47.5 -10 0.375
100000 1 90 47.5 6.8 10
100000 1 90 47.5 6.8 -0.375
100000 1 90 47.5 6.8 -0.075
100000 1 90 47.5 6.8 -0.225
100000 1 90 47.5 6.8 0.375
100000 1 90 47.5 7.6 10
100000 1 90 47.5 7.6 -0.375
100000 1 90 47.5 7.6 -0.075
100000 1 90 47.5 7.6 -0.225
100000 1 90 47.5 7.6 0.375
100000 1 90 47.5 7.2 10
100000 1 90 47.5 7.2 -0.375
100000 1 90 47.5 7.2 -0.075
100000 1 90 47.5 7.2 -0.225
100000 1 90 47.5 7.2 0.375
100000 1 90 47.5 8.8 10
100000 1 90 47.5 8.8 -0.375
100000 1 90 47.5 8.8 -0.075
100000 1 90 47.5 8.8 -0.225
100000 1 90 47.5 8.8 0.375
100000 1 90 47.5 8 10
100000 1 90 47.5 8 -0.375
100000 1 90 47.5 8 -0.075
100000 1 90 47.5 8 -0.225
100000 1 90 47.5 8 0.375
100000 1 90 47.5 6.4 10
100000 1 90 47.5 6.4 -0.375
100000 1 90 47.5 6.4 -0.075
100000 1 90 47.5 6.4 -0.225
100000 1 90 47.5 6.4 0.375
100000 1 90 47.5 4.8 10
100000 1 90 47.5 4.8 -0.375
100000 1 90 47.5 4.8 -0.075
100000 1 90 47.5 4.8 -0.225
100000 1 90 47.5 4.8 0.375
100000 1 90 47.5 3.2 10
100000 1 90 47.5 3.2 -0.375
100000 1 90 47.5 3.2 -0.075
100000 1 90 47.5 3.2 -0.225
100000 1 90 47.5 3.2 0.375
100000 1 90 47.5 1.6 10
100000 1 90 47.5 1.6 -0.375
100000 1 90 47.5 1.6 -0.075
100000 1 90 47.5 1.6 -0.225
100000 1 90 47.5 1.6 0.375
100000 1 90 47.5 0 10
100000 1 90 47.5 0 -0.45
100000 1 90 47.5 0 -0.15
100000 1 90 47.5 0 -0.3
100000 1 90 47.5 0 0.3
100000 1 90 52.5 -10 10
100000 1 90 52.5 -10 -0.375
100000 1 90 52.5 -10 -0.075
100000 1 90 52.5 -10 -0.225
100000 1 90 52.5 -10 0.375
100000 1 90 52.5 6.8 10
100000 1 90 52.5 6.8 -0.375
100000 1 90 52.5 6.8 -0.075
100000 1 90 52.5 6.8 -0.225
100000 1 90 52.5 6.8 0.375
100000 1 90 52.5 7.6 10
100000 1 90 52.5 7.6 -0.375
100000 1 90 52.5 7.6 -0.075
100000 1 90 52.5 7.6 -0.225
100000 1 90 52.5 7.6 0.375
100000 1 90 52.5 7.2 10
100000 1 90 52.5 7.2 -0.375
100000 1 90 52.5 7.2 -0.075
100000 1 90 52.5 7.2 -0.225
100000 1 90 52.5 7.2 0.375
100000 1 90 52.5 8.8 10
100000 1 90 52.5 8.8 -0.375
100000 1 90 52.5 8.8 -0.075
100000 1 90 52.5 8.8 -0.225
100000 1 90 52.5 8.8 0.375
100000 1 90 52.5 8 10
100000 1 90 52.5 8 -0.375
100000 1 90 52.5 8 -0.075
100000 1 90 52.5 8 -0.225
100000 1 90 52.5 8 0.375
100000 1 90 52.5 6.4 10
100000 1 90 52.5 6.4 -0.375
100000 1 90 52.5 6.4 -0.075
100000 1 90 52.5 6.4 -0.225
100000 1 90 52.5 6.4 0.375
100000 1 90 52.5 4.8 10
100000 1 90 52.5 4.8 -0.375
100000 1 90 52.5 4.8 -0.075
100000 1 90 52.5 4.8 -0.225
100000 1 90 52.5 4.8 0.375
100000 1 90 52.5 3.2 10
100000 1 90 52.5 3.2 -0.375
100000 1 90 52.5 3.2 -0.075
100000 1 90 52.5 3.2 -0.225
100000 1 90 52.5 3.2 0.375
100000 1 90 52.5 1.6 10
100000 1 90 52.5 1.6 -0.375
100000 1 90 52.5 1.6 -0.075
100000 1 90 52.5 1.6 -0.225
100000 1 90 52.5 1.6 0.375
100000 1 90 52.5 0 10
100000 1 90 52.5 0 -0.45
100000 1 90 52.5 0 -0.15
100000 1 90 52.5 0 -0.3
100000 1 90 52.5 0 0.3
100000 1 90 50 -10 10
100000 1 90 50 -10 -0.375
100000 1 90 50 -10 -0.075
100000 1 90 50 -10 -0.225
100000 1 90 50 -10 0.375
100000 1 90 50 6.8 10
100000 1 90 50 6.8 -0.375
100000 1 90 50 6.8 -0.075
100000 1 90 50 6.8 -0.225
100000 1 90 50 6.8 0.375
100000 1 90 50 7.6 10
100000 1 90 50 7.6 -0.375
100000 1 90 50 7.6 -0.075
100000 1 90 50 7.6 -0.225
100000 1 90 50 7.6 0.375
100000 1 90 50 7.2 10
100000 1 90 50 7.2 -0.375
100000 1 90 50 7.2 -0.075
100000 1 90 50 7.2 -0.225
100000 1 90 50 7.2 0.375
100000 1 90 50 8.8 10
100000 1 90 50 8.8 -0.375
100000 1 90 50 8.8 -0.075
100000 1 90 50 8.8 -0.225
100000 1 90 50 8.8 0.375
100000 1 90 50 8 10
100000 1 90 50 8 -0.375
100000 1 90 50 8 -0.075
100000 1 90 50 8 -0.225
100000 1 90 50 8 0.375
100000 1 90 50 6.4 10
100000 1 90 50 6.4 -0.375
100000 1 90 50 6.4 -0.075
100000 1 90 50 6.4 -0.225
100000 1 90 50 6.4 0.375
100000 1 90 50 4.8 10
100000 1 90 50 4.8 -0.375
100000 1 90 50 4.8 -0.075
100000 1 90 50 4.8 -0.225
100000 1 90 50 4.8 0.375
100000 1 90 50 3.2 10
100000 1 90 50 3.2 -0.375
100000 1 90 50 3.2 -0.075
100000 1 90 50 3.2 -0.225
100000 1 90 50 3.2 0.375
100000 1 90 50 1.6 10
100000 1 90 50 1.6 -0.375
100000 1 90 50 1.6 -0.075
100000 1 90 50 1.6 -0.225
100000 1 90 50 1.6 0.375
100000 1 90 50 0 10
100000 1 90 50 0 -0.45
100000 1 90 50 0 -0.15
100000 1 90 50 0 -0.3
100000 1 90 50 0 0.3
100000 1 90 60 -10 10
100000 1 90 60 -10 -0.375
100000 1 90 60 -10 -0.075
100000 1 90 60 -10 -0.225
100000 1 90 60 -10 0.375
100000 1 90 60 6.8 10
100000 1 90 60 6.8 -0.375
100000 1 90 60 6.8 -0.075
100000 1 90 60 6.8 -0.225
100000 1 90 60 6.8 0.375
100000 1 90 60 7.6 10
100000 1 90 60 7.6 -0.375
100000 1 90 60 7.6 -0.075
100000 1 90 60 7.6 -0.225
100000 1 90 60 7.6 0.375
100000 1 90 60 7.2 10
100000 1 90 60 7.2 -0.375
100000 1 90 60 7.2 -0.075
100000 1 90 60 7.2 -0.225
100000 1 90 60 7.2 0.375
100000 1 90 60 8.8 10
100000 1 90 60 8.8 -0.375
100000 1 90 60 8.8 -0.075
100000 1 90 60 8.8 -0.225
100000 1 90 60 8.8 0.375
100000 1 90 60 8 10
100000 1 90 60 8 -0.375
100000 1 90 60 8 -0.075
100000 1 90 60 8 -0.225
100000 1 90 60 8 0.375
100000 1 90 60 6.4 10
100000 1 90 60 6.4 -0.375
100000 1 90 60 6.4 -0.075
100000 1 90 60 6.4 -0.225
100000 1 90 60 6.4 0.375
100000 1 90 60 4.8 10
100000 1 90 60 4.8 -0.375
100000 1 90 60 4.8 -0.075
100000 1 90 60 4.8 -0.225
100000 1 90 60 4.8 0.375
100000 1 90 60 3.2 10
100000 1 90 60 3.2 -0.375
100000 1 90 60 3.2 -0.075
100000 1 90 60 3.2 -0.225
100000 1 90 60 3.2 0.375
100000 1 90 60 1.6 10
100000 1 90 60 1.6 -0.375
100000 1 90 60 1.6 -0.075
100000 1 90 60 1.6 -0.225
100000 1 90 60 1.6 0.375
100000 1 90 60 0 10
100000 1 90 60 0 -0.45
100000 1 90 60 0 -0.15
100000 1 90 60 0 -0.3
100000 1 90 60 0 0.3
100000 1 90 55 -10 10
100000 1 90 55 -10 -0.375
100000 1 90 55 -10 -0.075
100000 1 90 55 -10 -0.225
100000 1 90 55 -10 0.375
100000 1 90 55 6.8 10
100000 1 90 55 6.8 -0.375
100000 1 90 55 6.8 -0.075
100000 1 90 55 6.8 -0.225
100000 1 90 55 6.8 0.375
100000 1 90 55 7.6 10
100000 1 90 55 7.6 -0.375
100000 1 90 55 7.6 -0.075
100000 1 90 55 7.6 -0.225
100000 1 90 55 7.6 0.375
100000 1 90 55 7.2 10
100000 1 90 55 7.2 -0.375
100000 1 90 55 7.2 -0.075
100000 1 90 55 7.2 -0.225
100000 1 90 55 7.2 0.375
100000 1 90 55 8.8 10
100000 1 90 55 8.8 -0.375
100000 1 90 55 8.8 -0.075
100000 1 90 55 8.8 -0.225
100000 1 90 55 8.8 0.375
100000 1 90 55 8 10
100000 1 90 55 8 -0.375
0
2213804 0 17.5 -10 -0.225