328008 1.01113 24 70 10 0.3
328008 1.01113 27 70 10 0.3
328008 1.01113 42 70 10 0.3
328008 1.01113 36 70 10 0.3
328008 1.01113 30 70 10 0.3
328008 1.01113 60 70 10 0.3
328008 1.01113 100 70 10 0.3
328008 1.01113 48 70 10 0.3
328008 1.01113 33 70 10 0.3
319555 1.01338 27 70 1 0.3
319555 1.01338 42 70 1 0.3
319555 1.01338 36 70 1 0.3
319555 1.01338 33 70 1 0.3
319555 1.01338 60 70 1 0.3
319555 1.01338 100 70 1 0.3
319555 1.01338 24 70 1 0.3
319555 1.01338 48 70 1 0.3
319555 1.01338 30 70 1 0.3
317775 1.01268 27 67.5 1 0.3
317775 1.01268 24 67.5 1 0.3
317775 1.01268 30 67.5 1 0.3
317775 1.01268 42 67.5 1 0.3
317775 1.01268 60 67.5 1 0.3
317775 1.01268 100 67.5 1 0.3
317775 1.01268 48 67.5 1 0.3
317775 1.01268 36 67.5 1 0.3
317775 1.01268 33 67.5 1 0.3
316560 1.00753 12 67.5 0.6 -10
316560 1.00753 12 67.5 0.6 -0.3
316560 1.00753 12 67.5 0.6 -0.45
316560 1.00753 12 67.5 0.6 -0.15
315513 1.00619 12 67.5 10 -0.3
315513 1.00619 12 67.5 10 -0.15
315513 1.00619 12 67.5 10 -10
315513 1.00619 12 67.5 10 -0.45
315297 1.0057 30 67.5 10 0
315297 1.0057 60 67.5 10 0
315297 1.0057 36 67.5 10 0
315297 1.0057 42 67.5 10 0
315297 1.0057 100 67.5 10 0
315297 1.0057 48 67.5 10 0
315297 1.0057 33 67.5 10 0
315035 1.00572 24 67.5 10 0
315035 1.00572 27 67.5 10 0
313451 1.01 42 67.5 10 0.3
313451 1.01 36 67.5 10 0.3
313451 1.01 33 67.5 10 0.3
313451 1.01 60 67.5 10 0.3
313451 1.01 30 67.5 10 0.3
313451 1.01 48 67.5 10 0.3
313451 1.01 100 67.5 10 0.3
313188 1.01008 24 67.5 10 0.3
313188 1.01008 27 67.5 10 0.3
311463 1.01539 30 70 0.6 0.3
311463 1.01539 24 70 0.6 0.3
311463 1.01539 60 70 0.6 0.3
311463 1.01539 100 70 0.6 0.3
311463 1.01539 48 70 0.6 0.3
311463 1.01539 42 70 0.6 0.3
311463 1.01539 33 70 0.6 0.3
311463 1.01539 27 70 0.6 0.3
311463 1.01539 36 70 0.6 0.3
309922 1.00645 30 67.5 1 0
309922 1.00645 42 67.5 1 0
309922 1.00645 36 67.5 1 0
309922 1.00645 24 67.5 1 0
309922 1.00645 48 67.5 1 0
309922 1.00645 27 67.5 1 0
309922 1.00645 100 67.5 1 0
309922 1.00645 33 67.5 1 0
309922 1.00645 60 67.5 1 0
308994 1.00557 48 67.5 10 -10
308994 1.00557 36 67.5 10 -10
308994 1.00557 42 67.5 10 -10
308994 1.00557 36 67.5 10 -0.3
308994 1.00557 30 67.5 10 -0.3
308994 1.00557 30 67.5 10 -10
308994 1.00557 60 67.5 10 -0.3
308994 1.00557 100 67.5 10 -0.3
308994 1.00557 48 67.5 10 -0.3
308994 1.00557 33 67.5 10 -0.3
308994 1.00557 60 67.5 10 -10
308994 1.00557 42 67.5 10 -0.3
308994 1.00557 33 67.5 10 -10
308994 1.00557 100 67.5 10 -10
308731 1.0056 24 67.5 10 -0.3
308731 1.0056 24 67.5 10 -10
308731 1.0056 27 67.5 10 -0.3
308731 1.0056 27 67.5 10 -10
308608 1.00667 12 67.5 1 -0.3
308608 1.00667 12 67.5 1 -0.45
308608 1.00667 12 67.5 1 -0.15
308608 1.00667 12 67.5 1 -10
306947 1.00717 30 67.5 0.6 0
306947 1.00717 60 67.5 0.6 0
306947 1.00717 100 67.5 0.6 0
306947 1.00717 42 67.5 0.6 0
306947 1.00717 33 67.5 0.6 0
306947 1.00717 24 67.5 0.6 0
306947 1.00717 27 67.5 0.6 0
306947 1.00717 36 67.5 0.6 0
306947 1.00717 48 67.5 0.6 0
306761 1.00609 48 67.5 1.4 0
306761 1.00609 24 67.5 1.4 0
306761 1.00609 36 67.5 1.4 0
306761 1.00609 42 67.5 1.4 0
306761 1.00609 30 67.5 1.4 0
306761 1.00609 27 67.5 1.4 0
306761 1.00609 33 67.5 1.4 0
306761 1.00609 100 67.5 1.4 0
306761 1.00609 60 67.5 1.4 0
306633 1.01182 24 70 1.4 0.3
306633 1.01182 36 70 1.4 0.3
306633 1.01182 48 70 1.4 0.3
306633 1.01182 100 70 1.4 0.3
306633 1.01182 60 70 1.4 0.3
306633 1.01182 33 70 1.4 0.3
306633 1.01182 27 70 1.4 0.3
306633 1.01182 42 70 1.4 0.3
306633 1.01182 30 70 1.4 0.3
304946 1.01125 100 67.5 1.4 0.3
304946 1.01125 33 67.5 1.4 0.3
304946 1.01125 60 67.5 1.4 0.3
304946 1.01125 27 67.5 1.4 0.3
304946 1.01125 24 67.5 1.4 0.3
304946 1.01125 42 67.5 1.4 0.3
304946 1.01125 30 67.5 1.4 0.3
304946 1.01125 48 67.5 1.4 0.3
304946 1.01125 36 67.5 1.4 0.3
304283 1.00628 12 67.5 1.4 -0.15
304283 1.00628 12 67.5 1.4 -10
304283 1.00628 12 67.5 1.4 -0.3
304283 1.00628 12 67.5 1.4 -0.45
303720 1.00631 36 67.5 1 -0.3
303720 1.00631 24 67.5 1 -0.3
303720 1.00631 42 67.5 1 -10
303720 1.00631 42 67.5 1 -0.3
303720 1.00631 36 67.5 1 -10
303720 1.00631 60 67.5 1 -0.3
303720 1.00631 27 67.5 1 -10
303720 1.00631 48 67.5 1 -10
303720 1.00631 24 67.5 1 -10
303720 1.00631 60 67.5 1 -10
303720 1.00631 30 67.5 1 -0.3
303720 1.00631 48 67.5 1 -0.3
303720 1.00631 100 67.5 1 -10
303720 1.00631 33 67.5 1 -0.3
303720 1.00631 27 67.5 1 -0.3
303720 1.00631 100 67.5 1 -0.3
303720 1.00631 30 67.5 1 -10
303720 1.00631 33 67.5 1 -10
303145 1.00915 30 65 10 0.3
302069 1.00912 24 65 10 0.3
302069 1.00912 27 65 10 0.3
301735 1.00496 30 65 10 0
301407 1.01181 27 65 1 0.3
301407 1.01181 60 65 1 0.3
301407 1.01181 42 65 1 0.3
301407 1.01181 24 65 1 0.3
301407 1.01181 30 65 1 0.3
301407 1.01181 100 65 1 0.3
301407 1.01181 36 65 1 0.3
301407 1.01181 33 65 1 0.3
301407 1.01181 48 65 1 0.3
300803 1.007 30 67.5 0.6 -0.15
300803 1.007 42 67.5 0.6 -0.45
300803 1.007 30 67.5 0.6 -0.45
300803 1.007 30 67.5 0.6 -0.3
300803 1.007 30 67.5 0.6 -10
300803 1.007 60 67.5 0.6 -0.45
300803 1.007 33 67.5 0.6 -10
300803 1.007 60 67.5 0.6 -0.15
300803 1.007 36 67.5 0.6 -0.15
300803 1.007 24 67.5 0.6 -0.3
300803 1.007 60 67.5 0.6 -10
300803 1.007 42 67.5 0.6 -0.3
300803 1.007 42 67.5 0.6 -0.15
300803 1.007 100 67.5 0.6 -0.3
300803 1.007 42 67.5 0.6 -10
300803 1.007 33 67.5 0.6 -0.45
300803 1.007 24 67.5 0.6 -0.15
300803 1.007 24 67.5 0.6 -0.45
300803 1.007 24 67.5 0.6 -10
300803 1.007 60 67.5 0.6 -0.3
300803 1.007 48 67.5 0.6 -10
300803 1.007 36 67.5 0.6 -0.3
300803 1.007 33 67.5 0.6 -0.3
300803 1.007 36 67.5 0.6 -0.45
300803 1.007 36 67.5 0.6 -10
300803 1.007 48 67.5 0.6 -0.45
300803 1.007 48 67.5 0.6 -0.15
300803 1.007 48 67.5 0.6 -0.3
300803 1.007 27 67.5 0.6 -0.45
300803 1.007 100 67.5 0.6 -10
300803 1.007 27 67.5 0.6 -0.3
300803 1.007 33 67.5 0.6 -0.15
300803 1.007 100 67.5 0.6 -0.45
300803 1.007 100 67.5 0.6 -0.15
300803 1.007 27 67.5 0.6 -10
300803 1.007 27 67.5 0.6 -0.15
300665 1.00495 27 65 10 0
300665 1.00495 24 65 10 0
300624 1.00596 60 67.5 1.4 -0.3
300624 1.00596 60 67.5 1.4 -10
300624 1.00596 33 67.5 1.4 -10
300624 1.00596 36 67.5 1.4 -0.3
300624 1.00596 36 67.5 1.4 -10
300624 1.00596 33 67.5 1.4 -0.3
300624 1.00596 100 67.5 1.4 -0.3
300624 1.00596 48 67.5 1.4 -10
300624 1.00596 100 67.5 1.4 -10
300624 1.00596 30 67.5 1.4 -10
300624 1.00596 42 67.5 1.4 -0.3
300624 1.00596 30 67.5 1.4 -0.3
300624 1.00596 27 67.5 1.4 -10
300624 1.00596 24 67.5 1.4 -10
300624 1.00596 24 67.5 1.4 -0.3
300624 1.00596 27 67.5 1.4 -0.3
300624 1.00596 42 67.5 1.4 -10
300624 1.00596 48 67.5 1.4 -0.3
298866 1.00725 12 67.5 0.6 0
297840 1.01453 24 67.5 0.6 0.3
297840 1.01453 48 67.5 0.6 0.3
297840 1.01453 27 67.5 0.6 0.3
297840 1.01453 36 67.5 0.6 0.3
297840 1.01453 33 67.5 0.6 0.3
297840 1.01453 100 67.5 0.6 0.3
297840 1.01453 30 67.5 0.6 0.3
297840 1.01453 42 67.5 0.6 0.3
297840 1.01453 60 67.5 0.6 0.3
297766 1.01121 33 72.5 10 0.3
297766 1.01121 24 72.5 10 0.3
297766 1.01121 60 72.5 10 0.3
297766 1.01121 30 72.5 10 0.3
297766 1.01121 42 72.5 10 0.3
297766 1.01121 48 72.5 10 0.3
297766 1.01121 100 72.5 10 0.3
297766 1.01121 36 72.5 10 0.3
297766 1.01121 27 72.5 10 0.3
296463 1.00601 27 70 10 0
296463 1.00601 100 70 10 0
296463 1.00601 30 70 10 0
296463 1.00601 24 70 10 0
296463 1.00601 36 70 10 0
296463 1.00601 48 70 10 0
296463 1.00601 42 70 10 0
296463 1.00601 33 70 10 0
296463 1.00601 60 70 10 0
295695 1.00486 30 65 10 -10
295695 1.00486 30 65 10 -0.3
294648 1.00484 24 65 10 -10
294648 1.00484 27 65 10 -10
294648 1.00484 24 65 10 -0.3
294648 1.00484 27 65 10 -0.3
293099 1.00673 48 45 10 0.3
293099 1.00673 60 45 10 0.3
293099 1.00673 100 45 10 0.3
292353 1.00876 100 65 10 0.3
292353 1.00876 60 65 10 0.3
292353 1.00876 36 65 10 0.3
292353 1.00876 42 65 10 0.3
292353 1.00876 33 65 10 0.3
292353 1.00876 48 65 10 0.3
291693 1.00686 30 45 10 0.3
291361 1.00641 12 67.5 1 0
290988 1.00477 36 65 10 0
290988 1.00477 60 65 10 0
290988 1.00477 100 65 10 0
290988 1.00477 48 65 10 0
290988 1.00477 33 65 10 0
290988 1.00477 42 65 10 0
290530 1.00587 27 70 10 -10
290530 1.00587 30 70 10 -0.3
290530 1.00587 33 70 10 -10
290530 1.00587 33 70 10 -0.3
290530 1.00587 42 70 10 -0.3
290530 1.00587 42 70 10 -10
290530 1.00587 48 70 10 -0.3
290530 1.00587 24 70 10 -10
290530 1.00587 24 70 10 -0.3
290530 1.00587 27 70 10 -0.3
290530 1.00587 100 70 10 -0.3
290530 1.00587 60 70 10 -10
290530 1.00587 48 70 10 -10
290530 1.00587 36 70 10 -0.3
290530 1.00587 36 70 10 -10
290530 1.00587 30 70 10 -10
290530 1.00587 60 70 10 -0.3
290530 1.00587 100 70 10 -10
289451 1.01273 100 72.5 1 0.3
289451 1.01273 27 72.5 1 0.3
289451 1.01273 24 72.5 1 0.3
289451 1.01273 48 72.5 1 0.3
289451 1.01273 42 72.5 1 0.3
289451 1.01273 30 72.5 1 0.3
289451 1.01273 36 72.5 1 0.3
289451 1.01273 33 72.5 1 0.3
289451 1.01273 60 72.5 1 0.3
288520 1.04892 24 75 -0.6 -0.15
288520 1.04892 33 72.5 -0.6 -10
288520 1.04892 48 72.5 -0.6 -10
288520 1.04892 24 72.5 -0.6 -0.45
288520 1.04892 33 75 -0.6 -0.3
288520 1.04892 33 72.5 -0.6 -0.45
288520 1.04892 48 75 -0.6 0
288520 1.04892 27 72.5 -0.6 -0.3
288520 1.04892 27 72.5 -0.6 -0.15
288520 1.04892 27 72.5 -0.6 -0.45
288520 1.04892 24 75 -0.6 0
288520 1.04892 30 72.5 -0.6 0
288520 1.04892 24 75 -0.6 -0.3
288520 1.04892 27 72.5 -0.6 -10
288520 1.04892 33 75 -0.6 -0.15
288520 1.04892 100 72.5 -0.6 -0.3
288520 1.04892 33 75 -0.6 0
288520 1.04892 30 75 -0.6 0
288520 1.04892 30 75 -0.6 -0.3
288520 1.04892 30 75 -0.6 -0.15
288520 1.04892 48 72.5 -0.6 -0.45
288520 1.04892 48 72.5 -0.6 -0.15
288520 1.04892 48 72.5 -0.6 -0.3
288520 1.04892 30 75 -0.6 -0.45
288520 1.04892 30 75 -0.6 -10
288520 1.04892 100 72.5 -0.6 -0.15
288520 1.04892 33 72.5 -0.6 -0.15
288520 1.04892 60 75 -0.6 -0.3
288520 1.04892 48 72.5 -0.6 0
288520 1.04892 100 75 -0.6 -0.15
288520 1.04892 60 75 -0.6 -0.15
288520 1.04892 27 72.5 -0.6 0
288520 1.04892 36 72.5 -0.6 -0.15
288520 1.04892 33 72.5 -0.6 -0.3
288520 1.04892 33 75 -0.6 -0.45
288520 1.04892 24 72.5 -0.6 -10
288520 1.04892 30 72.5 -0.6 -0.45
288520 1.04892 60 75 -0.6 -0.45
288520 1.04892 33 75 -0.6 -10
288520 1.04892 33 72.5 -0.6 0
288520 1.04892 100 72.5 -0.6 -0.45
288520 1.04892 36 75 -0.6 -10
288520 1.04892 36 75 -0.6 -0.45
288520 1.04892 27 75 -0.6 -0.3
288520 1.04892 36 75 -0.6 -0.15
288520 1.04892 36 75 -0.6 -0.3
288520 1.04892 24 75 -0.6 -0.45
288520 1.04892 30 72.5 -0.6 -0.3
288520 1.04892 24 72.5 -0.6 -0.15
288520 1.04892 36 75 -0.6 0
288520 1.04892 60 72.5 -0.6 0
288520 1.04892 42 72.5 -0.6 -10
288520 1.04892 24 72.5 -0.6 -0.3
288520 1.04892 48 75 -0.6 -10
288520 1.04892 60 72.5 -0.6 -10
288520 1.04892 24 72.5 -0.6 0
288520 1.04892 27 75 -0.6 0
288520 1.04892 100 72.5 -0.6 -10
288520 1.04892 42 75 -0.6 0
288520 1.04892 27 75 -0.6 -0.15
288520 1.04892 30 72.5 -0.6 -0.15
288520 1.04892 48 75 -0.6 -0.45
288520 1.04892 48 75 -0.6 -0.15
288520 1.04892 100 75 -0.6 -0.3
288520 1.04892 100 75 -0.6 -10
288520 1.04892 100 75 -0.6 -0.45
288520 1.04892 100 75 -0.6 0
288520 1.04892 42 72.5 -0.6 -0.45
288520 1.04892 27 75 -0.6 -0.45
288520 1.04892 24 75 -0.6 -10
288520 1.04892 42 75 -0.6 -10
288520 1.04892 48 75 -0.6 -0.3
288520 1.04892 60 72.5 -0.6 -0.3
288520 1.04892 60 75 -0.6 0
288520 1.04892 100 72.5 -0.6 0
288520 1.04892 42 75 -0.6 -0.45
288520 1.04892 60 72.5 -0.6 -0.45
288520 1.04892 36 72.5 -0.6 -0.3
288520 1.04892 36 72.5 -0.6 -0.45
288520 1.04892 36 72.5 -0.6 0
288520 1.04892 42 72.5 -0.6 0
288520 1.04892 60 72.5 -0.6 -0.15
288520 1.04892 36 72.5 -0.6 -10
288520 1.04892 42 72.5 -0.6 -0.3
288520 1.04892 60 75 -0.6 -10
288520 1.04892 27 75 -0.6 -10
288520 1.04892 42 75 -0.6 -0.15
288520 1.04892 42 72.5 -0.6 -0.15
288520 1.04892 42 75 -0.6 -0.3
288520 1.04892 30 72.5 -0.6 -10
287804 1.00577 12 67.5 10 0
287280 1.00604 12 67.5 1.4 0
286511 1.01032 42 65 1.4 0.3
286511 1.01032 48 65 1.4 0.3
286511 1.01032 30 65 1.4 0.3
286511 1.01032 100 65 1.4 0.3
286511 1.01032 60 65 1.4 0.3
286511 1.01032 36 65 1.4 0.3
286511 1.01032 24 65 1.4 0.3
286511 1.01032 33 65 1.4 0.3
286511 1.01032 27 65 1.4 0.3
286407 1.02353 33 85 0.6 0.15
286407 1.02353 36 85 0.6 0.15
286407 1.02353 42 85 0.6 0.15
286407 1.02353 30 85 0.6 0.15
286407 1.02353 48 85 0.6 0.15
286407 1.02353 100 85 0.6 0.15
286407 1.02353 24 85 0.6 0.15
286407 1.02353 60 85 0.6 0.15
286407 1.02353 27 85 0.6 0.15
285819 1.00663 60 70 1 0
285819 1.00663 24 70 1 0
285819 1.00663 27 70 1 0
285819 1.00663 30 70 1 0
285819 1.00663 36 70 1 0
285819 1.00663 42 70 1 0
285819 1.00663 48 70 1 0
285819 1.00663 100 70 1 0
285819 1.00663 33 70 1 0
285787 1.01372 27 65 0.6 0.3
285787 1.01372 24 65 0.6 0.3
285787 1.01372 33 65 0.6 0.3
285787 1.01372 60 65 0.6 0.3
285787 1.01372 42 65 0.6 0.3
285787 1.01372 48 65 0.6 0.3
285787 1.01372 100 65 0.6 0.3
285787 1.01372 36 65 0.6 0.3
285787 1.01372 30 65 0.6 0.3
285203 1.00525 36 65 1.4 0
285203 1.00525 33 65 1.4 0
285203 1.00525 24 65 1.4 0
285203 1.00525 42 65 1.4 0
285203 1.00525 100 65 1.4 0
285203 1.00525 48 65 1.4 0
285203 1.00525 30 65 1.4 0
285203 1.00525 27 65 1.4 0
285203 1.00525 60 65 1.4 0
285162 1.00466 33 65 10 -0.3
285162 1.00466 42 65 10 -10
285162 1.00466 60 65 10 -0.3
285162 1.00466 42 65 10 -0.3
285162 1.00466 33 65 10 -10
285162 1.00466 100 65 10 -10
285162 1.00466 36 65 10 -10
285162 1.00466 36 65 10 -0.3
285162 1.00466 100 65 10 -0.3
285162 1.00466 48 65 10 -10
285162 1.00466 60 65 10 -10
285162 1.00466 48 65 10 -0.3
284094 1.00723 100 70 0.6 0
284094 1.00723 33 70 0.6 0
284094 1.00723 24 70 0.6 0
284094 1.00723 48 70 0.6 0
284094 1.00723 36 70 0.6 0
284094 1.00723 42 70 0.6 0
284094 1.00723 60 70 0.6 0
284094 1.00723 30 70 0.6 0
284094 1.00723 27 70 0.6 0
281424 1.01041 24 0 1 0.3
281424 1.01041 27 0 1 0.3
281424 1.01041 36 0 1 0.3
281424 1.01041 30 0 1 0.3
281424 1.01041 42 0 1 0.3
281424 1.01041 100 0 1 0.3
281424 1.01041 33 0 1 0.3
281424 1.01041 60 0 1 0.3
281424 1.01041 48 0 1 0.3
281048 1.02975 42 45 -0.4 0
281048 1.02975 24 45 -0.4 0
281048 1.02975 48 45 -0.4 0
281048 1.02975 33 45 -0.4 0
281048 1.02975 36 45 -0.4 0
281048 1.02975 27 45 -0.4 0
281048 1.02975 100 45 -0.4 0
281048 1.02975 30 45 -0.4 0
281048 1.02975 60 45 -0.4 0
280105 1.00647 42 70 1 -0.3
280105 1.00647 42 70 1 -10
280105 1.00647 33 70 1 -10
280105 1.00647 60 70 1 -0.3
280105 1.00647 36 70 1 -0.3
280105 1.00647 36 70 1 -10
280105 1.00647 24 70 1 -10
280105 1.00647 27 70 1 -0.3
280105 1.00647 30 70 1 -10
280105 1.00647 30 70 1 -0.3
280105 1.00647 24 70 1 -0.3
280105 1.00647 100 70 1 -10
280105 1.00647 100 70 1 -0.3
280105 1.00647 48 70 1 -10
280105 1.00647 60 70 1 -10
280105 1.00647 48 70 1 -0.3
280105 1.00647 27 70 1 -10
280105 1.00647 33 70 1 -0.3
279494 1.00513 24 65 1.4 -0.3
279494 1.00513 33 65 1.4 -10
279494 1.00513 60 65 1.4 -0.3
279494 1.00513 42 65 1.4 -0.3
279494 1.00513 42 65 1.4 -10
279494 1.00513 30 65 1.4 -10
279494 1.00513 36 65 1.4 -0.3
279494 1.00513 60 65 1.4 -10
279494 1.00513 24 65 1.4 -10
279494 1.00513 36 65 1.4 -10
279494 1.00513 30 65 1.4 -0.3
279494 1.00513 100 65 1.4 -0.3
279494 1.00513 27 65 1.4 -0.3
279494 1.00513 48 65 1.4 -10
279494 1.00513 27 65 1.4 -10
279494 1.00513 33 65 1.4 -0.3
279494 1.00513 48 65 1.4 -0.3
279494 1.00513 100 65 1.4 -10
278617 1.00536 36 65 1 0
278617 1.00536 48 65 1 0
278617 1.00536 27 65 1 0
278617 1.00536 33 65 1 0
278617 1.00536 42 65 1 0
278617 1.00536 24 65 1 0
278617 1.00536 30 65 1 0
278617 1.00536 100 65 1 0
278617 1.00536 60 65 1 0
278415 1.00706 27 70 0.6 -10
278415 1.00706 27 70 0.6 -0.3
278415 1.00706 33 70 0.6 -0.3
278415 1.00706 33 70 0.6 -10
278415 1.00706 48 70 0.6 -0.3
278415 1.00706 100 70 0.6 -10
278415 1.00706 60 70 0.6 -0.3
278415 1.00706 36 70 0.6 -10
278415 1.00706 36 70 0.6 -0.3
278415 1.00706 100 70 0.6 -0.3
278415 1.00706 24 70 0.6 -0.3
278415 1.00706 42 70 0.6 -10
278415 1.00706 30 70 0.6 -10
278415 1.00706 30 70 0.6 -0.3
278415 1.00706 48 70 0.6 -10
278415 1.00706 24 70 0.6 -10
278415 1.00706 42 70 0.6 -0.3
278415 1.00706 60 70 0.6 -10
278295 1.00505 12 65 10 -0.45
278295 1.00505 12 65 10 -0.3
278295 1.00505 12 65 10 -0.15
278295 1.00505 12 65 10 -10
277876 1.02163 42 85 1.4 0.15
277876 1.02163 100 85 1 0.15
277876 1.02163 42 85 1 0.15
277876 1.02163 48 85 1.4 0.15
277876 1.02163 36 85 10 0.15
277876 1.02163 60 85 10 0.15
277876 1.02163 33 85 10 0.15
277876 1.02163 24 85 1 0.15
277876 1.02163 33 85 1 0.15
277876 1.02163 33 85 1.4 0.15
277876 1.02163 27 85 1.4 0.15
277876 1.02163 42 85 10 0.15
277876 1.02163 36 85 1.4 0.15
277876 1.02163 36 85 1 0.15
277876 1.02163 27 85 10 0.15
277876 1.02163 60 85 1.4 0.15
277876 1.02163 60 85 1 0.15
277876 1.02163 30 85 10 0.15
277876 1.02163 100 85 1.4 0.15
277876 1.02163 30 85 1 0.15
277876 1.02163 48 85 1 0.15
277876 1.02163 100 85 10 0.15
277876 1.02163 30 85 1.4 0.15
277876 1.02163 27 85 1 0.15
277876 1.02163 48 85 10 0.15
277876 1.02163 24 85 10 0.15
277876 1.02163 24 85 1.4 0.15
277720 1.006 27 65 0.6 0
277720 1.006 100 65 0.6 0
277720 1.006 42 65 0.6 0
277720 1.006 24 65 0.6 0
277720 1.006 33 65 0.6 0
277720 1.006 60 65 0.6 0
277720 1.006 36 65 0.6 0
277720 1.006 30 65 0.6 0
277720 1.006 48 65 0.6 0
277546 1.02139 24 75 -0.2 -0.15
277546 1.02139 100 75 -0.2 -10
277546 1.02139 27 75 -0.2 -10
277546 1.02139 27 75 -0.2 -0.45
277546 1.02139 27 75 -0.2 -0.15
277546 1.02139 27 75 -0.2 -0.3
277546 1.02139 27 75 -0.2 0
277546 1.02139 100 75 -0.2 -0.45
277546 1.02139 33 75 -0.2 0
277546 1.02139 48 75 -0.2 -0.45
277546 1.02139 100 75 -0.2 -0.15
277546 1.02139 24 75 -0.2 -10
277546 1.02139 33 75 -0.2 -0.3
277546 1.02139 33 75 -0.2 -0.15
277546 1.02139 33 75 -0.2 -0.45
277546 1.02139 33 75 -0.2 -10
277546 1.02139 100 75 -0.2 -0.3
277546 1.02139 24 75 -0.2 -0.3
277546 1.02139 100 75 -0.2 0
277546 1.02139 48 75 -0.2 0
277546 1.02139 48 75 -0.2 -0.3
277546 1.02139 48 75 -0.2 -0.15
277546 1.02139 48 75 -0.2 -10
277546 1.02139 36 75 -0.2 0
277546 1.02139 36 75 -0.2 -0.3
277546 1.02139 36 75 -0.2 -0.15
277546 1.02139 36 75 -0.2 -0.45
277546 1.02139 36 75 -0.2 -10
277546 1.02139 24 75 -0.2 -0.45
277546 1.02139 30 75 -0.2 -10
277546 1.02139 42 75 -0.2 -10
277546 1.02139 42 75 -0.2 0
277546 1.02139 42 75 -0.2 -0.45
277546 1.02139 42 75 -0.2 -0.15
277546 1.02139 30 75 -0.2 -0.45
277546 1.02139 60 75 -0.2 0
277546 1.02139 30 75 -0.2 -0.15
277546 1.02139 30 75 -0.2 -0.3
277546 1.02139 24 75 -0.2 0
277546 1.02139 60 75 -0.2 -0.3
277546 1.02139 60 75 -0.2 -10
277546 1.02139 60 75 -0.2 -0.45
277546 1.02139 30 75 -0.2 0
277546 1.02139 42 75 -0.2 -0.3
277546 1.02139 60 75 -0.2 -0.15
277243 1.0132 12 70 1 0.3
277159 1.00616 24 70 1.4 0
277159 1.00616 48 70 1.4 0
277159 1.00616 33 70 1.4 0
277159 1.00616 27 70 1.4 0
277159 1.00616 60 70 1.4 0
277159 1.00616 100 70 1.4 0
277159 1.00616 36 70 1.4 0
277159 1.00616 42 70 1.4 0
277159 1.00616 30 70 1.4 0
276813 1.00659 60 70 10 0.15
276813 1.00659 48 70 10 0.15
276813 1.00659 100 70 10 0.15
276813 1.00659 36 70 10 0.15
276813 1.00659 33 70 10 0.15
276813 1.00659 30 70 10 0.15
276813 1.00659 42 70 10 0.15
276813 1.00659 24 70 10 0.15
276813 1.00659 27 70 10 0.15
276519 1.0117 12 70 10 0.3
275127 1.01087 27 45 0.8 0.3
275127 1.01087 33 45 0.8 0.3
275127 1.01087 100 45 0.8 0.3
275127 1.01087 30 45 0.8 0.3
275127 1.01087 36 45 0.8 0.3
275127 1.01087 24 45 0.8 0.3
275127 1.01087 48 45 0.8 0.3
275127 1.01087 42 45 0.8 0.3
275127 1.01087 60 45 0.8 0.3
275026 1.00592 48 67.5 10 0.15
275026 1.00592 36 67.5 10 0.15
275026 1.00592 60 67.5 10 0.15
275026 1.00592 30 67.5 10 0.15
275026 1.00592 100 67.5 10 0.15
275026 1.00592 33 67.5 10 0.15
275026 1.00592 42 67.5 10 0.15
274798 1.00595 27 67.5 10 0.15
274798 1.00595 24 67.5 10 0.15
274344 1.0104 33 60 1 0.3
274344 1.0104 60 60 1 0.3
274344 1.0104 48 60 1 0.3
274344 1.0104 24 60 1 0.3
274344 1.0104 27 60 1 0.3
274344 1.0104 36 60 1 0.3
274344 1.0104 30 60 1 0.3
274344 1.0104 100 60 1 0.3
274344 1.0104 42 60 1 0.3
273519 1.0053 12 65 1.4 0
273044 1.00524 42 65 1 -0.3
273044 1.00524 27 65 1 -0.3
273044 1.00524 27 65 1 -10
273044 1.00524 24 65 1 -0.3
273044 1.00524 60 65 1 -10
273044 1.00524 48 65 1 -0.3
273044 1.00524 33 65 1 -10
273044 1.00524 36 65 1 -10
273044 1.00524 33 65 1 -0.3
273044 1.00524 36 65 1 -0.3
273044 1.00524 100 65 1 -10
273044 1.00524 24 65 1 -10
273044 1.00524 48 65 1 -10
273044 1.00524 60 65 1 -0.3
273044 1.00524 42 65 1 -10
273044 1.00524 30 65 1 -10
273044 1.00524 100 65 1 -0.3
273044 1.00524 30 65 1 -0.3
272859 1.02561 12 45 -0.4 -0.15
272276 1.01886 24 72.5 -0.2 0
272276 1.01886 60 72.5 -0.2 -0.45
272276 1.01886 60 72.5 -0.2 -0.15
272276 1.01886 100 72.5 -0.2 -0.3
272276 1.01886 24 72.5 -0.2 -0.45
272276 1.01886 48 72.5 -0.2 -10
272276 1.01886 48 72.5 -0.2 -0.45
272276 1.01886 60 72.5 -0.2 0
272276 1.01886 48 72.5 -0.2 -0.15
272276 1.01886 48 72.5 -0.2 -0.3
272276 1.01886 24 72.5 -0.2 -0.15
272276 1.01886 24 72.5 -0.2 -10
272276 1.01886 42 72.5 -0.2 -0.3
272276 1.01886 36 72.5 -0.2 -10
272276 1.01886 36 72.5 -0.2 -0.45
272276 1.01886 60 72.5 -0.2 -0.3
272276 1.01886 36 72.5 -0.2 -0.15
272276 1.01886 33 72.5 -0.2 -10
272276 1.01886 42 72.5 -0.2 -0.15
272276 1.01886 33 72.5 -0.2 -0.45
272276 1.01886 33 72.5 -0.2 -0.15
272276 1.01886 36 72.5 -0.2 -0.3
272276 1.01886 30 72.5 -0.2 0
272276 1.01886 33 72.5 -0.2 -0.3
272276 1.01886 60 72.5 -0.2 -10
272276 1.01886 36 72.5 -0.2 0
272276 1.01886 27 72.5 -0.2 -0.3
272276 1.01886 27 72.5 -0.2 -0.15
272276 1.01886 33 72.5 -0.2 0
272276 1.01886 48 72.5 -0.2 0
272276 1.01886 27 72.5 -0.2 -0.45
272276 1.01886 27 72.5 -0.2 -10
272276 1.01886 100 72.5 -0.2 0
272276 1.01886 42 72.5 -0.2 0
272276 1.01886 24 72.5 -0.2 -0.3
272276 1.01886 100 72.5 -0.2 -0.15
272276 1.01886 42 72.5 -0.2 -10
272276 1.01886 100 72.5 -0.2 -0.45
272276 1.01886 30 72.5 -0.2 -0.3
272276 1.01886 30 72.5 -0.2 -0.15
272276 1.01886 30 72.5 -0.2 -0.45
272276 1.01886 100 72.5 -0.2 -10
272276 1.01886 30 72.5 -0.2 -10
272276 1.01886 42 72.5 -0.2 -0.45
272276 1.01886 27 72.5 -0.2 0
272255 1.02115 42 85 0.6 0
272255 1.02115 60 85 0.6 0
272255 1.02115 30 85 0.6 0
272255 1.02115 100 85 0.6 0
272255 1.02115 24 85 0.6 0
272255 1.02115 36 85 0.6 0
272255 1.02115 27 85 0.6 0
272255 1.02115 48 85 0.6 0
272255 1.02115 33 85 0.6 0
272172 1.00586 24 65 0.6 -10
272172 1.00586 24 65 0.6 -0.3
272172 1.00586 33 65 0.6 -0.3
272172 1.00586 60 65 0.6 -10
272172 1.00586 48 65 0.6 -0.3
272172 1.00586 30 65 0.6 -10
272172 1.00586 100 65 0.6 -0.3
272172 1.00586 30 65 0.6 -0.3
272172 1.00586 60 65 0.6 -0.3
272172 1.00586 100 65 0.6 -10
272172 1.00586 42 65 0.6 -10
272172 1.00586 27 65 0.6 -10
272172 1.00586 27 65 0.6 -0.3
272172 1.00586 36 65 0.6 -10
272172 1.00586 36 65 0.6 -0.3
272172 1.00586 42 65 0.6 -0.3
272172 1.00586 48 65 0.6 -10
272172 1.00586 33 65 0.6 -10
271602 1.00602 100 70 1.4 -0.3
271602 1.00602 33 70 1.4 -10
271602 1.00602 24 70 1.4 -0.3
271602 1.00602 48 70 1.4 -10
271602 1.00602 30 70 1.4 -0.3
271602 1.00602 30 70 1.4 -10
271602 1.00602 100 70 1.4 -10
271602 1.00602 42 70 1.4 -10
271602 1.00602 42 70 1.4 -0.3
271602 1.00602 27 70 1.4 -0.3
271602 1.00602 36 70 1.4 -10
271602 1.00602 36 70 1.4 -0.3
271602 1.00602 27 70 1.4 -10
271602 1.00602 60 70 1.4 -0.3
271602 1.00602 60 70 1.4 -10
271602 1.00602 33 70 1.4 -0.3
271602 1.00602 24 70 1.4 -10
271602 1.00602 48 70 1.4 -0.3
270350 1.00686 33 67.5 1 0.15
270350 1.00686 30 67.5 1 0.15
270350 1.00686 36 67.5 1 0.15
270350 1.00686 27 67.5 1 0.15
270350 1.00686 48 67.5 1 0.15
270350 1.00686 100 67.5 1 0.15
270350 1.00686 60 67.5 1 0.15
270350 1.00686 42 67.5 1 0.15
270350 1.00686 24 67.5 1 0.15
269942 1.01435 42 55 -0.2 0
269942 1.01435 27 55 -0.2 0
269942 1.01435 30 55 -0.2 0
269942 1.01435 36 55 -0.2 0
269942 1.01435 100 55 -0.2 0
269942 1.01435 48 55 -0.2 0
269942 1.01435 24 55 -0.2 0
269942 1.01435 33 55 -0.2 0
269942 1.01435 60 55 -0.2 0
269854 1.00598 60 0 10 0.3
269854 1.00598 100 0 10 0.3
269854 1.00598 48 0 10 0.3
269729 1.01199 12 65 1 0.3
269521 1.00618 30 0 10 0.3
269504 1.01219 12 67.5 1 0.3
269312 1.02419 12 45 -0.4 -0.3
269239 1.02372 12 45 -0.4 -10
269239 1.02372 12 45 -0.4 -0.45
269081 1.01013 42 55 1 0.3
269081 1.01013 60 55 1 0.3
269081 1.01013 24 55 1 0.3
269081 1.01013 100 55 1 0.3
269081 1.01013 33 55 1 0.3
269081 1.01013 36 55 1 0.3
269081 1.01013 27 55 1 0.3
269081 1.01013 48 55 1 0.3
269081 1.01013 30 55 1 0.3
268761 1.00635 27 72.5 10 0
268761 1.00635 36 72.5 10 -10
268761 1.00635 30 72.5 10 0
268761 1.00635 100 72.5 10 0
268761 1.00635 42 72.5 10 -10
268761 1.00635 42 72.5 10 -0.3
268761 1.00635 36 72.5 10 -0.3
268761 1.00635 42 72.5 10 0
268761 1.00635 60 72.5 10 0
268761 1.00635 48 72.5 10 -10
268761 1.00635 36 72.5 10 0
268761 1.00635 100 72.5 10 -0.3
268761 1.00635 48 72.5 10 0
268761 1.00635 27 72.5 10 -0.3
268761 1.00635 60 72.5 10 -0.3
268761 1.00635 24 72.5 10 0
268761 1.00635 27 72.5 10 -10
268761 1.00635 33 72.5 10 0
268761 1.00635 100 72.5 10 -10
268761 1.00635 24 72.5 10 -0.3
268761 1.00635 33 72.5 10 -0.3
268761 1.00635 33 72.5 10 -10
268761 1.00635 24 72.5 10 -10
268761 1.00635 60 72.5 10 -10
268761 1.00635 30 72.5 10 -0.3
268761 1.00635 48 72.5 10 -0.3
268761 1.00635 30 72.5 10 -10
268681 1.04573 36 67.5 -0.6 0
268681 1.04573 36 70 -0.6 0
268681 1.04573 24 67.5 -0.6 0
268681 1.04573 48 70 -0.6 0
268681 1.04573 30 70 -0.6 0
268681 1.04573 27 70 -0.6 0
268681 1.04573 27 67.5 -0.6 0
268681 1.04573 60 67.5 -0.6 0
268681 1.04573 48 67.5 -0.6 0
268681 1.04573 24 70 -0.6 0
268681 1.04573 60 70 -0.6 0
268681 1.04573 33 67.5 -0.6 0
268681 1.04573 42 70 -0.6 0
268681 1.04573 30 67.5 -0.6 0
268681 1.04573 100 70 -0.6 0
268681 1.04573 100 67.5 -0.6 0
268681 1.04573 42 67.5 -0.6 0
268681 1.04573 33 70 -0.6 0
268396 1.02465 27 45 -0.4 -0.15
268396 1.02465 60 45 -0.4 -0.15
268396 1.02465 48 45 -0.4 -0.15
268396 1.02465 33 45 -0.4 -0.15
268396 1.02465 36 45 -0.4 -0.15
268396 1.02465 24 45 -0.4 -0.15
268396 1.02465 100 45 -0.4 -0.15
268396 1.02465 30 45 -0.4 -0.15
268396 1.02465 42 45 -0.4 -0.15
268268 1.00544 12 65 1 0
267562 1.00641 100 67.5 1.4 0.15
267562 1.00641 33 67.5 1.4 0.15
267562 1.00641 48 67.5 1.4 0.15
267562 1.00641 60 67.5 1.4 0.15
267562 1.00641 27 67.5 1.4 0.15
267562 1.00641 36 67.5 1.4 0.15
267562 1.00641 30 67.5 1.4 0.15
267562 1.00641 42 67.5 1.4 0.15
267562 1.00641 24 67.5 1.4 0.15
266979 1.00531 30 65 10 0.15
266940 1.02399 24 45 -0.4 -0.3
266940 1.02399 42 45 -0.4 -0.3
266940 1.02399 36 45 -0.4 -0.3
266940 1.02399 33 45 -0.4 -0.3
266940 1.02399 100 45 -0.4 -0.3
266940 1.02399 48 45 -0.4 -0.3
266940 1.02399 27 45 -0.4 -0.3
266940 1.02399 60 45 -0.4 -0.3
266940 1.02399 30 45 -0.4 -0.3
266896 1.0074 30 70 1 0.15
266896 1.0074 24 70 1 0.15
266896 1.0074 42 70 1 0.15
266896 1.0074 36 70 1 0.15
266896 1.0074 48 70 1 0.15
266896 1.0074 27 70 1 0.15
266896 1.0074 100 70 1 0.15
266896 1.0074 33 70 1 0.15
266896 1.0074 60 70 1 0.15
266056 1.03162 30 85 0.6 0.3
266056 1.03162 36 85 0.6 0.3
266056 1.03162 24 85 0.6 0.3
266056 1.03162 33 85 0.6 0.3
266056 1.03162 27 85 0.6 0.3
266056 1.03162 100 85 0.6 0.3
266056 1.03162 42 85 0.6 0.3
266056 1.03162 48 85 0.6 0.3
266056 1.03162 60 85 0.6 0.3
266031 1.00529 24 65 10 0.15
266031 1.00529 27 65 10 0.15
265837 1.01517 42 60 -0.2 0
265837 1.01517 33 60 -0.2 0
265837 1.01517 30 60 -0.2 0
265837 1.01517 100 60 -0.2 0
265837 1.01517 36 60 -0.2 0
265837 1.01517 48 60 -0.2 0
265837 1.01517 27 60 -0.2 0
265837 1.01517 60 60 -0.2 0
265837 1.01517 24 60 -0.2 0
265336 1.04423 36 45 -0.8 -0.15
265336 1.04423 100 45 -0.8 -0.15
265336 1.04423 60 45 -0.8 -0.15
265336 1.04423 42 45 -0.8 -0.15
265336 1.04423 24 45 -0.8 -0.15
265336 1.04423 33 45 -0.8 -0.15
265336 1.04423 27 45 -0.8 -0.15
265336 1.04423 48 45 -0.8 -0.15
265336 1.04423 30 45 -0.8 -0.15
265009 1.01161 12 70 1.4 0.3
264945 1.03987 48 60 -0.6 0
264945 1.03987 60 60 -0.6 0
264945 1.03987 100 60 -0.6 0
264945 1.03987 42 60 -0.6 0
264945 1.03987 27 60 -0.6 0
264945 1.03987 30 60 -0.6 0
264945 1.03987 36 60 -0.6 0
264945 1.03987 33 60 -0.6 0
264945 1.03987 24 60 -0.6 0
264652 1.00587 12 65 0.6 -0.3
264652 1.00587 12 65 0.6 -0.45
264652 1.00587 12 65 0.6 -0.15
264652 1.00587 12 65 0.6 -10
264376 1.00813 33 70 0.6 0.15
264376 1.00813 24 70 0.6 0.15
264376 1.00813 30 70 0.6 0.15
264376 1.00813 27 70 0.6 0.15
264376 1.00813 48 70 0.6 0.15
264376 1.00813 36 70 0.6 0.15
264376 1.00813 60 70 0.6 0.15
264376 1.00813 42 70 0.6 0.15
264376 1.00813 100 70 0.6 0.15
264360 1.00509 12 65 1.4 -10
264360 1.00509 12 65 1.4 -0.15
264360 1.00509 12 65 1.4 -0.45
264360 1.00509 12 65 1.4 -0.3
264318 1.01371 100 0 -0.2 0
264318 1.01371 30 0 -0.2 0
264318 1.01371 60 0 -0.2 0
264318 1.01371 36 0 -0.2 0
264318 1.01371 33 0 -0.2 0
264318 1.01371 24 0 -0.2 0
264318 1.01371 27 0 -0.2 0
264318 1.01371 42 0 -0.2 0
264318 1.01371 48 0 -0.2 0
264146 1.01947 33 85 10 0
264146 1.01947 48 85 1.4 0
264146 1.01947 60 85 1.4 0
264146 1.01947 27 85 1.4 0
264146 1.01947 100 85 1 0
264146 1.01947 24 85 1.4 0
264146 1.01947 60 85 1 0
264146 1.01947 100 85 1.4 0
264146 1.01947 30 85 10 0
264146 1.01947 42 85 10 0
264146 1.01947 33 85 1 0
264146 1.01947 42 85 1.4 0
264146 1.01947 48 85 1 0
264146 1.01947 33 85 1.4 0
264146 1.01947 30 85 1.4 0
264146 1.01947 100 85 10 0
264146 1.01947 42 85 1 0
264146 1.01947 24 85 1 0
264146 1.01947 30 85 1 0
264146 1.01947 60 85 10 0
264146 1.01947 24 85 10 0
264146 1.01947 48 85 10 0
264146 1.01947 36 85 1 0
264146 1.01947 27 85 10 0
264146 1.01947 36 85 1.4 0
264146 1.01947 36 85 10 0
264146 1.01947 27 85 1 0
263306 1.04307 30 67.5 -0.6 -0.45
263306 1.04307 100 67.5 -0.6 -0.45
263306 1.04307 100 67.5 -0.6 -0.15
263306 1.04307 48 67.5 -0.6 -0.3
263306 1.04307 27 70 -0.6 -0.3
263306 1.04307 100 70 -0.6 -0.3
263306 1.04307 27 67.5 -0.6 -0.3
263306 1.04307 27 67.5 -0.6 -0.15
263306 1.04307 27 67.5 -0.6 -0.45
263306 1.04307 27 67.5 -0.6 -10
263306 1.04307 100 67.5 -0.6 -0.3
263306 1.04307 30 67.5 -0.6 -0.15
263306 1.04307 24 70 -0.6 -0.3
263306 1.04307 33 70 -0.6 -10
263306 1.04307 33 67.5 -0.6 -10
263306 1.04307 33 70 -0.6 -0.45
263306 1.04307 30 67.5 -0.6 -0.3
263306 1.04307 100 67.5 -0.6 -10
263306 1.04307 33 70 -0.6 -0.15
263306 1.04307 33 70 -0.6 -0.3
263306 1.04307 24 70 -0.6 -0.15
263306 1.04307 24 70 -0.6 -0.45
263306 1.04307 24 70 -0.6 -10
263306 1.04307 30 67.5 -0.6 -10
263306 1.04307 48 70 -0.6 -0.3
263306 1.04307 60 70 -0.6 -0.15
263306 1.04307 100 70 -0.6 -0.15
263306 1.04307 48 70 -0.6 -0.15
263306 1.04307 27 70 -0.6 -10
263306 1.04307 60 70 -0.6 -10
263306 1.04307 60 70 -0.6 -0.45
263306 1.04307 33 67.5 -0.6 -0.45
263306 1.04307 42 70 -0.6 -0.3
263306 1.04307 100 70 -0.6 -0.45
263306 1.04307 33 67.5 -0.6 -0.15
263306 1.04307 27 70 -0.6 -0.15
263306 1.04307 100 70 -0.6 -10
263306 1.04307 36 70 -0.6 -10
263306 1.04307 27 70 -0.6 -0.45
263306 1.04307 36 67.5 -0.6 -0.3
263306 1.04307 36 67.5 -0.6 -0.15
263306 1.04307 36 70 -0.6 -0.45
263306 1.04307 33 67.5 -0.6 -0.3
263306 1.04307 36 70 -0.6 -0.15
263306 1.04307 60 67.5 -0.6 -0.3
263306 1.04307 36 70 -0.6 -0.3
263306 1.04307 60 67.5 -0.6 -0.15
263306 1.04307 48 67.5 -0.6 -0.15
263306 1.04307 48 67.5 -0.6 -0.45
263306 1.04307 60 70 -0.6 -0.3
263306 1.04307 60 67.5 -0.6 -0.45
263306 1.04307 60 67.5 -0.6 -10
263306 1.04307 42 70 -0.6 -0.15
263306 1.04307 24 67.5 -0.6 -10
263306 1.04307 48 70 -0.6 -0.45
263306 1.04307 24 67.5 -0.6 -0.45
263306 1.04307 24 67.5 -0.6 -0.15
263306 1.04307 42 70 -0.6 -10
263306 1.04307 24 67.5 -0.6 -0.3
263306 1.04307 42 70 -0.6 -0.45
263306 1.04307 30 70 -0.6 -0.3
263306 1.04307 30 70 -0.6 -0.15
263306 1.04307 30 70 -0.6 -0.45
263306 1.04307 30 70 -0.6 -10
263306 1.04307 48 70 -0.6 -10
263306 1.04307 48 67.5 -0.6 -10
263306 1.04307 36 67.5 -0.6 -0.45
263306 1.04307 42 67.5 -0.6 -10
263306 1.04307 36 67.5 -0.6 -10
263306 1.04307 42 67.5 -0.6 -0.45
263306 1.04307 42 67.5 -0.6 -0.15
263306 1.04307 42 67.5 -0.6 -0.3
262863 1.02367 12 85 0.6 0.15
262447 1.05234 12 72.5 -0.6 0
262425 1.0231 42 45 -0.4 -0.45
262425 1.0231 30 45 -0.4 -0.45
262425 1.0231 100 45 -0.4 -10
262425 1.0231 42 45 -0.4 -10
262425 1.0231 33 45 -0.4 -10
262425 1.0231 100 45 -0.4 -0.45
262425 1.0231 33 45 -0.4 -0.45
262425 1.0231 30 45 -0.4 -10
262425 1.0231 24 45 -0.4 -0.45
262425 1.0231 36 45 -0.4 -10
262425 1.0231 24 45 -0.4 -10
262425 1.0231 48 45 -0.4 -0.45
262425 1.0231 36 45 -0.4 -0.45
262425 1.0231 27 45 -0.4 -0.45
262425 1.0231 60 45 -0.4 -10
262425 1.0231 60 45 -0.4 -0.45
262425 1.0231 27 45 -0.4 -10
262425 1.0231 48 45 -0.4 -10
262308 1.012 12 72.5 10 0.3
262300 1.03942 60 55 -0.6 0
262300 1.03942 33 0 -0.6 0
262300 1.03942 27 55 -0.6 0
262300 1.03942 30 55 -0.6 0
262300 1.03942 100 55 -0.6 0
262300 1.03942 30 0 -0.6 0
262300 1.03942 36 55 -0.6 0
262300 1.03942 24 55 -0.6 0
262300 1.03942 24 0 -0.6 0
262300 1.03942 100 0 -0.6 0
262300 1.03942 42 55 -0.6 0
262300 1.03942 27 0 -0.6 0
262300 1.03942 48 0 -0.6 0
262300 1.03942 36 0 -0.6 0
262300 1.03942 42 0 -0.6 0
262300 1.03942 33 55 -0.6 0
262300 1.03942 48 55 -0.6 0
262300 1.03942 60 0 -0.6 0
262208 1.00691 42 72.5 10 0.15
262208 1.00691 100 72.5 10 0.15
262208 1.00691 30 72.5 10 0.15
262208 1.00691 36 72.5 10 0.15
262208 1.00691 60 72.5 10 0.15
262208 1.00691 27 72.5 10 0.15
262208 1.00691 48 72.5 10 0.15
262208 1.00691 24 72.5 10 0.15
262208 1.00691 33 72.5 10 0.15
261543 1.0293 12 45 -0.4 0
261536 1.03781 42 45 -0.8 -10
261536 1.03781 27 45 -0.8 -10
261536 1.03781 24 45 -0.8 -10
261536 1.03781 48 45 -0.8 -10
261536 1.03781 36 45 -0.8 -10
261536 1.03781 33 45 -0.8 -10
261536 1.03781 100 45 -0.8 -10
261536 1.03781 30 45 -0.8 -10
261536 1.03781 60 45 -0.8 -10
261094 1.00603 12 70 10 -10
261094 1.00603 12 70 10 -0.3
260963 1.02026 33 85 0.6 -10
260963 1.02026 33 85 0.6 -0.3
260963 1.02026 60 85 0.6 -0.3
260963 1.02026 48 85 0.6 -0.3
260963 1.02026 48 85 0.6 -10
260963 1.02026 36 85 0.6 -10
260963 1.02026 24 85 0.6 -10
260963 1.02026 27 85 0.6 -0.3
260963 1.02026 27 85 0.6 -10
260963 1.02026 36 85 0.6 -0.3
260963 1.02026 100 85 0.6 -10
260963 1.02026 30 85 0.6 -10
260963 1.02026 30 85 0.6 -0.3
260963 1.02026 24 85 0.6 -0.3
260963 1.02026 60 85 0.6 -10
260963 1.02026 42 85 0.6 -10
260963 1.02026 42 85 0.6 -0.3
260963 1.02026 100 85 0.6 -0.3
260839 1.01437 12 70 0.6 0.3
259947 1.04237 30 65 -0.6 0
259947 1.04237 42 65 -0.6 0
259947 1.04237 100 65 -0.6 0
259947 1.04237 27 65 -0.6 0
259947 1.04237 36 65 -0.6 0
259947 1.04237 48 65 -0.6 0
259947 1.04237 60 65 -0.6 0
259947 1.04237 24 65 -0.6 0
259947 1.04237 33 65 -0.6 0
259848 1.00706 30 60 10 0.3
259719 1.03868 33 45 -0.8 -0.3
259719 1.03868 36 45 -0.8 -0.3
259719 1.03868 33 45 -0.8 -0.45
259719 1.03868 24 45 -0.8 -0.45
259719 1.03868 48 45 -0.8 -0.45
259719 1.03868 27 45 -0.8 -0.45
259719 1.03868 30 45 -0.8 -0.3
259719 1.03868 30 45 -0.8 -0.45
259719 1.03868 60 45 -0.8 -0.45
259719 1.03868 42 45 -0.8 -0.3
259719 1.03868 100 45 -0.8 -0.3
259719 1.03868 42 45 -0.8 -0.45
259719 1.03868 24 45 -0.8 -0.3
259719 1.03868 27 45 -0.8 -0.3
259719 1.03868 60 45 -0.8 -0.3
259719 1.03868 100 45 -0.8 -0.45
259719 1.03868 48 45 -0.8 -0.3
259719 1.03868 36 45 -0.8 -0.45
259291 1.00521 12 65 1 -10
259291 1.00521 12 65 1 -0.3
259052 1.00637 12 70 1 -0.3
259052 1.00637 12 70 1 -10
259042 1.0124 12 55 -0.2 -0.15
258929 1.00704 24 60 10 0.3
258929 1.00704 27 60 10 0.3
258783 1.00679 30 70 1.4 0.15
258783 1.00679 27 70 1.4 0.15
258783 1.00679 42 70 1.4 0.15
258783 1.00679 24 70 1.4 0.15
258783 1.00679 36 70 1.4 0.15
258783 1.00679 100 70 1.4 0.15
258783 1.00679 48 70 1.4 0.15
258783 1.00679 60 70 1.4 0.15
258783 1.00679 33 70 1.4 0.15
258675 1.04418 12 67.5 -0.6 -0.45
258675 1.04418 12 67.5 -0.6 -10
258675 1.04418 12 67.5 -0.6 -0.3
258675 1.04418 12 67.5 -0.6 -0.15
258631 1.01371 12 60 -0.2 -0.15
258116 1.02832 24 85 10 0.3
258116 1.02832 33 85 10 0.3
258116 1.02832 33 85 1.4 0.3
258116 1.02832 33 85 1 0.3
258116 1.02832 42 85 1.4 0.3
258116 1.02832 60 85 1 0.3
258116 1.02832 60 85 10 0.3
258116 1.02832 48 85 1.4 0.3
258116 1.02832 24 85 1.4 0.3
258116 1.02832 100 85 1 0.3
258116 1.02832 60 85 1.4 0.3
258116 1.02832 100 85 1.4 0.3
258116 1.02832 30 85 10 0.3
258116 1.02832 30 85 1.4 0.3
258116 1.02832 30 85 1 0.3
258116 1.02832 100 85 10 0.3
258116 1.02832 27 85 10 0.3
258116 1.02832 36 85 1 0.3
258116 1.02832 36 85 1.4 0.3
258116 1.02832 36 85 10 0.3
258116 1.02832 42 85 10 0.3
258116 1.02832 27 85 1 0.3
258116 1.02832 24 85 1 0.3
258116 1.02832 48 85 10 0.3
258116 1.02832 48 85 1 0.3
258116 1.02832 27 85 1.4 0.3
258116 1.02832 42 85 1 0.3
258103 1.00996 12 67.5 10 0.3
257852 1.01196 30 75 1 0.3
257852 1.01196 36 75 1 0.3
257852 1.01196 33 75 1 0.3
257852 1.01196 27 75 1 0.3
257852 1.01196 60 75 1 0.3
257852 1.01196 24 75 1 0.3
257852 1.01196 48 75 1 0.3
257852 1.01196 42 75 1 0.3
257852 1.01196 100 75 1 0.3
257629 1.01074 12 67.5 1.4 0.3
257473 1.00507 33 65 10 0.15
257473 1.00507 100 65 10 0.15
257473 1.00507 48 65 10 0.15
257473 1.00507 42 65 10 0.15
257473 1.00507 36 65 10 0.15
257473 1.00507 60 65 10 0.15
256535 1.0221 12 85 1 0.15
256535 1.0221 12 85 10 0.15
256535 1.0221 12 85 1.4 0.15
256460 1.03914 100 75 -0.2 0.3
256460 1.03914 27 75 -0.2 0.3
256460 1.03914 42 75 -0.2 0.3
256460 1.03914 30 75 -0.2 0.3
256460 1.03914 33 75 -0.2 0.3
256460 1.03914 36 75 -0.2 0.3
256460 1.03914 60 75 -0.2 0.3
256460 1.03914 48 75 -0.2 0.3
256460 1.03914 24 75 -0.2 0.3
256366 1.00683 12 70 0.6 -10
256366 1.00683 12 70 0.6 -0.3
256206 1.01 12 0 -0.2 -0.15
255870 1.0104 30 75 10 0.3
255870 1.0104 24 75 10 0.3
255870 1.0104 36 75 10 0.3
255870 1.0104 48 75 10 0.3
255870 1.0104 33 75 10 0.3
255870 1.0104 27 75 10 0.3
255870 1.0104 42 75 10 0.3
255870 1.0104 60 75 10 0.3
255870 1.0104 100 75 10 0.3
255402 1.01039 12 65 1.4 0.3
255114 1.03621 48 72.5 -0.2 0.3
255114 1.03621 42 72.5 -0.2 0.3
255114 1.03621 30 72.5 -0.2 0.3
255114 1.03621 36 72.5 -0.2 0.3
255114 1.03621 24 72.5 -0.2 0.3
255114 1.03621 27 72.5 -0.2 0.3
255114 1.03621 100 72.5 -0.2 0.3
255114 1.03621 60 72.5 -0.2 0.3
255114 1.03621 33 72.5 -0.2 0.3
254989 1.00686 100 60 10 0.3
254989 1.00686 48 60 10 0.3
254989 1.00686 60 60 10 0.3
254989 1.00686 42 60 10 0.3
254882 1.0067 60 72.5 1 -10
254882 1.0067 36 72.5 1 0
254882 1.0067 42 72.5 1 0
254882 1.0067 100 72.5 1 -0.3
254882 1.0067 100 72.5 1 -10
254882 1.0067 33 72.5 1 -10
254882 1.0067 33 72.5 1 -0.3
254882 1.0067 27 72.5 1 -10
254882 1.0067 60 72.5 1 -0.3
254882 1.0067 33 72.5 1 0
254882 1.0067 27 72.5 1 -0.3
254882 1.0067 42 72.5 1 -0.3
254882 1.0067 42 72.5 1 -10
254882 1.0067 36 72.5 1 -0.3
254882 1.0067 30 72.5 1 0
254882 1.0067 24 72.5 1 0
254882 1.0067 48 72.5 1 0
254882 1.0067 48 72.5 1 -0.3
254882 1.0067 36 72.5 1 -10
254882 1.0067 24 72.5 1 -0.3
254882 1.0067 100 72.5 1 0
254882 1.0067 30 72.5 1 -0.3
254882 1.0067 30 72.5 1 -10
254882 1.0067 27 72.5 1 0
254882 1.0067 24 72.5 1 -10
254882 1.0067 48 72.5 1 -10
254882 1.0067 60 72.5 1 0
254216 1.00591 12 70 10 0
253903 1.04737 12 67.5 -0.6 0
253851 1.0047 12 65 10 0
253584 1.05039 12 75 -0.6 0
253186 1.01863 60 85 1.4 -0.3
253186 1.01863 100 85 1 -10
253186 1.01863 60 85 1 -0.3
253186 1.01863 100 85 1 -0.3
253186 1.01863 27 85 1.4 -10
253186 1.01863 36 85 1.4 -10
253186 1.01863 36 85 1.4 -0.3
253186 1.01863 48 85 1.4 -10
253186 1.01863 60 85 1 -10
253186 1.01863 100 85 10 -0.3
253186 1.01863 48 85 10 -10
253186 1.01863 48 85 1.4 -0.3
253186 1.01863 27 85 10 -10
253186 1.01863 24 85 1.4 -0.3
253186 1.01863 42 85 1 -10
253186 1.01863 30 85 1 -0.3
253186 1.01863 42 85 1 -0.3
253186 1.01863 100 85 10 -10
253186 1.01863 27 85 10 -0.3
253186 1.01863 30 85 1 -10
253186 1.01863 60 85 10 -10
253186 1.01863 42 85 1.4 -0.3
253186 1.01863 27 85 1.4 -0.3
253186 1.01863 24 85 1.4 -10
253186 1.01863 42 85 10 -10
253186 1.01863 36 85 10 -0.3
253186 1.01863 24 85 1 -10
253186 1.01863 42 85 10 -0.3
253186 1.01863 60 85 10 -0.3
253186 1.01863 27 85 1 -0.3
253186 1.01863 48 85 10 -0.3
253186 1.01863 36 85 1 -10
253186 1.01863 33 85 10 -10
253186 1.01863 48 85 1 -0.3
253186 1.01863 33 85 10 -0.3
253186 1.01863 100 85 1.4 -0.3
253186 1.01863 30 85 10 -10
253186 1.01863 33 85 1 -0.3
253186 1.01863 36 85 10 -10
253186 1.01863 24 85 1 -0.3
253186 1.01863 33 85 1 -10
253186 1.01863 30 85 10 -0.3
253186 1.01863 24 85 10 -10
253186 1.01863 33 85 1.4 -10
253186 1.01863 60 85 1.4 -10
253186 1.01863 33 85 1.4 -0.3
253186 1.01863 36 85 1 -0.3
253186 1.01863 30 85 1.4 -0.3
253186 1.01863 42 85 1.4 -10
253186 1.01863 30 85 1.4 -10
253186 1.01863 48 85 1 -10
253186 1.01863 24 85 10 -0.3
253186 1.01863 100 85 1.4 -10
253186 1.01863 27 85 1 -10
252642 1.03023 27 60 -0.6 -0.15
252642 1.03023 60 60 -0.6 -0.3
252642 1.03023 27 60 -0.6 -0.45
252642 1.03023 60 60 -0.6 -0.45
252642 1.03023 27 60 -0.6 -10
252642 1.03023 100 60 -0.6 -10
252642 1.03023 48 60 -0.6 -10
252642 1.03023 36 60 -0.6 -0.3
252642 1.03023 42 60 -0.6 -0.3
252642 1.03023 36 60 -0.6 -0.15
252642 1.03023 33 60 -0.6 -10
252642 1.03023 60 60 -0.6 -0.15
252642 1.03023 100 60 -0.6 -0.3
252642 1.03023 27 60 -0.6 -0.3
252642 1.03023 30 60 -0.6 -10
252642 1.03023 30 60 -0.6 -0.45
252642 1.03023 48 60 -0.6 -0.3
252642 1.03023 100 60 -0.6 -0.45
252642 1.03023 30 60 -0.6 -0.15
252642 1.03023 30 60 -0.6 -0.3
252642 1.03023 48 60 -0.6 -0.45
252642 1.03023 42 60 -0.6 -10
252642 1.03023 33 60 -0.6 -0.45
252642 1.03023 48 60 -0.6 -0.15
252642 1.03023 33 60 -0.6 -0.15
252642 1.03023 42 60 -0.6 -0.45
252642 1.03023 36 60 -0.6 -0.45
252642 1.03023 36 60 -0.6 -10
252642 1.03023 100 60 -0.6 -0.15
252642 1.03023 24 60 -0.6 -10
252642 1.03023 24 60 -0.6 -0.45
252642 1.03023 24 60 -0.6 -0.15
252642 1.03023 42 60 -0.6 -0.15
252642 1.03023 24 60 -0.6 -0.3
252642 1.03023 60 60 -0.6 -10
252642 1.03023 33 60 -0.6 -0.3
252332 1.00568 100 65 1.4 0.15
252332 1.00568 42 65 1.4 0.15
252332 1.00568 36 65 1.4 0.15
252332 1.00568 33 65 1.4 0.15
252332 1.00568 30 65 1.4 0.15
252332 1.00568 27 65 1.4 0.15
252332 1.00568 60 65 1.4 0.15
252332 1.00568 48 65 1.4 0.15
252332 1.00568 24 65 1.4 0.15
252277 1.02779 27 0 -0.6 -10
252277 1.02779 100 0 -0.6 -10
252277 1.02779 42 0 -0.6 -10
252277 1.02779 30 0 -0.6 -10
252277 1.02779 48 0 -0.6 -10
252277 1.02779 36 0 -0.6 -10
252277 1.02779 60 0 -0.6 -10
252277 1.02779 33 0 -0.6 -10
252277 1.02779 24 0 -0.6 -10
252221 1.00625 12 70 1 0
251414 1.01177 12 55 -0.2 -0.45
251414 1.01177 12 55 -0.2 -10
251414 1.01177 12 55 -0.2 -0.3
251288 1.0203 48 60 -0.2 0.15
251288 1.0203 33 0 -0.2 0.15
251288 1.0203 27 55 -0.2 0.15
251288 1.0203 33 55 -0.2 0.15
251288 1.0203 48 0 -0.2 0.15
251288 1.0203 36 55 -0.2 0.15
251288 1.0203 42 0 -0.2 0.15
251288 1.0203 60 60 -0.2 0.15
251288 1.0203 42 55 -0.2 0.15
251288 1.0203 27 0 -0.2 0.15
251288 1.0203 30 55 -0.2 0.15
251288 1.0203 100 60 -0.2 0.15
251288 1.0203 24 55 -0.2 0.15
251288 1.0203 33 60 -0.2 0.15
251288 1.0203 36 0 -0.2 0.15
251288 1.0203 100 0 -0.2 0.15
251288 1.0203 36 60 -0.2 0.15
251288 1.0203 24 60 -0.2 0.15
251288 1.0203 27 60 -0.2 0.15
251288 1.0203 42 60 -0.2 0.15
251288 1.0203 48 55 -0.2 0.15
251288 1.0203 60 0 -0.2 0.15
251288 1.0203 100 55 -0.2 0.15
251288 1.0203 24 0 -0.2 0.15
251288 1.0203 30 60 -0.2 0.15
251288 1.0203 30 0 -0.2 0.15
251288 1.0203 60 55 -0.2 0.15
251129 1.01247 12 72.5 1 0.3
250898 1.03405 100 60 -0.2 0.3
250898 1.03405 100 0 -0.2 0.3
250898 1.03405 42 60 -0.2 0.3
250898 1.03405 27 55 -0.2 0.3
250898 1.03405 36 0 -0.2 0.3
250898 1.03405 42 55 -0.2 0.3
250898 1.03405 60 60 -0.2 0.3
250898 1.03405 60 55 -0.2 0.3
250898 1.03405 30 0 -0.2 0.3
250898 1.03405 42 0 -0.2 0.3
250898 1.03405 30 60 -0.2 0.3
250898 1.03405 33 0 -0.2 0.3
250898 1.03405 30 55 -0.2 0.3
250898 1.03405 48 0 -0.2 0.3
250898 1.03405 100 55 -0.2 0.3
250898 1.03405 48 55 -0.2 0.3
250898 1.03405 24 60 -0.2 0.3
250898 1.03405 27 60 -0.2 0.3
250898 1.03405 33 60 -0.2 0.3
250898 1.03405 24 0 -0.2 0.3
250898 1.03405 27 0 -0.2 0.3
250898 1.03405 24 55 -0.2 0.3
250898 1.03405 60 0 -0.2 0.3
250898 1.03405 33 55 -0.2 0.3
250898 1.03405 48 60 -0.2 0.3
250898 1.03405 36 60 -0.2 0.3
250898 1.03405 36 55 -0.2 0.3
250726 1.006 27 45 10 0.3
250726 1.006 24 45 10 0.3
250656 1.01359 12 55 -0.2 0
250524 1.02831 33 0 -0.6 -0.45
250524 1.02831 36 0 -0.6 -0.45
250524 1.02831 48 0 -0.6 -0.45
250524 1.02831 42 0 -0.6 -0.3
250524 1.02831 33 0 -0.6 -0.3
250524 1.02831 100 0 -0.6 -0.3
250524 1.02831 100 0 -0.6 -0.45
250524 1.02831 24 0 -0.6 -0.45
250524 1.02831 24 0 -0.6 -0.3
250524 1.02831 36 0 -0.6 -0.3
250524 1.02831 30 0 -0.6 -0.3
250524 1.02831 27 0 -0.6 -0.45
250524 1.02831 60 0 -0.6 -0.45
250524 1.02831 48 0 -0.6 -0.3
250524 1.02831 27 0 -0.6 -0.3
250524 1.02831 42 0 -0.6 -0.45
250524 1.02831 30 0 -0.6 -0.45
250524 1.02831 60 0 -0.6 -0.3
250518 1.01168 36 55 -0.2 -0.3
250518 1.01168 33 55 -0.2 -10
250518 1.01168 30 55 -0.2 -0.3
250518 1.01168 42 55 -0.2 -10
250518 1.01168 33 55 -0.2 -0.3
250518 1.01168 36 55 -0.2 -10
250518 1.01168 60 55 -0.2 -10
250518 1.01168 27 55 -0.2 -0.3
250518 1.01168 48 55 -0.2 -10
250518 1.01168 24 55 -0.2 -0.3
250518 1.01168 30 55 -0.2 -10
250518 1.01168 27 55 -0.2 -10
250518 1.01168 42 55 -0.2 -0.3
250518 1.01168 100 55 -0.2 -10
250518 1.01168 100 55 -0.2 -0.3
250518 1.01168 48 55 -0.2 -0.3
250518 1.01168 24 55 -0.2 -10
250518 1.01168 60 55 -0.2 -0.3
250224 1.00588 12 70 1.4 -0.3
250224 1.00588 12 70 1.4 -10
250122 1.02987 24 55 -0.6 -0.15
250122 1.02987 36 0 -0.6 -0.15
250122 1.02987 36 55 -0.6 -0.15
250122 1.02987 33 55 -0.6 -0.15
250122 1.02987 24 0 -0.6 -0.15
250122 1.02987 33 0 -0.6 -0.15
250122 1.02987 42 55 -0.6 -0.15
250122 1.02987 100 55 -0.6 -0.15
250122 1.02987 48 0 -0.6 -0.15
250122 1.02987 48 55 -0.6 -0.15
250122 1.02987 42 0 -0.6 -0.15
250122 1.02987 30 0 -0.6 -0.15
250122 1.02987 27 0 -0.6 -0.15
250122 1.02987 100 0 -0.6 -0.15
250122 1.02987 60 0 -0.6 -0.15
250122 1.02987 60 55 -0.6 -0.15
250122 1.02987 30 55 -0.6 -0.15
250122 1.02987 27 55 -0.6 -0.15
249866 1.02128 12 85 0.6 0
249861 1.0056 12 65 0.6 0
249586 1.0067 12 70 0.6 0
249440 1.01344 12 67.5 0.6 0.3
248956 1.01305 12 60 -0.2 -10
248956 1.01305 12 60 -0.2 -0.45
248956 1.01305 12 60 -0.2 -0.3
248703 1.04429 12 65 -0.6 0
248064 1.01293 24 60 -0.2 -10
248064 1.01293 48 60 -0.2 -0.3
248064 1.01293 48 60 -0.2 -10
248064 1.01293 60 60 -0.2 -0.3
248064 1.01293 33 60 -0.2 -10
248064 1.01293 36 60 -0.2 -0.3
248064 1.01293 27 60 -0.2 -0.3
248064 1.01293 60 60 -0.2 -10
248064 1.01293 36 60 -0.2 -10
248064 1.01293 24 60 -0.2 -0.3
248064 1.01293 30 60 -0.2 -10
248064 1.01293 100 60 -0.2 -10
248064 1.01293 42 60 -0.2 -10
248064 1.01293 27 60 -0.2 -10
248064 1.01293 42 60 -0.2 -0.3
248064 1.01293 30 60 -0.2 -0.3
248064 1.01293 33 60 -0.2 -0.3
248064 1.01293 100 60 -0.2 -0.3
247943 1.00663 30 75 10 0
247943 1.00663 42 75 10 -10
247943 1.00663 24 75 10 -0.3
247943 1.00663 100 75 10 -10
247943 1.00663 100 75 10 -0.3
247943 1.00663 48 75 10 -0.3
247943 1.00663 48 75 10 0
247943 1.00663 36 75 10 -10
247943 1.00663 27 75 10 -10
247943 1.00663 27 75 10 -0.3
247943 1.00663 42 75 10 0
247943 1.00663 30 75 10 -10
247943 1.00663 33 75 10 -0.3
247943 1.00663 60 75 10 0
247943 1.00663 33 75 10 0
247943 1.00663 30 75 10 -0.3
247943 1.00663 33 75 10 -10
247943 1.00663 24 75 10 -10
247943 1.00663 48 75 10 -10
247943 1.00663 36 75 10 -0.3
247943 1.00663 24 75 10 0
247943 1.00663 36 75 10 0
247943 1.00663 60 75 10 -10
247943 1.00663 100 75 10 0
247943 1.00663 42 75 10 -0.3
247943 1.00663 27 75 10 0
247943 1.00663 60 75 10 -0.3
247840 1.02014 12 75 -0.2 0
247840 1.02014 12 75 -0.2 -0.3
247840 1.02014 12 75 -0.2 -0.45
247840 1.02014 12 75 -0.2 -0.15
247840 1.02014 12 75 -0.2 -10
247578 1.00738 33 72.5 1 0.15
247578 1.00738 60 72.5 1 0.15
247578 1.00738 30 72.5 1 0.15
247578 1.00738 48 72.5 1 0.15
247578 1.00738 36 72.5 1 0.15
247578 1.00738 42 72.5 1 0.15
247578 1.00738 24 72.5 1 0.15
247578 1.00738 27 72.5 1 0.15
247578 1.00738 100 72.5 1 0.15
247294 1.00665 36 60 10 0.3
247294 1.00665 33 60 10 0.3
246853 1.01438 12 60 -0.2 0
246807 1.00673 30 65 0.6 0.15
246807 1.00673 27 65 0.6 0.15
246807 1.00673 36 65 0.6 0.15
246807 1.00673 60 65 0.6 0.15
246807 1.00673 42 65 0.6 0.15
246807 1.00673 33 65 0.6 0.15
246807 1.00673 24 65 0.6 0.15
246807 1.00673 48 65 0.6 0.15
246807 1.00673 100 65 0.6 0.15
246796 1.00552 48 60 1 0.15
246796 1.00552 24 60 1 0.15
246796 1.00552 33 60 1 0.15
246796 1.00552 30 60 1 0.15
246796 1.00552 42 60 1 0.15
246796 1.00552 100 60 1 0.15
246796 1.00552 36 60 1 0.15
246796 1.00552 27 60 1 0.15
246796 1.00552 60 60 1 0.15
246631 1.02866 33 55 -0.6 -0.45
246631 1.02866 33 55 -0.6 -0.3
246631 1.02866 24 55 -0.6 -0.3
246631 1.02866 33 55 -0.6 -10
246631 1.02866 27 55 -0.6 -0.3
246631 1.02866 60 55 -0.6 -0.45
246631 1.02866 42 55 -0.6 -0.3
246631 1.02866 60 55 -0.6 -0.3
246631 1.02866 48 55 -0.6 -10
246631 1.02866 60 55 -0.6 -10
246631 1.02866 48 55 -0.6 -0.45
246631 1.02866 36 55 -0.6 -0.3
246631 1.02866 24 55 -0.6 -0.45
246631 1.02866 42 55 -0.6 -0.45
246631 1.02866 48 55 -0.6 -0.3
246631 1.02866 27 55 -0.6 -0.45
246631 1.02866 24 55 -0.6 -10
246631 1.02866 42 55 -0.6 -10
246631 1.02866 30 55 -0.6 -0.45
246631 1.02866 36 55 -0.6 -10
246631 1.02866 27 55 -0.6 -10
246631 1.02866 36 55 -0.6 -0.45
246631 1.02866 30 55 -0.6 -10
246631 1.02866 30 55 -0.6 -0.3
246631 1.02866 100 55 -0.6 -10
246631 1.02866 100 55 -0.6 -0.3
246631 1.02866 100 55 -0.6 -0.45
246535 1.00586 24 65 1 0.15
246535 1.00586 48 65 1 0.15
246535 1.00586 42 65 1 0.15
246535 1.00586 33 65 1 0.15
246535 1.00586 27 65 1 0.15
246535 1.00586 36 65 1 0.15
246535 1.00586 30 65 1 0.15
246535 1.00586 60 65 1 0.15
246535 1.00586 100 65 1 0.15
245878 1.00577 36 45 10 0.3
245440 1.01296 12 0 -0.2 0
245201 1.00725 100 75 1 -0.3
245201 1.00725 48 75 1 -10
245201 1.00725 100 75 1 0
245201 1.00725 33 75 1 0
245201 1.00725 24 75 1 -10
245201 1.00725 100 75 1 -10
245201 1.00725 30 75 1 -10
245201 1.00725 42 75 1 -0.3
245201 1.00725 33 75 1 -0.3
245201 1.00725 33 75 1 -10
245201 1.00725 30 75 1 -0.3
245201 1.00725 24 75 1 -0.3
245201 1.00725 60 75 1 0
245201 1.00725 60 75 1 -10
245201 1.00725 24 75 1 0
245201 1.00725 36 75 1 0
245201 1.00725 60 75 1 -0.3
245201 1.00725 27 75 1 -10
245201 1.00725 48 75 1 0
245201 1.00725 36 75 1 -10
245201 1.00725 30 75 1 0
245201 1.00725 36 75 1 -0.3
245201 1.00725 27 75 1 -0.3
245201 1.00725 27 75 1 0
245201 1.00725 48 75 1 -0.3
245201 1.00725 42 75 1 -10
245201 1.00725 42 75 1 0
245200 1.00571 42 45 10 0.3
244790 1.027 12 0 -0.6 -10
244401 1.04847 12 70 -0.6 0
244175 1.0335 12 85 0.6 0.3
243851 1.01991 12 85 1.4 0
243851 1.01991 12 85 10 0
243851 1.01991 12 85 1 0
243848 1.00531 48 45 0.8 0.15
243848 1.00531 30 45 0.8 0.15
243848 1.00531 42 45 0.8 0.15
243848 1.00531 33 45 0.8 0.15
243848 1.00531 24 45 0.8 0.15
243848 1.00531 60 45 0.8 0.15
243848 1.00531 27 45 0.8 0.15
243848 1.00531 100 45 0.8 0.15
243848 1.00531 36 45 0.8 0.15
243617 1.00576 12 70 1.4 0
243130 1.01761 12 72.5 -0.2 -0.45
243130 1.01761 12 72.5 -0.2 -0.3
243130 1.01761 12 72.5 -0.2 -10
243130 1.01761 12 72.5 -0.2 0
243130 1.01761 12 72.5 -0.2 -0.15
243092 1.02749 12 0 -0.6 -0.45
242910 1.00711 36 75 10 0.15
242910 1.00711 33 75 10 0.15
242910 1.00711 30 75 10 0.15
242910 1.00711 100 75 10 0.15
242910 1.00711 42 75 10 0.15
242910 1.00711 24 75 10 0.15
242910 1.00711 48 75 10 0.15
242910 1.00711 60 75 10 0.15
242910 1.00711 27 75 10 0.15
242527 1.03938 12 60 -0.6 0
241105 1.0296 12 55 -0.6 -0.15
241105 1.0296 12 0 -0.6 -0.15
240627 1.04755 12 72.5 -0.6 -10
240627 1.04755 12 75 -0.6 -0.3
240627 1.04755 12 75 -0.6 -0.45
240627 1.04755 12 72.5 -0.6 -0.3
240627 1.04755 12 72.5 -0.6 -0.15
240627 1.04755 12 75 -0.6 -0.15
240627 1.04755 12 75 -0.6 -10
240627 1.04755 12 72.5 -0.6 -0.45
240622 1.03899 12 0 -0.6 0
240622 1.03899 12 55 -0.6 0
240420 1.02952 12 60 -0.6 -0.3
240420 1.02952 12 60 -0.6 -0.15
240420 1.02952 12 60 -0.6 -10
240420 1.02952 12 60 -0.6 -0.45
240210 1.00784 60 75 1 0.15
240210 1.00784 48 75 1 0.15
240210 1.00784 36 75 1 0.15
240210 1.00784 100 75 1 0.15
240210 1.00784 42 75 1 0.15
240210 1.00784 24 75 1 0.15
240210 1.00784 27 75 1 0.15
240210 1.00784 30 75 1 0.15
240210 1.00784 33 75 1 0.15
239962 1.00475 36 0 1 0.15
239962 1.00475 60 0 1 0.15
239962 1.00475 33 0 1 0.15
239962 1.00475 48 0 1 0.15
239962 1.00475 24 0 1 0.15
239962 1.00475 27 0 1 0.15
239962 1.00475 30 0 1 0.15
239962 1.00475 42 0 1 0.15
239962 1.00475 100 0 1 0.15
239501 1.02027 12 85 0.6 -0.3
239501 1.02027 12 85 0.6 -10
239458 1.00425 30 60 10 0.15
239358 1.01258 12 65 0.6 0.3
239038 1.02695 12 0 -0.6 -0.3
238618 1.00424 24 60 10 0.15
238618 1.00424 27 60 10 0.15
238437 1.00986 12 0 1 0.3
238407 1.00652 12 70 10 0.15
238403 1.00597 12 65 1 0.15
238288 1.03053 12 85 1 0.3
238288 1.03053 12 85 10 0.3
238288 1.03053 12 85 1.4 0.3
237735 1.02836 12 55 -0.6 -0.3
237735 1.02836 12 55 -0.6 -0.45
237735 1.02836 12 55 -0.6 -10
237049 1.00881 12 65 10 0.3
236748 1.00631 12 72.5 10 0
236748 1.00631 12 72.5 10 -10
236748 1.00631 12 72.5 10 -0.3
236545 1.00698 12 70 1 0.15
235719 1.03303 100 65 -0.6 -10
235719 1.03303 36 65 -0.6 -0.15
235719 1.03303 100 65 -0.6 -0.45
235719 1.03303 100 65 -0.6 -0.15
235719 1.03303 48 65 -0.6 -10
235719 1.03303 33 65 -0.6 -0.15
235719 1.03303 33 65 -0.6 -0.3
235719 1.03303 100 65 -0.6 -0.3
235719 1.03303 60 65 -0.6 -0.45
235719 1.03303 33 65 -0.6 -0.45
235719 1.03303 33 65 -0.6 -10
235719 1.03303 36 65 -0.6 -10
235719 1.03303 27 65 -0.6 -0.3
235719 1.03303 27 65 -0.6 -0.15
235719 1.03303 42 65 -0.6 -10
235719 1.03303 42 65 -0.6 -0.45
235719 1.03303 27 65 -0.6 -0.45
235719 1.03303 48 65 -0.6 -0.45
235719 1.03303 42 65 -0.6 -0.15
235719 1.03303 27 65 -0.6 -10
235719 1.03303 42 65 -0.6 -0.3
235719 1.03303 36 65 -0.6 -0.3
235719 1.03303 60 65 -0.6 -0.3
235719 1.03303 30 65 -0.6 -0.3
235719 1.03303 60 65 -0.6 -0.15
235719 1.03303 30 65 -0.6 -0.15
235719 1.03303 30 65 -0.6 -0.45
235719 1.03303 30 65 -0.6 -10
235719 1.03303 24 65 -0.6 -0.15
235719 1.03303 36 65 -0.6 -0.45
235719 1.03303 48 65 -0.6 -0.15
235719 1.03303 48 65 -0.6 -0.3
235719 1.03303 60 65 -0.6 -10
235719 1.03303 24 65 -0.6 -0.3
235719 1.03303 24 65 -0.6 -10
235719 1.03303 24 65 -0.6 -0.45
235484 1.04209 12 45 -0.8 -0.15
235352 1.03366 12 45 -0.8 -10
234932 1.00413 60 60 10 0.15
234932 1.00413 100 60 10 0.15
234932 1.00413 42 60 10 0.15
234932 1.00413 48 60 10 0.15
234880 1.00816 36 0 -0.2 -10
234880 1.00816 33 0 -0.2 -10
234880 1.00816 30 0 -0.2 -10
234880 1.00816 24 0 -0.2 -10
234880 1.00816 48 0 -0.2 -10
234880 1.00816 100 0 -0.2 -10
234880 1.00816 60 0 -0.2 -10
234880 1.00816 42 0 -0.2 -10
234880 1.00816 27 0 -0.2 -10
234444 1.03415 12 65 -0.6 -0.3
234444 1.03415 12 65 -0.6 -0.45
234444 1.03415 12 65 -0.6 -10
234444 1.03415 12 65 -0.6 -0.15
234044 1.00483 12 0 1 0.15
233736 1.01895 12 85 1 -10
233736 1.01895 12 85 1.4 -0.3
233736 1.01895 12 85 1 -0.3
233736 1.01895 12 85 10 -10
233736 1.01895 12 85 10 -0.3
233736 1.01895 12 85 1.4 -10
233717 1.03438 12 45 -0.8 -0.45
233340 1.00803 12 0 -0.2 -10
232445 1.00983 12 60 1 0.3
232311 1.00754 12 70 0.6 0.15
231668 1.00535 24 0 10 0.3
231668 1.00535 27 0 10 0.3
231488 1.00808 12 0 -0.2 -0.45
231060 1.00835 30 0 -0.2 -0.3
231060 1.00835 60 0 -0.2 -0.3
231060 1.00835 42 0 -0.2 -0.3
231060 1.00835 36 0 -0.2 -0.3
231060 1.00835 27 0 -0.2 -0.3
231060 1.00835 33 0 -0.2 -0.3
231060 1.00835 100 0 -0.2 -0.3
231060 1.00835 48 0 -0.2 -0.3
231060 1.00835 24 0 -0.2 -0.3
230997 1.00694 12 72.5 10 0.15
229554 1.00823 12 0 -0.2 -0.3
229000 1.03878 12 75 -0.2 0.3
228742 1.03475 12 45 -0.8 -0.3
228474 1.00636 12 70 1.4 0.15
227976 1.00953 12 55 1 0.3
227838 1.00399 33 60 10 0.15
227838 1.00399 36 60 10 0.15
227814 1.03554 12 72.5 -0.2 0.3
227210 1.00514 36 0 10 0.3
227200 1.00529 12 60 1 0.15
226989 1.00479 100 55 1 0.15
226989 1.00479 27 55 1 0.15
226989 1.00479 30 55 1 0.15
226989 1.00479 36 55 1 0.15
226989 1.00479 33 55 1 0.15
226989 1.00479 60 55 1 0.15
226989 1.00479 42 55 1 0.15
226989 1.00479 24 55 1 0.15
226989 1.00479 48 55 1 0.15
226376 1.00533 33 45 10 0.3
225747 1.00501 42 0 10 0.3
223207 1.01143 12 75 1 0.3
222333 1.01061 12 75 10 0.3
221458 1.00615 12 72.5 1 -0.3
221458 1.00615 12 72.5 1 -10
221458 1.00615 12 72.5 1 0
219723 1.0227 33 67.5 10 0.6
219723 1.0227 48 67.5 10 0.6
219723 1.0227 100 67.5 10 0.6
219723 1.0227 60 67.5 10 0.6
219723 1.0227 30 67.5 10 0.6
219723 1.0227 42 67.5 10 0.6
219723 1.0227 36 67.5 10 0.6
219603 1.04061 12 70 -0.6 -0.3
219603 1.04061 12 70 -0.6 -0.15
219603 1.04061 12 70 -0.6 -10
219603 1.04061 12 70 -0.6 -0.45
219546 1.02322 27 67.5 10 0.6
219546 1.02322 24 67.5 10 0.6
219441 1.00495 33 0 10 0.3
218999 1.03624 24 67.5 1 0.6
218999 1.03624 27 67.5 1 0.6
218999 1.03624 24 70 1 0.6
218999 1.03624 48 67.5 1 0.6
218999 1.03624 27 72.5 1 0.6
218999 1.03624 36 70 1 0.6
218999 1.03624 33 67.5 1 0.6
218999 1.03624 33 70 1 0.6
218999 1.03624 24 72.5 1 0.6
218999 1.03624 42 67.5 1 0.6
218999 1.03624 30 72.5 1 0.6
218999 1.03624 36 72.5 1 0.6
218999 1.03624 30 70 1 0.6
218999 1.03624 100 72.5 1 0.6
218999 1.03624 100 67.5 1 0.6
218999 1.03624 30 67.5 1 0.6
218999 1.03624 33 72.5 1 0.6
218999 1.03624 27 70 1 0.6
218999 1.03624 42 70 1 0.6
218999 1.03624 42 72.5 1 0.6
218999 1.03624 48 72.5 1 0.6
218999 1.03624 100 70 1 0.6
218999 1.03624 60 67.5 1 0.6
218999 1.03624 60 70 1 0.6
218999 1.03624 48 70 1 0.6
218999 1.03624 60 72.5 1 0.6
218999 1.03624 36 67.5 1 0.6
217208 1.00303 100 45 10 0.15
217208 1.00303 48 45 10 0.15
217208 1.00303 60 45 10 0.15
217166 1.0036 30 60 1 0
217166 1.0036 48 60 1 0
217166 1.0036 60 60 1 0
217166 1.0036 36 60 1 0
217166 1.0036 27 60 1 0
217166 1.0036 24 60 1 0
217166 1.0036 33 60 1 0
217166 1.0036 100 60 1 0
217166 1.0036 42 60 1 0
216953 1.00265 42 45 0.8 -10
216953 1.00265 33 45 0.8 -10
216953 1.00265 30 45 0.8 -10
216953 1.00265 100 45 0.8 -10
216953 1.00265 60 45 0.8 -10
216953 1.00265 24 45 0.8 -10
216953 1.00265 36 45 0.8 -10
216953 1.00265 48 45 0.8 -10
216953 1.00265 27 45 0.8 -10
216265 1.02402 30 70 10 0.6
216265 1.02402 100 70 10 0.6
216265 1.02402 24 70 10 0.6
216265 1.02402 27 70 10 0.6
216265 1.02402 42 70 10 0.6
216265 1.02402 36 70 10 0.6
216265 1.02402 33 70 10 0.6
216265 1.02402 60 70 10 0.6
216265 1.02402 48 70 10 0.6
216148 1.00307 30 45 10 0.15
216064 1.00679 12 72.5 1 0.15
215781 1.02551 100 72.5 10 0.6
215781 1.02551 33 72.5 10 0.6
215781 1.02551 36 72.5 10 0.6
215781 1.02551 60 72.5 10 0.6
215781 1.02551 42 72.5 10 0.6
215781 1.02551 30 72.5 10 0.6
215781 1.02551 27 72.5 10 0.6
215781 1.02551 24 72.5 10 0.6
215781 1.02551 48 72.5 10 0.6
215678 1.03294 12 55 -0.2 0.3
215678 1.03294 12 60 -0.2 0.3
215678 1.03294 12 0 -0.2 0.3
215445 1.00638 12 75 10 -0.3
215445 1.00638 12 75 10 0
215445 1.00638 12 75 10 -10
215189 1.00632 12 0 10 0.3
213996 1.00468 12 55 1 0.15
213844 1.03403 100 65 1 0.6
213844 1.03403 60 65 1 0.6
213844 1.03403 30 65 1 0.6
213844 1.03403 60 0 1 0.6
213844 1.03403 27 0 1 0.6
213844 1.03403 48 65 1 0.6
213844 1.03403 48 55 1 0.6
213844 1.03403 30 60 1 0.6
213844 1.03403 36 65 1 0.6
213844 1.03403 27 65 1 0.6
213844 1.03403 36 0 1 0.6
213844 1.03403 60 55 1 0.6
213844 1.03403 30 0 1 0.6
213844 1.03403 100 60 1 0.6
213844 1.03403 24 0 1 0.6
213844 1.03403 60 60 1 0.6
213844 1.03403 100 55 1 0.6
213844 1.03403 36 60 1 0.6
213844 1.03403 24 60 1 0.6
213844 1.03403 33 60 1 0.6
213844 1.03403 36 55 1 0.6
213844 1.03403 30 55 1 0.6
213844 1.03403 100 0 1 0.6
213844 1.03403 33 0 1 0.6
213844 1.03403 33 55 1 0.6
213844 1.03403 24 55 1 0.6
213844 1.03403 27 60 1 0.6
213844 1.03403 48 0 1 0.6
213844 1.03403 42 65 1 0.6
213844 1.03403 42 55 1 0.6
213844 1.03403 27 55 1 0.6
213844 1.03403 42 0 1 0.6
213844 1.03403 42 60 1 0.6
213844 1.03403 48 60 1 0.6
213844 1.03403 33 65 1 0.6
213844 1.03403 24 65 1 0.6
213529 1.0066 12 75 1 -0.3
213529 1.0066 12 75 1 0
213529 1.0066 12 75 1 -10
213039 1.02977 48 67.5 1.4 0.6
213039 1.02977 36 70 1.4 0.6
213039 1.02977 27 70 1.4 0.6
213039 1.02977 36 67.5 1.4 0.6
213039 1.02977 60 70 1.4 0.6
213039 1.02977 33 67.5 1.4 0.6
213039 1.02977 42 70 1.4 0.6
213039 1.02977 30 67.5 1.4 0.6
213039 1.02977 24 70 1.4 0.6
213039 1.02977 42 67.5 1.4 0.6
213039 1.02977 30 70 1.4 0.6
213039 1.02977 60 67.5 1.4 0.6
213039 1.02977 100 70 1.4 0.6
213039 1.02977 48 70 1.4 0.6
213039 1.02977 33 70 1.4 0.6
213039 1.02977 100 67.5 1.4 0.6
213039 1.02977 27 67.5 1.4 0.6
213039 1.02977 24 67.5 1.4 0.6
212163 1.00166 100 0 1 -10
212163 1.00166 60 0 1 -10
211894 1.00473 12 45 0.8 0.15
211515 1.06232 100 45 -1.2 -0.15
211515 1.06232 48 45 -1.2 -0.15
211515 1.06232 33 45 -1.2 -0.15
211515 1.06232 30 45 -1.2 -0.15
211515 1.06232 36 45 -1.2 -0.15
211515 1.06232 60 45 -1.2 -0.15
211515 1.06232 24 45 -1.2 -0.15
211515 1.06232 42 45 -1.2 -0.15
211515 1.06232 27 45 -1.2 -0.15
211391 1.00125 30 0 10 -10
211387 1.00362 12 60 1 0
211065 1.00689 12 75 10 0.15
210990 1.00543 24 55 10 0.3
210990 1.00543 27 55 10 0.3
210041 1.009 12 45 0.8 0.3
209910 1.01253 24 70 10 0.45
209910 1.01253 27 70 10 0.45
209910 1.01253 30 70 10 0.45
209910 1.01253 36 70 10 0.45
209910 1.01253 48 70 10 0.45
209910 1.01253 33 70 10 0.45
209910 1.01253 100 70 10 0.45
209910 1.01253 42 70 10 0.45
209910 1.01253 60 70 10 0.45
209791 1.00289 30 60 10 0
209192 1.00715 12 75 1 0.15
209046 1.00288 27 60 10 0
209046 1.00288 24 60 10 0
208646 1.01947 30 65 10 0.6
208021 1.02805 30 65 1.4 0.6
208021 1.02805 27 65 1.4 0.6
208021 1.02805 48 65 1.4 0.6
208021 1.02805 60 65 1.4 0.6
208021 1.02805 24 65 1.4 0.6
208021 1.02805 100 65 1.4 0.6
208021 1.02805 42 65 1.4 0.6
208021 1.02805 33 65 1.4 0.6
208021 1.02805 36 65 1.4 0.6
207910 1.01934 24 65 10 0.6
207910 1.01934 27 65 10 0.6
207149 1.00334 48 60 1 -0.3
207149 1.00334 24 60 1 -0.3
207149 1.00334 33 60 1 -10
207149 1.00334 48 60 1 -10
207149 1.00334 27 60 1 -0.3
207149 1.00334 27 60 1 -10
207149 1.00334 100 60 1 -0.3
207149 1.00334 33 60 1 -0.3
207149 1.00334 36 60 1 -0.3
207149 1.00334 36 60 1 -10
207149 1.00334 42 60 1 -0.3
207149 1.00334 60 60 1 -0.3
207149 1.00334 30 60 1 -0.3
207149 1.00334 24 60 1 -10
207149 1.00334 30 60 1 -10
207149 1.00334 60 60 1 -10
207149 1.00334 100 60 1 -10
207149 1.00334 42 60 1 -10
206739 1.00526 30 55 10 0.3
205829 1.0028 42 60 10 0
205829 1.0028 100 60 10 0
205829 1.0028 48 60 10 0
205829 1.0028 60 60 10 0
205345 1.00817 30 45 10 0.45
205129 1.04594 12 55 1 0.6
205129 1.04594 12 0 1 0.6
205129 1.04594 12 65 1 0.6
205129 1.04594 12 60 1 0.6
204795 1.0131 42 72.5 10 0.45
204795 1.0131 36 72.5 10 0.45
204795 1.0131 48 72.5 10 0.45
204795 1.0131 33 72.5 10 0.45
204795 1.0131 24 72.5 10 0.45
204795 1.0131 27 72.5 10 0.45
204795 1.0131 60 72.5 10 0.45
204795 1.0131 100 72.5 10 0.45
204795 1.0131 30 72.5 10 0.45
204203 1.00252 12 45 0.8 -0.3
203903 1.00289 24 55 1 -10
203903 1.00289 48 55 1 -10
203903 1.00289 60 55 1 -10
203903 1.00289 33 55 1 -10
203903 1.00289 42 55 1 -10
203903 1.00289 100 55 1 -10
203903 1.00289 30 55 1 -10
203903 1.00289 36 55 1 -10
203903 1.00289 27 55 1 -10
203577 1.04833 24 45 -1.2 -0.3
203577 1.04833 33 45 -1.2 -0.3
203577 1.04833 100 45 -1.2 -0.3
203577 1.04833 27 45 -1.2 -0.3
203577 1.04833 30 45 -1.2 -0.3
203577 1.04833 48 45 -1.2 -0.3
203577 1.04833 60 45 -1.2 -0.3
203577 1.04833 42 45 -1.2 -0.3
203577 1.04833 36 45 -1.2 -0.3
203277 1.01133 100 67.5 10 0.45
203277 1.01133 42 67.5 10 0.45
203277 1.01133 60 67.5 10 0.45
203277 1.01133 36 67.5 10 0.45
203277 1.01133 30 67.5 10 0.45
203277 1.01133 48 67.5 10 0.45
203277 1.01133 33 67.5 10 0.45
203135 1.00951 30 60 10 0.45
203102 1.01146 24 67.5 10 0.45
203102 1.01146 27 67.5 10 0.45
203074 1.06911 42 45 -0.8 0.3
203074 1.06911 36 45 -0.8 0.3
203074 1.06911 100 45 -0.8 0.3
203074 1.06911 33 45 -0.8 0.3
203074 1.06911 27 45 -0.8 0.3
203074 1.06911 30 45 -0.8 0.3
203074 1.06911 60 45 -0.8 0.3
203074 1.06911 24 45 -0.8 0.3
203074 1.06911 48 45 -0.8 0.3
203067 1.01567 48 72.5 1 0.45
203067 1.01567 60 72.5 1 0.45
203067 1.01567 33 72.5 1 0.45
203067 1.01567 42 72.5 1 0.45
203067 1.01567 24 72.5 1 0.45
203067 1.01567 27 72.5 1 0.45
203067 1.01567 30 72.5 1 0.45
203067 1.01567 100 72.5 1 0.45
203067 1.01567 36 72.5 1 0.45
202950 1.00156 24 0 1 -10
202738 1.04097 12 65 1.4 0.6
202598 1.01558 100 70 1 0.45
202598 1.01558 30 70 1 0.45
202598 1.01558 42 70 1 0.45
202598 1.01558 27 70 1 0.45
202598 1.01558 33 70 1 0.45
202598 1.01558 36 70 1 0.45
202598 1.01558 48 70 1 0.45
202598 1.01558 60 70 1 0.45
202598 1.01558 24 70 1 0.45
202507 1.01709 30 60 10 0.6
202412 1.00944 24 60 10 0.45
202412 1.00944 27 60 10 0.45
202182 1.00248 12 45 0.8 -10
202009 1.04492 33 0 -1 0
202009 1.04492 36 55 -1 0
202009 1.04492 33 55 -1 0
202009 1.04492 36 60 -1 0
202009 1.04492 24 60 -1 0
202009 1.04492 60 55 -1 0
202009 1.04492 42 60 -1 0
202009 1.04492 60 60 -1 0
202009 1.04492 48 55 -1 0
202009 1.04492 100 60 -1 0
202009 1.04492 30 0 -1 0
202009 1.04492 30 60 -1 0
202009 1.04492 24 0 -1 0
202009 1.04492 100 0 -1 0
202009 1.04492 27 55 -1 0
202009 1.04492 33 60 -1 0
202009 1.04492 48 60 -1 0
202009 1.04492 100 55 -1 0
202009 1.04492 42 55 -1 0
202009 1.04492 30 55 -1 0
202009 1.04492 24 55 -1 0
202009 1.04492 36 0 -1 0
202009 1.04492 60 0 -1 0
202009 1.04492 27 60 -1 0
202009 1.04492 42 0 -1 0
202009 1.04492 48 0 -1 0
202009 1.04492 27 0 -1 0
201781 1.01698 24 60 10 0.6
201781 1.01698 27 60 10 0.6
201646 1.01294 30 0 10 0.6
201402 1.00781 30 0 10 0.45
201347 1.05805 42 72.5 -1 -0.45
201347 1.05805 42 72.5 -1 -0.3
201347 1.05805 48 72.5 -1 0
201347 1.05805 100 72.5 -1 0
201347 1.05805 24 72.5 -1 -0.3
201347 1.05805 24 72.5 -1 -0.15
201347 1.05805 27 72.5 -1 -10
201347 1.05805 36 72.5 -1 0
201347 1.05805 30 72.5 -1 0
201347 1.05805 27 72.5 -1 -0.45
201347 1.05805 100 72.5 -1 -0.3
201347 1.05805 42 72.5 -1 -0.15
201347 1.05805 100 72.5 -1 -10
201347 1.05805 24 72.5 -1 -0.45
201347 1.05805 27 72.5 -1 -0.15
201347 1.05805 24 72.5 -1 0
201347 1.05805 42 72.5 -1 -10
201347 1.05805 30 72.5 -1 -0.3
201347 1.05805 36 72.5 -1 -0.3
201347 1.05805 24 72.5 -1 -10
201347 1.05805 30 72.5 -1 -0.15
201347 1.05805 27 72.5 -1 0
201347 1.05805 30 72.5 -1 -10
201347 1.05805 48 72.5 -1 -0.3
201347 1.05805 48 72.5 -1 -10
201347 1.05805 100 72.5 -1 -0.15
201347 1.05805 60 72.5 -1 0
201347 1.05805 42 72.5 -1 0
201347 1.05805 33 72.5 -1 -10
201347 1.05805 33 72.5 -1 -0.45
201347 1.05805 33 72.5 -1 -0.15
201347 1.05805 33 72.5 -1 -0.3
201347 1.05805 48 72.5 -1 -0.15
201347 1.05805 48 72.5 -1 -0.45
201347 1.05805 36 72.5 -1 -0.15
201347 1.05805 60 72.5 -1 -10
201347 1.05805 100 72.5 -1 -0.45
201347 1.05805 30 72.5 -1 -0.45
201347 1.05805 60 72.5 -1 -0.45
201347 1.05805 60 72.5 -1 -0.15
201347 1.05805 36 72.5 -1 -0.45
201347 1.05805 33 72.5 -1 0
201347 1.05805 36 72.5 -1 -10
201347 1.05805 60 72.5 -1 -0.3
201347 1.05805 27 72.5 -1 -0.3
201212 1.01831 60 65 10 0.6
201212 1.01831 42 65 10 0.6
201212 1.01831 48 65 10 0.6
201212 1.01831 33 65 10 0.6
201212 1.01831 36 65 10 0.6
201212 1.01831 100 65 10 0.6
201135 1.04485 36 45 -1.2 -0.45
201135 1.04485 33 45 -1.2 -0.45
201135 1.04485 27 45 -1.2 -0.45
201135 1.04485 27 45 -1.2 -10
201135 1.04485 36 45 -1.2 -10
201135 1.04485 24 45 -1.2 -0.45
201135 1.04485 30 45 -1.2 -10
201135 1.04485 48 45 -1.2 -10
201135 1.04485 30 45 -1.2 -0.45
201135 1.04485 100 45 -1.2 -0.45
201135 1.04485 24 45 -1.2 -10
201135 1.04485 100 45 -1.2 -10
201135 1.04485 33 45 -1.2 -10
201135 1.04485 42 45 -1.2 -0.45
201135 1.04485 42 45 -1.2 -10
201135 1.04485 60 45 -1.2 -10
201135 1.04485 48 45 -1.2 -0.45
201135 1.04485 60 45 -1.2 -0.45
201062 1.01523 42 67.5 1 0.45
201062 1.01523 100 67.5 1 0.45
201062 1.01523 36 67.5 1 0.45
201062 1.01523 27 67.5 1 0.45
201062 1.01523 30 67.5 1 0.45
201062 1.01523 33 67.5 1 0.45
201062 1.01523 60 67.5 1 0.45
201062 1.01523 24 67.5 1 0.45
201062 1.01523 48 67.5 1 0.45
200967 1.00242 27 0 1 0
200967 1.00242 33 0 1 0
200967 1.00242 30 0 1 0
200967 1.00242 24 0 1 0
200967 1.00242 60 0 1 0
200967 1.00242 48 0 1 0
200967 1.00242 36 0 1 0
200967 1.00242 100 0 1 0
200967 1.00242 42 0 1 0
200692 1.05737 48 85 -0.6 0
200692 1.05737 33 85 -0.6 0
200692 1.05737 60 85 -0.6 0
200692 1.05737 42 85 -0.6 0
200692 1.05737 24 85 -0.6 0
200692 1.05737 100 85 -0.6 0
200692 1.05737 30 85 -0.6 0
200692 1.05737 27 85 -0.6 0
200692 1.05737 36 85 -0.6 0
200379 1.00154 27 0 1 -10
200379 1.00154 30 0 1 -10
200379 1.00154 33 0 1 -10
200379 1.00154 48 0 1 -10
200379 1.00154 36 0 1 -10
200379 1.00154 42 0 1 -10
200199 1.03534 100 75 1 0.6
200199 1.03534 24 75 1 0.6
200199 1.03534 36 75 1 0.6
200199 1.03534 33 75 1 0.6
200199 1.03534 60 75 1 0.6
200199 1.03534 30 75 1 0.6
200199 1.03534 42 75 1 0.6
200199 1.03534 27 75 1 0.6
200199 1.03534 48 75 1 0.6
200147 1.00175 48 45 10 -0.3
200147 1.00175 60 45 10 -0.3
200147 1.00175 100 45 10 -0.3
200106 1.03715 36 45 -0.4 0.3
200106 1.03715 100 45 -0.4 0.3
200106 1.03715 33 45 -0.4 0.3
200106 1.03715 48 45 -0.4 0.3
200106 1.03715 27 45 -0.4 0.3
200106 1.03715 24 45 -0.4 0.3
200106 1.03715 42 45 -0.4 0.3
200106 1.03715 30 45 -0.4 0.3
200106 1.03715 60 45 -0.4 0.3
200104 1.00268 30 60 10 -10
200104 1.00268 30 60 10 -0.3
199924 1.01407 36 55 1 0.45
199924 1.01407 24 60 1 0.45
199924 1.01407 24 55 1 0.45
199924 1.01407 60 55 1 0.45
199924 1.01407 100 60 1 0.45
199924 1.01407 60 60 1 0.45
199924 1.01407 27 0 1 0.45
199924 1.01407 27 55 1 0.45
199924 1.01407 42 60 1 0.45
199924 1.01407 30 0 1 0.45
199924 1.01407 36 60 1 0.45
199924 1.01407 33 60 1 0.45
199924 1.01407 48 60 1 0.45
199924 1.01407 24 0 1 0.45
199924 1.01407 33 55 1 0.45
199924 1.01407 48 0 1 0.45
199924 1.01407 30 60 1 0.45
199924 1.01407 100 55 1 0.45
199924 1.01407 27 60 1 0.45
199924 1.01407 42 0 1 0.45
199924 1.01407 42 55 1 0.45
199924 1.01407 100 0 1 0.45
199924 1.01407 30 55 1 0.45
199924 1.01407 60 0 1 0.45
199924 1.01407 48 55 1 0.45
199924 1.01407 33 0 1 0.45
199924 1.01407 36 0 1 0.45
199875 1.01533 36 45 0.8 0.45
199875 1.01533 48 45 0.8 0.45
199875 1.01533 27 45 0.8 0.45
199875 1.01533 42 45 0.8 0.45
199875 1.01533 60 45 0.8 0.45
199875 1.01533 33 45 0.8 0.45
199875 1.01533 100 45 0.8 0.45
199875 1.01533 30 45 0.8 0.45
199875 1.01533 24 45 0.8 0.45
199636 1.06763 12 45 -1.2 -0.15
199607 1.00269 33 60 10 0
199607 1.00269 36 60 10 0
199583 1.01891 27 70 0.6 0.45
199583 1.01891 30 70 0.6 0.45
199583 1.01891 42 70 0.6 0.45
199583 1.01891 60 70 0.6 0.45
199583 1.01891 100 70 0.6 0.45
199583 1.01891 48 70 0.6 0.45
199583 1.01891 33 70 0.6 0.45
199583 1.01891 24 70 0.6 0.45
199583 1.01891 36 70 0.6 0.45
199399 1.00266 24 60 10 -10
199399 1.00266 24 60 10 -0.3
199399 1.00266 27 60 10 -10
199399 1.00266 27 60 10 -0.3
199320 1.00925 100 60 10 0.45
199320 1.00925 42 60 10 0.45
199320 1.00925 48 60 10 0.45
199320 1.00925 60 60 10 0.45
198847 1.01444 33 65 1 0.45
198847 1.01444 60 65 1 0.45
198847 1.01444 30 65 1 0.45
198847 1.01444 100 65 1 0.45
198847 1.01444 24 65 1 0.45
198847 1.01444 42 65 1 0.45
198847 1.01444 36 65 1 0.45
198847 1.01444 27 65 1 0.45
198847 1.01444 48 65 1 0.45
198846 1.00328 12 60 1 -0.3
198846 1.00328 12 60 1 -10
198724 1.07287 100 75 -1 0.3
198724 1.07287 42 72.5 -1 0.3
198724 1.07287 60 75 -1 0.3
198724 1.07287 27 75 -1 0.3
198724 1.06752 36 75 -1 0.15
198724 1.07287 30 75 -1 0.3
198724 1.07287 24 72.5 -1 0.3
198724 1.07287 24 75 -1 0.3
198724 1.07287 60 72.5 -1 0.3
198724 1.06752 27 75 -1 0.15
198724 1.06752 30 75 -1 0.15
198724 1.07287 27 72.5 -1 0.3
198724 1.06752 24 75 -1 0.15
198724 1.07287 36 72.5 -1 0.3
198724 1.07287 30 72.5 -1 0.3
198724 1.06752 33 75 -1 0.15
198724 1.07287 33 72.5 -1 0.3
198724 1.07287 48 72.5 -1 0.3
198724 1.07287 48 75 -1 0.3
198724 1.07287 36 75 -1 0.3
198724 1.07287 42 75 -1 0.3
198724 1.07287 33 75 -1 0.3
198724 1.06752 48 75 -1 0.15
198724 1.06752 42 75 -1 0.15
198724 1.07287 100 72.5 -1 0.3
198724 1.06752 60 75 -1 0.15
198724 1.06752 100 75 -1 0.15
198696 1.0165 42 60 10 0.6
198696 1.0165 60 60 10 0.6
198696 1.0165 100 60 10 0.6
198696 1.0165 48 60 10 0.6
198475 1.00588 12 45 10 0.3
198267 1.07264 33 55 -1 0.3
198267 1.07264 42 60 -1 0.3
198267 1.0673 42 55 -1 0.15
198267 1.0673 33 55 -1 0.15
198267 1.07264 100 60 -1 0.3
198267 1.07264 36 55 -1 0.3
198267 1.07264 24 60 -1 0.3
198267 1.0673 42 60 -1 0.15
198267 1.0673 27 55 -1 0.15
198267 1.0673 36 55 -1 0.15
198267 1.07264 48 55 -1 0.3
198267 1.07264 100 55 -1 0.3
198267 1.0673 42 0 -1 0.15
198267 1.0673 48 55 -1 0.15
198267 1.0673 100 55 -1 0.15
198267 1.07264 42 0 -1 0.3
198267 1.0673 24 60 -1 0.15
198267 1.07264 33 0 -1 0.3
198267 1.0673 33 0 -1 0.15
198267 1.0673 60 60 -1 0.15
198267 1.07264 30 60 -1 0.3
198267 1.07264 27 0 -1 0.3
198267 1.07264 30 55 -1 0.3
198267 1.0673 33 60 -1 0.15
198267 1.0673 30 60 -1 0.15
198267 1.0673 30 55 -1 0.15
198267 1.07264 48 60 -1 0.3
198267 1.0673 100 0 -1 0.15
198267 1.0673 60 55 -1 0.15
198267 1.07264 33 60 -1 0.3
198267 1.07264 60 55 -1 0.3
198267 1.07264 27 60 -1 0.3
198267 1.07264 100 0 -1 0.3
198267 1.07264 24 55 -1 0.3
198267 1.07264 48 0 -1 0.3
198267 1.0673 24 55 -1 0.15
198267 1.07264 24 0 -1 0.3
198267 1.0673 36 0 -1 0.15
198267 1.0673 60 0 -1 0.15
198267 1.0673 36 60 -1 0.15
198267 1.07264 60 0 -1 0.3
198267 1.0673 30 0 -1 0.15
198267 1.07264 30 0 -1 0.3
198267 1.0673 24 0 -1 0.15
198267 1.0673 48 60 -1 0.15
198267 1.07264 36 0 -1 0.3
198267 1.0673 27 60 -1 0.15
198267 1.07264 60 60 -1 0.3
198267 1.0673 48 0 -1 0.15
198267 1.0673 27 0 -1 0.15
198267 1.0673 100 60 -1 0.15
198267 1.07264 42 55 -1 0.3
198267 1.07264 27 55 -1 0.3
198267 1.07264 36 60 -1 0.3
198167 1.00172 100 45 10 -10
198167 1.00172 48 45 10 -10
198167 1.00172 60 45 10 -10
197841 1.03721 100 60 -1 -10
197841 1.03721 30 60 -1 -10
197841 1.03721 27 60 -1 -10
197841 1.03721 36 60 -1 -10
197841 1.03721 60 60 -1 -10
197841 1.03721 48 60 -1 -10
197841 1.03721 33 60 -1 -10
197841 1.03721 42 60 -1 -10
197841 1.03721 24 60 -1 -10
197431 1.0517 100 72.5 -0.6 0.3
197431 1.0517 27 72.5 -0.6 0.3
197431 1.0517 36 72.5 -0.6 0.3
197431 1.0517 60 72.5 -0.6 0.3
197431 1.0517 48 72.5 -0.6 0.3
197431 1.0517 24 72.5 -0.6 0.3
197431 1.0517 42 72.5 -0.6 0.3
197431 1.0517 33 72.5 -0.6 0.3
197431 1.0517 30 72.5 -0.6 0.3
197293 1.03461 100 45 0.8 0.6
197293 1.03461 33 45 0.8 0.6
197293 1.03461 42 45 0.8 0.6
197293 1.03461 48 45 0.8 0.6
197293 1.03461 36 45 0.8 0.6
197293 1.03461 60 45 0.8 0.6
197293 1.03461 24 45 0.8 0.6
197293 1.03461 27 45 0.8 0.6
197293 1.03461 30 45 0.8 0.6
197241 1.02475 42 75 10 0.6
197241 1.02475 36 75 10 0.6
197241 1.02475 30 75 10 0.6
197241 1.02475 33 75 10 0.6
197241 1.02475 60 75 10 0.6
197241 1.02475 27 75 10 0.6
197241 1.02475 100 75 10 0.6
197241 1.02475 24 75 10 0.6
197241 1.02475 48 75 10 0.6
197194 1.00174 30 45 10 -10
197158 1.00286 12 55 1 -10
197000 1.0416 60 70 0.6 0.6
197000 1.0416 33 70 0.6 0.6
197000 1.0416 100 67.5 0.6 0.6
197000 1.0416 30 70 0.6 0.6
197000 1.0416 48 67.5 0.6 0.6
197000 1.0416 36 70 0.6 0.6
197000 1.0416 100 70 0.6 0.6
197000 1.0416 60 67.5 0.6 0.6
197000 1.0416 24 67.5 0.6 0.6
197000 1.0416 33 67.5 0.6 0.6
197000 1.0416 30 67.5 0.6 0.6
197000 1.0416 24 70 0.6 0.6
197000 1.0416 36 67.5 0.6 0.6
197000 1.0416 42 70 0.6 0.6
197000 1.0416 42 67.5 0.6 0.6
197000 1.0416 27 70 0.6 0.6
197000 1.0416 48 70 0.6 0.6
197000 1.0416 27 67.5 0.6 0.6
196882 1.01014 30 65 10 0.45
196516 1.05135 30 75 -0.6 0.3
196516 1.05135 33 75 -0.6 0.3
196516 1.05135 27 75 -0.6 0.3
196516 1.05135 48 75 -0.6 0.3
196516 1.05135 100 75 -0.6 0.3
196516 1.05135 24 75 -0.6 0.3
196516 1.05135 36 75 -0.6 0.3
196516 1.05135 60 75 -0.6 0.3
196516 1.05135 42 75 -0.6 0.3
196405 1.0388 60 60 -1 -0.3
196405 1.0388 42 60 -1 -0.3
196405 1.0388 27 60 -1 -0.3
196405 1.0388 100 60 -1 -0.3
196405 1.0388 33 60 -1 -0.3
196405 1.0388 36 60 -1 -0.3
196405 1.0388 48 60 -1 -0.3
196405 1.0388 24 60 -1 -0.3
196405 1.0388 30 60 -1 -0.3
196350 1.00259 60 60 10 -10
196350 1.00259 48 60 10 -0.3
196350 1.00259 42 60 10 -10
196350 1.00259 100 60 10 -10
196350 1.00259 60 60 10 -0.3
196350 1.00259 100 60 10 -0.3
196350 1.00259 42 60 10 -0.3
196350 1.00259 48 60 10 -10
196228 1.0135 27 70 1.4 0.45
196228 1.0135 100 70 1.4 0.45
196228 1.0135 24 70 1.4 0.45
196228 1.0135 48 70 1.4 0.45
196228 1.0135 36 70 1.4 0.45
196228 1.0135 42 70 1.4 0.45
196228 1.0135 30 70 1.4 0.45
196228 1.0135 33 70 1.4 0.45
196228 1.0135 60 70 1.4 0.45
196183 1.01007 27 65 10 0.45
196183 1.01007 24 65 10 0.45
196093 1.01773 60 65 0.6 0.45
196093 1.01773 36 65 0.6 0.45
196093 1.01773 27 65 0.6 0.45
196093 1.01773 42 65 0.6 0.45
196093 1.01773 24 65 0.6 0.45
196093 1.01773 48 65 0.6 0.45
196093 1.01773 100 65 0.6 0.45
196093 1.01773 33 65 0.6 0.45
196093 1.01773 30 65 0.6 0.45
195750 1.00305 27 55 10 0.15
195750 1.00305 24 55 10 0.15
195748 1.00272 27 45 10 0.15
195748 1.00272 24 45 10 0.15
195331 1.03492 36 55 -1 -10
195331 1.03492 33 55 -1 -10
195331 1.03492 27 55 -1 -10
195331 1.03492 30 55 -1 -10
195331 1.03492 100 55 -1 -10
195331 1.03492 48 55 -1 -10
195331 1.03492 60 55 -1 -10
195331 1.03492 24 55 -1 -10
195331 1.03492 42 55 -1 -10
195024 1.03915 48 65 0.6 0.6
195024 1.03915 42 65 0.6 0.6
195024 1.03915 27 65 0.6 0.6
195024 1.03915 60 65 0.6 0.6
195024 1.03915 33 65 0.6 0.6
195024 1.03915 36 65 0.6 0.6
195024 1.03915 24 65 0.6 0.6
195024 1.03915 100 65 0.6 0.6
195024 1.03915 30 65 0.6 0.6
194743 1.01322 24 67.5 1.4 0.45
194743 1.01322 100 67.5 1.4 0.45
194743 1.01322 60 67.5 1.4 0.45
194743 1.01322 27 67.5 1.4 0.45
194743 1.01322 36 67.5 1.4 0.45
194743 1.01322 42 67.5 1.4 0.45
194743 1.01322 33 67.5 1.4 0.45
194743 1.01322 48 67.5 1.4 0.45
194743 1.01322 30 67.5 1.4 0.45
194491 1.00253 30 0 10 0.15
193969 1.00238 12 0 1 0
193962 1.01269 48 65 1.4 0.45
193962 1.01269 27 65 1.4 0.45
193962 1.01269 33 65 1.4 0.45
193962 1.01269 42 65 1.4 0.45
193962 1.01269 60 65 1.4 0.45
193962 1.01269 24 65 1.4 0.45
193962 1.01269 36 65 1.4 0.45
193962 1.01269 30 65 1.4 0.45
193962 1.01269 100 65 1.4 0.45
193911 1.03632 33 55 -1 -0.3
193911 1.03632 48 55 -1 -0.3
193911 1.03632 42 55 -1 -0.3
193911 1.03632 24 55 -1 -0.3
193911 1.03632 30 55 -1 -0.3
193911 1.03632 27 55 -1 -0.3
193911 1.03632 60 55 -1 -0.3
193911 1.03632 36 55 -1 -0.3
193911 1.03632 100 55 -1 -0.3
193868 1.05449 60 60 -0.2 0.45
193868 1.05449 60 0 -0.2 0.45
193868 1.05449 30 60 -0.2 0.45
193868 1.05449 100 60 -0.2 0.45
193868 1.05449 60 55 -0.2 0.45
193868 1.05449 36 55 -0.2 0.45
193868 1.05449 48 60 -0.2 0.45
193868 1.05449 33 55 -0.2 0.45
193868 1.05449 48 55 -0.2 0.45
193868 1.05449 24 55 -0.2 0.45
193868 1.05449 24 60 -0.2 0.45
193868 1.05449 27 55 -0.2 0.45
193868 1.05449 100 55 -0.2 0.45
193868 1.05449 42 60 -0.2 0.45
193868 1.05449 27 0 -0.2 0.45
193868 1.05449 48 0 -0.2 0.45
193868 1.05449 36 60 -0.2 0.45
193868 1.05449 36 0 -0.2 0.45
193868 1.05449 24 0 -0.2 0.45
193868 1.05449 42 0 -0.2 0.45
193868 1.05449 100 0 -0.2 0.45
193868 1.05449 33 0 -0.2 0.45
193868 1.05449 42 55 -0.2 0.45
193868 1.05449 30 55 -0.2 0.45
193868 1.05449 30 0 -0.2 0.45
193868 1.05449 27 60 -0.2 0.45
193868 1.05449 33 60 -0.2 0.45
193574 1.03808 33 45 -0.8 0
193574 1.03808 60 45 -0.8 0
193574 1.03808 27 45 -0.8 0
193574 1.03808 30 45 -0.8 0
193574 1.03808 24 45 -0.8 0
193574 1.03808 100 45 -0.8 0
193574 1.03808 42 45 -0.8 0
193574 1.03808 48 45 -0.8 0
193574 1.03808 36 45 -0.8 0
193548 1.00477 33 55 10 0.3
193548 1.00477 36 55 10 0.3
193294 1.00887 36 60 10 0.45
193294 1.00887 33 60 10 0.45
193011 1.00472 100 55 10 0.3
193011 1.00472 42 55 10 0.3
193011 1.00472 48 55 10 0.3
193011 1.00472 60 55 10 0.3
192946 1.00264 42 45 0.8 0
192946 1.00264 60 45 0.8 0
192946 1.00264 36 45 0.8 0
192946 1.00264 48 45 0.8 0
192946 1.00264 33 45 0.8 0
192946 1.00264 30 45 0.8 0
192946 1.00264 27 45 0.8 0
192946 1.00264 100 45 0.8 0
192946 1.00264 24 45 0.8 0
192690 1.01584 36 60 10 0.6
192690 1.01584 33 60 10 0.6
192368 1.05393 100 85 -0.6 -0.45
192368 1.05393 33 85 -0.6 -0.3
192368 1.05393 36 85 -0.6 -0.45
192368 1.05393 36 85 -0.6 -0.15
192368 1.05393 36 85 -0.6 -0.3
192368 1.05393 24 85 -0.6 -0.3
192368 1.05393 24 85 -0.6 -0.15
192368 1.05393 27 85 -0.6 -10
192368 1.05393 30 85 -0.6 -0.3
192368 1.05393 24 85 -0.6 -0.45
192368 1.05393 24 85 -0.6 -10
192368 1.05393 33 85 -0.6 -0.15
192368 1.05393 33 85 -0.6 -0.45
192368 1.05393 30 85 -0.6 -0.15
192368 1.05393 33 85 -0.6 -10
192368 1.05393 27 85 -0.6 -0.3
192368 1.05393 30 85 -0.6 -0.45
192368 1.05393 27 85 -0.6 -0.45
192368 1.05393 30 85 -0.6 -10
192368 1.05393 27 85 -0.6 -0.15
192368 1.05393 60 85 -0.6 -10
192368 1.05393 36 85 -0.6 -10
192368 1.05393 48 85 -0.6 -0.3
192368 1.05393 42 85 -0.6 -0.3
192368 1.05393 42 85 -0.6 -0.15
192368 1.05393 60 85 -0.6 -0.45
192368 1.05393 42 85 -0.6 -0.45
192368 1.05393 42 85 -0.6 -10
192368 1.05393 60 85 -0.6 -0.15
192368 1.05393 100 85 -0.6 -0.15
192368 1.05393 60 85 -0.6 -0.3
192368 1.05393 48 85 -0.6 -10
192368 1.05393 48 85 -0.6 -0.45
192368 1.05393 48 85 -0.6 -0.15
192368 1.05393 100 85 -0.6 -10
192368 1.05393 100 85 -0.6 -0.3
191971 1.00261 36 45 10 0.15
191814 1.06429 27 45 -1.2 0
191814 1.06429 48 45 -1.2 0
191814 1.06429 42 45 -1.2 0
191814 1.06429 36 45 -1.2 0
191814 1.06429 100 45 -1.2 0
191814 1.06429 30 45 -1.2 0
191814 1.06429 24 45 -1.2 0
191814 1.06429 60 45 -1.2 0
191814 1.06429 33 45 -1.2 0
191806 1.00295 30 55 10 0.15
191642 1.00279 42 55 1 0
191642 1.00279 27 55 1 0
191642 1.00279 36 55 1 0
191642 1.00279 60 55 1 0
191642 1.00279 48 55 1 0
191642 1.00279 100 55 1 0
191642 1.00279 24 55 1 0
191642 1.00279 30 55 1 0
191642 1.00279 33 55 1 0
191441 1.00258 42 45 10 0.15
191014 1.10418 12 85 10 0.6
191014 1.10418 12 85 1.4 0.6
191014 1.10418 12 85 0.6 0.6
191014 1.10418 12 85 1 0.6
190408 1.00248 36 60 10 -0.3
190408 1.00248 36 60 10 -10
190408 1.00248 33 60 10 -10
190408 1.00248 33 60 10 -0.3
190168 1.012 27 0 10 0.6
190168 1.012 24 0 10 0.6
190095 1.04169 12 72.5 10 0.6
189872 1.00958 100 65 10 0.45
189872 1.00958 33 65 10 0.45
189872 1.00958 36 65 10 0.45
189872 1.00958 48 65 10 0.45
189872 1.00958 60 65 10 0.45
189872 1.00958 42 65 10 0.45
189815 1.00107 36 0 10 -10
189716 1.00237 48 0 10 0.15
189716 1.00237 60 0 10 0.15
189716 1.00237 100 0 10 0.15
189702 1.00109 24 0 10 -10
189361 1.0321 36 0 -1 -10
189361 1.0321 42 0 -1 -10
189361 1.0321 30 0 -1 -10
189361 1.0321 33 0 -1 -10
189361 1.0321 60 0 -1 -10
189361 1.0321 27 0 -1 -10
189361 1.0321 48 0 -1 -10
189361 1.0321 24 0 -1 -10
189361 1.0321 100 0 -1 -10
189145 1.05755 24 75 -1 0
189145 1.05755 27 75 -1 -10
189145 1.05755 27 75 -1 -0.3
189145 1.05755 27 75 -1 0
189145 1.05755 60 75 -1 -10
189145 1.05755 24 75 -1 -0.3
189145 1.05755 24 75 -1 -10
189145 1.05755 48 75 -1 -10
189145 1.05755 48 75 -1 -0.3
189145 1.05755 48 75 -1 0
189145 1.05755 33 75 -1 -10
189145 1.05755 33 75 -1 -0.3
189145 1.05755 33 75 -1 0
189145 1.05755 60 75 -1 -0.3
189145 1.05755 60 75 -1 0
189145 1.05755 42 75 -1 -10
189145 1.05755 42 75 -1 -0.3
189145 1.05755 42 75 -1 0
189145 1.05755 100 75 -1 0
189145 1.05755 36 75 -1 0
189145 1.05755 100 75 -1 -10
189145 1.05755 36 75 -1 -0.3
189145 1.05755 30 75 -1 -10
189145 1.05755 30 75 -1 -0.3
189145 1.05755 36 75 -1 -10
189145 1.05755 30 75 -1 0
189145 1.05755 100 75 -1 -0.3
189101 1.01264 30 45 10 0.6
188756 1.04618 12 67.5 1 0.6
188756 1.04618 12 70 1 0.6
188756 1.04618 12 72.5 1 0.6
187984 1.03331 36 0 -1 -0.3
187984 1.03331 33 0 -1 -0.3
187984 1.03331 100 0 -1 -0.3
187984 1.03331 60 0 -1 -0.3
187984 1.03331 30 0 -1 -0.3
187984 1.03331 42 0 -1 -0.3
187984 1.03331 48 0 -1 -0.3
187984 1.03331 27 0 -1 -0.3
187984 1.03331 24 0 -1 -0.3
187536 1.03453 12 67.5 10 0.6
186861 1.00178 100 45 10 0
186861 1.00178 48 45 10 0
186861 1.00178 60 45 10 0
186553 1.04067 12 67.5 1.4 0.6
186553 1.04067 12 70 1.4 0.6
186511 1.01139 36 0 10 0.6
186445 1.00725 27 45 10 0.45
186445 1.00725 24 45 10 0.45
186053 1.00106 27 0 10 -10
185994 1.0112 100 0 10 0.6
185994 1.0112 60 0 10 0.6
185994 1.0112 42 0 10 0.6
185994 1.0112 48 0 10 0.6
185953 1.00179 30 45 10 0
185926 1.00278 12 55 1 0
184736 1.0382 12 70 10 0.6
184298 1.0468 27 65 -0.6 0.3
184298 1.0468 42 0 -0.6 0.3
184298 1.0468 42 70 -0.6 0.3
184298 1.0468 36 67.5 -0.6 0.3
184298 1.0468 33 0 -0.6 0.3
184298 1.0468 24 55 -0.6 0.3
184298 1.0468 30 65 -0.6 0.3
184298 1.0468 60 60 -0.6 0.3
184298 1.0468 24 65 -0.6 0.3
184298 1.0468 60 55 -0.6 0.3
184298 1.0468 33 60 -0.6 0.3
184298 1.0468 48 55 -0.6 0.3
184298 1.0468 100 70 -0.6 0.3
184298 1.0468 36 60 -0.6 0.3
184298 1.0468 100 60 -0.6 0.3
184298 1.0468 36 65 -0.6 0.3
184298 1.0468 48 70 -0.6 0.3
184298 1.0468 36 70 -0.6 0.3
184298 1.0468 24 70 -0.6 0.3
184298 1.0468 100 0 -0.6 0.3
184298 1.0468 30 67.5 -0.6 0.3
184298 1.0468 100 65 -0.6 0.3
184298 1.0468 33 70 -0.6 0.3
184298 1.0468 42 60 -0.6 0.3
184298 1.0468 27 70 -0.6 0.3
184298 1.0468 42 67.5 -0.6 0.3
184298 1.0468 27 60 -0.6 0.3
184298 1.0468 60 67.5 -0.6 0.3
184298 1.0468 24 0 -0.6 0.3
184298 1.0468 60 65 -0.6 0.3
184298 1.0468 30 70 -0.6 0.3
184298 1.0468 48 67.5 -0.6 0.3
184298 1.0468 24 60 -0.6 0.3
184298 1.0468 100 67.5 -0.6 0.3
184298 1.0468 27 55 -0.6 0.3
184298 1.0468 100 55 -0.6 0.3
184298 1.0468 60 70 -0.6 0.3
184298 1.0468 60 0 -0.6 0.3
184298 1.0468 27 67.5 -0.6 0.3
184298 1.0468 33 67.5 -0.6 0.3
184298 1.0468 48 0 -0.6 0.3
184298 1.0468 30 60 -0.6 0.3
184298 1.0468 27 0 -0.6 0.3
184298 1.0468 30 55 -0.6 0.3
184298 1.0468 42 55 -0.6 0.3
184298 1.0468 36 55 -0.6 0.3
184298 1.0468 33 55 -0.6 0.3
184298 1.0468 36 0 -0.6 0.3
184298 1.0468 30 0 -0.6 0.3
184298 1.0468 33 65 -0.6 0.3
184298 1.0468 42 65 -0.6 0.3
184298 1.0468 48 60 -0.6 0.3
184298 1.0468 48 65 -0.6 0.3
184298 1.0468 24 67.5 -0.6 0.3
184155 1.04411 12 45 -1.2 -0.3
183220 1.01522 12 72.5 10 0.45
182861 1.00691 27 0 10 0.45
182861 1.00691 24 0 10 0.45
182840 1.00694 36 45 10 0.45
182349 1.00153 30 0 10 0
182323 1.00686 100 45 10 0.45
182323 1.00686 48 45 10 0.45
182323 1.00686 60 45 10 0.45
182323 1.00686 42 45 10 0.45
181801 1.0027 12 0 10 0.15
181627 1.00562 12 60 10 0.3
181609 1.0112 33 0 10 0.6
181542 1.01388 24 75 1 0.45
181542 1.01388 100 75 1 0.45
181542 1.01388 33 75 1 0.45
181542 1.01388 30 75 1 0.45
181542 1.01388 60 75 1 0.45
181542 1.01388 36 75 1 0.45
181542 1.01388 27 75 1 0.45
181542 1.01388 48 75 1 0.45
181542 1.01388 42 75 1 0.45
180973 1.01336 27 55 10 0.6
180973 1.01336 24 55 10 0.6
180783 1.00337 12 60 10 0.15
180543 1.07954 12 85 -0.6 0.15
180213 1.09201 42 45 -0.4 0.6
180213 1.09201 30 45 -0.4 0.6
180213 1.09201 100 45 -0.4 0.6
180213 1.09201 48 45 -0.4 0.6
180213 1.09201 60 45 -0.4 0.6
180213 1.09201 27 45 -0.4 0.6
180213 1.09201 24 45 -0.4 0.6
180213 1.09201 36 45 -0.4 0.6
180213 1.09201 33 45 -0.4 0.6
180166 1.03779 12 45 -1.2 -0.45
180166 1.03779 12 45 -1.2 -10
179567 1.00266 36 55 10 0.15
179567 1.00266 33 55 10 0.15
179473 1.0025 12 60 10 -0.3
179473 1.0025 12 60 10 -10
179336 1.00662 36 0 10 0.45
179126 1.00216 12 55 10 -10
179078 1.07038 30 85 -0.6 0.3
179078 1.07038 42 85 -0.6 0.3
179078 1.07038 27 85 -0.6 0.3
179078 1.07038 33 85 -0.6 0.3
179078 1.07038 36 85 -0.6 0.3
179078 1.07038 48 85 -0.6 0.3
179078 1.07038 24 85 -0.6 0.3
179078 1.07038 100 85 -0.6 0.3
179078 1.07038 60 85 -0.6 0.3
179065 1.00263 60 55 10 0.15
179065 1.00263 42 55 10 0.15
179065 1.00263 48 55 10 0.15
179065 1.00263 100 55 10 0.15
178924 1.01401 12 70 10 0.45
178846 1.00654 100 0 10 0.45
178846 1.00654 42 0 10 0.45
178846 1.00654 60 0 10 0.45
178846 1.00654 48 0 10 0.45
178582 1.00152 27 45 10 -10
178582 1.00152 24 45 10 -10
178377 1.02876 12 65 10 0.6
178337 1.01165 24 45 10 0.6
178337 1.01165 27 45 10 0.6
178139 1.01641 12 72.5 1 0.45
178085 1.0911 60 75 -0.2 0.6
178085 1.0911 48 60 -0.2 0.6
178085 1.0911 27 55 -0.2 0.6
178085 1.0911 42 55 -0.2 0.6
178085 1.0911 27 0 -0.2 0.6
178085 1.0911 24 75 -0.2 0.6
178085 1.0911 48 72.5 -0.2 0.6
178085 1.0911 42 72.5 -0.2 0.6
178085 1.0911 36 72.5 -0.2 0.6
178085 1.0911 36 55 -0.2 0.6
178085 1.0911 33 0 -0.2 0.6
178085 1.0911 100 55 -0.2 0.6
178085 1.0911 27 60 -0.2 0.6
178085 1.0911 100 72.5 -0.2 0.6
178085 1.0911 42 60 -0.2 0.6
178085 1.0911 36 60 -0.2 0.6
178085 1.0911 30 72.5 -0.2 0.6
178085 1.0911 30 0 -0.2 0.6
178085 1.0911 33 55 -0.2 0.6
178085 1.0911 24 60 -0.2 0.6
178085 1.0911 60 60 -0.2 0.6
178085 1.0911 27 72.5 -0.2 0.6
178085 1.0911 33 72.5 -0.2 0.6
178085 1.0911 30 55 -0.2 0.6
178085 1.0911 24 55 -0.2 0.6
178085 1.0911 27 75 -0.2 0.6
178085 1.0911 60 55 -0.2 0.6
178085 1.0911 30 75 -0.2 0.6
178085 1.0911 42 75 -0.2 0.6
178085 1.0911 24 0 -0.2 0.6
178085 1.0911 100 75 -0.2 0.6
178085 1.0911 42 0 -0.2 0.6
178085 1.0911 30 60 -0.2 0.6
178085 1.0911 48 75 -0.2 0.6
178085 1.0911 36 75 -0.2 0.6
178085 1.0911 33 60 -0.2 0.6
178085 1.0911 36 0 -0.2 0.6
178085 1.0911 48 55 -0.2 0.6
178085 1.0911 33 75 -0.2 0.6
178085 1.0911 60 0 -0.2 0.6
178085 1.0911 100 0 -0.2 0.6
178085 1.0911 100 60 -0.2 0.6
178085 1.0911 60 72.5 -0.2 0.6
178085 1.0911 48 0 -0.2 0.6
178085 1.0911 24 72.5 -0.2 0.6
177918 1.03919 12 60 -1 -0.15
177871 1.00143 48 0 10 0
177812 1.00166 12 45 10 -10
177722 1.0163 12 70 1 0.45
177325 1.01276 30 55 10 0.6
177300 1.00758 27 55 10 0.45
177300 1.00758 24 55 10 0.45
177286 1.00195 27 55 10 -10
177286 1.00195 24 55 10 -10
177122 1.01492 12 0 1 0.45
177122 1.01492 12 55 1 0.45
177122 1.01492 12 60 1 0.45
177074 1.03463 12 60 -1 -10
176733 1.00232 33 45 10 0.15
176134 1.00221 24 0 10 0.15
176134 1.00221 27 0 10 0.15
175784 1.03626 12 60 -1 -0.3
175784 1.03626 12 60 -1 -0.45
175654 1.03628 12 55 -1 -0.15
175654 1.03628 12 0 -1 -0.15
175645 1.03094 12 55 -1 -10
175247 1.01531 12 65 1 0.45
175145 1.00145 36 45 10 -10
174889 1.01103 36 45 10 0.6
174654 1.00144 42 45 10 -10
174562 1.011 36 75 10 0.45
174562 1.011 100 75 10 0.45
174562 1.011 27 75 10 0.45
174562 1.011 42 75 10 0.45
174562 1.011 24 75 10 0.45
174562 1.011 48 75 10 0.45
174562 1.011 60 75 10 0.45
174562 1.011 33 75 10 0.45
174562 1.011 30 75 10 0.45
174561 1.00269 12 45 10 0.15
174501 1.12427 12 85 -0.6 0.3
174407 1.01084 100 45 10 0.6
174407 1.01084 48 45 10 0.6
174407 1.01084 60 45 10 0.6
174407 1.01084 42 45 10 0.6
174370 1.03221 12 55 -1 -0.45
173768 1.00516 12 55 10 0.3
173723 1.00728 30 55 10 0.45
173705 1.00188 30 55 10 -10
173548 1.03365 12 55 -1 -0.3
173517 1.05375 12 72.5 -0.6 0.3
173221 1.00232 12 45 0.8 0
172819 1.01239 36 55 10 0.6
172819 1.01239 33 55 10 0.6
172745 1.0021 36 0 10 0.15
172713 1.05327 12 75 -0.6 0.3
172596 1.06586 12 85 -0.6 0
172434 1.00132 12 0 1 -10
172336 1.01214 42 55 10 0.6
172336 1.01214 100 55 10 0.6
172336 1.01214 60 55 10 0.6
172336 1.01214 48 55 10 0.6
172179 1.0431 12 75 1 0.6
171730 1.03672 12 45 -0.4 0.3
171680 1.04038 12 45 0.8 0.6
171546 1.04201 12 0 -1 0
171546 1.04201 12 60 -1 0
171546 1.04201 12 55 -1 0
171536 1.02908 36 85 0.6 0.45
171536 1.02908 30 85 0.6 0.45
171536 1.02908 100 85 0.6 0.45
171536 1.02908 42 85 0.6 0.45
171536 1.02908 24 85 0.6 0.45
171536 1.02908 48 85 0.6 0.45
171536 1.02908 27 85 0.6 0.45
171536 1.02908 60 85 0.6 0.45
171536 1.02908 33 85 0.6 0.45
171477 1.01396 12 70 1.4 0.45
171388 1.03806 12 75 10 0.6
171379 1.04899 12 70 0.6 0.6
171379 1.04899 12 67.5 0.6 0.6
170293 1.01082 33 45 10 0.6
169667 1.04506 12 65 0.6 0.6
169267 1.00279 12 55 10 0.15
169183 1.12709 48 45 -0.8 0.6
169183 1.12709 24 45 -0.8 0.6
169183 1.12709 30 45 -0.8 0.6
169183 1.12709 27 45 -0.8 0.6
169183 1.12709 100 45 -0.8 0.6
169183 1.12709 60 45 -0.8 0.6
169183 1.12709 33 45 -0.8 0.6
169183 1.12709 42 45 -0.8 0.6
169183 1.12709 36 45 -0.8 0.6
168406 1.00154 27 45 10 0
168406 1.00154 24 45 10 0
168330 1.0062 33 45 10 0.45
168201 1.00232 12 60 10 0
168138 1.07515 12 45 -1.2 0
167902 1.00604 33 0 10 0.45
167503 1.0244 30 85 10 0.45
167503 1.0244 60 85 1 0.45
167503 1.0244 33 85 1 0.45
167503 1.0244 100 85 1 0.45
167503 1.0244 24 85 1 0.45
167503 1.0244 30 85 1 0.45
167503 1.0244 42 85 1 0.45
167503 1.0244 42 85 1.4 0.45
167503 1.0244 60 85 1.4 0.45
167503 1.0244 33 85 1.4 0.45
167503 1.0244 24 85 1.4 0.45
167503 1.0244 30 85 1.4 0.45
167503 1.0244 100 85 10 0.45
167503 1.0244 27 85 10 0.45
167503 1.0244 36 85 1 0.45
167503 1.0244 27 85 1.4 0.45
167503 1.0244 36 85 10 0.45
167503 1.0244 36 85 1.4 0.45
167503 1.0244 60 85 10 0.45
167503 1.0244 100 85 1.4 0.45
167503 1.0244 48 85 10 0.45
167503 1.0244 27 85 1 0.45
167503 1.0244 42 85 10 0.45
167503 1.0244 24 85 10 0.45
167503 1.0244 48 85 1 0.45
167503 1.0244 33 85 10 0.45
167503 1.0244 48 85 1.4 0.45
167207 1.00195 42 0 10 0.15
167049 1.02418 12 60 10 0.6
166534 1.02848 12 0 -1 -0.3
166469 1.02581 12 0 -1 -10
165435 1.06044 12 85 -0.6 -0.3
165435 1.06044 12 85 -0.6 -10
165404 1.00182 24 55 10 0
165404 1.00182 27 55 10 0
165332 1.01743 12 70 0.6 0.45
165260 1.02674 12 0 -1 -0.45
165153 1.00147 36 45 10 0
165129 1.00131 24 0 10 0
165129 1.00131 27 0 10 0
164684 1.00145 42 45 10 0
164097 1.08516 36 55 -1 0.45
164097 1.17988 24 75 -1 0.6
164097 1.17988 33 75 -1 0.6
164097 1.08516 42 55 -1 0.45
164097 1.17988 27 72.5 -1 0.6
164097 1.17988 30 75 -1 0.6
164097 1.08516 42 75 -1 0.45
164097 1.08516 24 75 -1 0.45
164097 1.08516 27 60 -1 0.45
164097 1.17988 27 0 -1 0.6
164097 1.17988 30 60 -1 0.6
164097 1.17988 48 72.5 -1 0.6
164097 1.17988 27 60 -1 0.6
164097 1.17988 24 72.5 -1 0.6
164097 1.08516 30 60 -1 0.45
164097 1.17988 33 0 -1 0.6
164097 1.08516 48 55 -1 0.45
164097 1.08516 36 75 -1 0.45
164097 1.17988 60 75 -1 0.6
164097 1.17988 36 60 -1 0.6
164097 1.08516 27 0 -1 0.45
164097 1.17988 36 0 -1 0.6
164097 1.17988 36 75 -1 0.6
164097 1.17988 60 72.5 -1 0.6
164097 1.08516 60 75 -1 0.45
164097 1.08516 33 55 -1 0.45
164097 1.08516 33 0 -1 0.45
164097 1.17988 33 55 -1 0.6
164097 1.08516 100 55 -1 0.45
164097 1.08516 33 75 -1 0.45
164097 1.08516 60 55 -1 0.45
164097 1.08516 100 60 -1 0.45
164097 1.17988 48 60 -1 0.6
164097 1.17988 24 60 -1 0.6
164097 1.17988 48 55 -1 0.6
164097 1.08516 48 60 -1 0.45
164097 1.17988 100 55 -1 0.6
164097 1.17988 100 0 -1 0.6
164097 1.17988 100 72.5 -1 0.6
164097 1.08516 33 60 -1 0.45
164097 1.08516 27 55 -1 0.45
164097 1.08516 36 60 -1 0.45
164097 1.17988 48 0 -1 0.6
164097 1.08516 24 60 -1 0.45
164097 1.17988 27 55 -1 0.6
164097 1.17988 100 60 -1 0.6
164097 1.08516 36 0 -1 0.45
164097 1.17988 30 55 -1 0.6
164097 1.17988 42 55 -1 0.6
164097 1.17988 42 75 -1 0.6
164097 1.08516 30 55 -1 0.45
164097 1.17988 60 55 -1 0.6
164097 1.08516 30 0 -1 0.45
164097 1.17988 36 72.5 -1 0.6
164097 1.08516 42 0 -1 0.45
164097 1.17988 33 60 -1 0.6
164097 1.17988 42 0 -1 0.6
164097 1.17988 30 0 -1 0.6
164097 1.08516 60 0 -1 0.45
164097 1.08516 30 75 -1 0.45
164097 1.17988 60 0 -1 0.6
164097 1.17988 24 0 -1 0.6
164097 1.17988 100 75 -1 0.6
164097 1.08516 27 75 -1 0.45
164097 1.17988 36 55 -1 0.6
164097 1.17988 27 75 -1 0.6
164097 1.08516 48 0 -1 0.45
164097 1.08516 100 75 -1 0.45
164097 1.08516 42 60 -1 0.45
164097 1.08516 100 0 -1 0.45
164097 1.08516 24 0 -1 0.45
164097 1.08516 60 60 -1 0.45
164097 1.17988 42 60 -1 0.6
164097 1.08516 24 55 -1 0.45
164097 1.17988 24 55 -1 0.6
164097 1.17988 48 75 -1 0.6
164097 1.17988 33 72.5 -1 0.6
164097 1.17988 42 72.5 -1 0.6
164097 1.08516 48 75 -1 0.45
164097 1.17988 60 60 -1 0.6
164097 1.17988 30 72.5 -1 0.6
163490 1.0214 12 0 10 0.6
162800 1.03348 12 45 -0.8 0
162637 1.0065 36 55 10 0.45
162637 1.0065 33 55 10 0.45
162627 1.00167 33 55 10 -10
162627 1.00167 36 55 10 -10
162525 1.0019 33 0 10 0.15
162179 1.00642 100 55 10 0.45
162179 1.00642 48 55 10 0.45
162179 1.00642 42 55 10 0.45
162179 1.00642 60 55 10 0.45
162171 1.00165 100 55 10 -10
162171 1.00165 48 55 10 -10
162171 1.00165 42 55 10 -10
162171 1.00165 60 55 10 -10
162068 1.00174 30 55 10 0
161975 1.04699 12 0 -0.6 0.3
161975 1.04699 12 67.5 -0.6 0.3
161975 1.04699 12 70 -0.6 0.3
161975 1.04699 12 65 -0.6 0.3
161975 1.04699 12 60 -0.6 0.3
161975 1.04699 12 55 -0.6 0.3
161946 1.00124 36 0 10 0
161354 1.00081 48 0 10 -10
161218 1.00126 33 45 10 -10
160996 1.18413 12 85 -0.6 0.45
160330 1.02077 12 45 10 0.6
160257 1.01343 12 45 0.8 0.45
159689 1.06431 33 45 -1.2 0.3
159689 1.06431 48 45 -1.2 0.3
159689 1.06431 30 45 -1.2 0.3
159689 1.06431 24 45 -1.2 0.3
159689 1.06431 36 45 -1.2 0.3
159689 1.06431 27 45 -1.2 0.3
159689 1.06431 42 45 -1.2 0.3
159689 1.06431 100 45 -1.2 0.3
159689 1.06431 60 45 -1.2 0.3
159098 1.02241 12 55 10 0.6
159018 1.11536 12 55 -0.2 0.6
159018 1.11536 12 60 -0.2 0.6
159018 1.11536 12 72.5 -0.2 0.6
159018 1.11536 12 75 -0.2 0.6
159018 1.11536 12 0 -0.2 0.6
158905 1.01374 12 75 1 0.45
158511 1.13766 12 45 -0.4 0.6
157840 1.09761 60 55 -0.6 0.6
157840 1.09761 42 60 -0.6 0.6
157840 1.09761 27 60 -0.6 0.6
157840 1.09761 36 72.5 -0.6 0.6
157840 1.09761 24 60 -0.6 0.6
157840 1.09761 24 75 -0.6 0.6
157840 1.09761 27 55 -0.6 0.6
157840 1.09761 42 72.5 -0.6 0.6
157840 1.09761 27 72.5 -0.6 0.6
157840 1.09761 60 75 -0.6 0.6
157840 1.09761 27 70 -0.6 0.6
157840 1.09761 27 67.5 -0.6 0.6
157840 1.09761 36 60 -0.6 0.6
157840 1.09761 36 0 -0.6 0.6
157840 1.09761 24 65 -0.6 0.6
157840 1.09761 30 55 -0.6 0.6
157840 1.09761 60 60 -0.6 0.6
157840 1.09761 33 0 -0.6 0.6
157840 1.09761 27 65 -0.6 0.6
157840 1.09761 42 67.5 -0.6 0.6
157840 1.09761 48 55 -0.6 0.6
157840 1.09761 60 72.5 -0.6 0.6
157840 1.09761 42 0 -0.6 0.6
157840 1.09761 27 0 -0.6 0.6
157840 1.09761 33 67.5 -0.6 0.6
157840 1.09761 60 67.5 -0.6 0.6
157840 1.09761 36 67.5 -0.6 0.6
157840 1.09761 100 72.5 -0.6 0.6
157840 1.09761 30 60 -0.6 0.6
157840 1.09761 60 70 -0.6 0.6
157840 1.09761 100 75 -0.6 0.6
157840 1.09761 33 72.5 -0.6 0.6
157840 1.09761 27 75 -0.6 0.6
157840 1.09761 42 75 -0.6 0.6
157840 1.09761 24 72.5 -0.6 0.6
157840 1.09761 33 75 -0.6 0.6
157840 1.09761 36 70 -0.6 0.6
157840 1.09761 33 65 -0.6 0.6
157840 1.09761 24 55 -0.6 0.6
157840 1.09761 42 55 -0.6 0.6
157840 1.09761 100 0 -0.6 0.6
157840 1.09761 36 55 -0.6 0.6
157840 1.09761 48 67.5 -0.6 0.6
157840 1.09761 33 70 -0.6 0.6
157840 1.09761 48 75 -0.6 0.6
157840 1.09761 48 0 -0.6 0.6
157840 1.09761 100 67.5 -0.6 0.6
157840 1.09761 24 70 -0.6 0.6
157840 1.09761 42 70 -0.6 0.6
157840 1.09761 24 67.5 -0.6 0.6
157840 1.09761 33 55 -0.6 0.6
157840 1.09761 30 72.5 -0.6 0.6
157840 1.09761 48 70 -0.6 0.6
157840 1.09761 48 72.5 -0.6 0.6
157840 1.09761 24 0 -0.6 0.6
157840 1.09761 48 60 -0.6 0.6
157840 1.09761 42 65 -0.6 0.6
157840 1.09761 36 65 -0.6 0.6
157840 1.09761 30 65 -0.6 0.6
157840 1.09761 60 0 -0.6 0.6
157840 1.09761 48 65 -0.6 0.6
157840 1.09761 30 0 -0.6 0.6
157840 1.09761 100 65 -0.6 0.6
157840 1.09761 100 60 -0.6 0.6
157840 1.09761 36 75 -0.6 0.6
157840 1.09761 30 67.5 -0.6 0.6
157840 1.09761 60 65 -0.6 0.6
157840 1.09761 30 75 -0.6 0.6
157840 1.09761 100 55 -0.6 0.6
0
328008 44.4444 70 10 0.3