424765 1.10446 100 70 10 0.75
424765 1.10446 48 70 10 0.75
424765 1.10446 24 70 10 0.75
424765 1.10446 60 70 10 0.75
424765 1.10446 36 70 10 0.75
400754 1.1229 36 60 1.4 0.75
400754 1.1229 36 62.5 1.4 0.75
400754 1.1229 60 0 1.4 0.75
400754 1.1229 100 60 1.4 0.75
400754 1.1229 48 0 1.4 0.75
400754 1.1229 60 60 1.4 0.75
400754 1.1229 24 0 1.4 0.75
400754 1.1229 24 60 1.4 0.75
400754 1.1229 36 0 1.4 0.75
400754 1.1229 48 62.5 1.4 0.75
400754 1.1229 48 60 1.4 0.75
400754 1.1229 24 62.5 1.4 0.75
400754 1.1229 100 62.5 1.4 0.75
400754 1.1229 60 62.5 1.4 0.75
400754 1.1229 100 0 1.4 0.75
398037 1.0871 18 50 10 0.75
398037 1.0871 100 45 10 0.75
398037 1.0871 60 45 10 0.75
398037 1.0871 18 52.5 10 0.75
398037 1.0871 48 45 10 0.75
398037 1.0871 18 45 10 0.75
398037 1.0871 24 45 10 0.75
398037 1.0871 36 45 10 0.75
398037 1.0871 18 47.5 10 0.75
397035 1.0868 24 62.5 10 0.75
397035 1.0868 48 62.5 10 0.75
397035 1.0868 60 62.5 10 0.75
397035 1.0868 36 62.5 10 0.75
397035 1.0868 100 62.5 10 0.75
392630 1.08633 18 40 10 0.75
392630 1.08633 18 0 10 0.75
392630 1.08633 60 0 10 0.75
392630 1.08633 100 0 10 0.75
392630 1.08633 24 0 10 0.75
392630 1.08633 36 0 10 0.75
392630 1.08633 48 0 10 0.75
384755 1.08526 24 57.5 10 0.75
384755 1.08526 36 57.5 10 0.75
384755 1.08526 48 57.5 10 0.75
384755 1.08526 18 55 10 0.75
384755 1.08526 60 57.5 10 0.75
384755 1.08526 36 55 10 0.75
384755 1.08526 100 55 10 0.75
384755 1.08526 60 55 10 0.75
384755 1.08526 24 55 10 0.75
384755 1.08526 48 55 10 0.75
384755 1.08526 100 57.5 10 0.75
384220 1.08518 100 60 10 0.75
384220 1.08518 60 60 10 0.75
384220 1.08518 36 60 10 0.75
384220 1.08518 48 60 10 0.75
384220 1.08518 24 60 10 0.75
374727 1.08848 24 65 10 0.75
374727 1.08848 100 65 10 0.75
374727 1.08848 60 65 10 0.75
374727 1.08848 48 65 10 0.75
374727 1.08848 36 65 10 0.75
371664 1.17365 24 75 1 0.75
371664 1.17365 100 75 1 0.75
371664 1.17365 60 75 1 0.75
371664 1.17365 36 75 1 0.75
371664 1.17365 48 75 1 0.75
370531 1.07713 60 62.5 1.4 0.6
370531 1.07713 48 62.5 1.4 0.6
370531 1.07713 24 62.5 1.4 0.6
370531 1.07713 100 62.5 1.4 0.6
370531 1.07713 36 62.5 1.4 0.6
366212 1.12455 18 0 1.4 0.75
366212 1.12455 18 52.5 1.4 0.75
364895 1.09989 48 75 10 0.75
364895 1.09989 100 75 10 0.75
364895 1.09989 60 75 10 0.75
364895 1.09989 24 75 10 0.75
364895 1.09989 36 75 10 0.75
362188 1.06757 60 45 10 0.6
362188 1.06757 100 45 10 0.6
362188 1.06757 24 45 10 0.6
362188 1.06757 48 45 10 0.6
362188 1.06757 36 45 10 0.6
357268 1.06683 36 0 10 0.6
357268 1.06683 100 0 10 0.6
357268 1.06683 60 0 10 0.6
357268 1.06683 24 0 10 0.6
357268 1.06683 48 0 10 0.6
356690 1.16891 36 70 1 0.75
356690 1.16891 48 70 1 0.75
356690 1.16891 60 70 1 0.75
356690 1.16891 24 70 1 0.75
356690 1.16891 100 70 1 0.75
353245 1.06645 18 50 10 0.6
353245 1.06645 18 47.5 10 0.6
350958 1.06605 18 45 10 0.6
349668 1.06598 18 52.5 10 0.6
348988 1.07265 36 70 10 0.6
348988 1.07265 60 70 10 0.6
348988 1.07265 100 70 10 0.6
348988 1.07265 24 70 10 0.6
348988 1.07265 48 70 10 0.6
347700 1.18397 48 62.5 0.6 0.75
347700 1.18397 36 62.5 0.6 0.75
347700 1.18397 36 60 0.6 0.75
347700 1.18397 48 60 0.6 0.75
347700 1.18397 60 62.5 0.6 0.75
347700 1.18397 100 62.5 0.6 0.75
347700 1.18397 24 60 0.6 0.75
347700 1.18397 24 62.5 0.6 0.75
347700 1.18397 60 60 0.6 0.75
347700 1.18397 100 60 0.6 0.75
346175 1.0653 18 40 10 0.6
346175 1.0653 18 0 10 0.6
340975 1.16068 18 45 0.8 0.75
339349 1.08701 18 65 10 0.75
335796 1.14479 18 75 1.4 0.75
333688 1.09203 18 75 1.4 0.6
332537 1.06349 36 57.5 10 0.6
332537 1.06349 100 55 10 0.6
332537 1.06349 60 55 10 0.6
332537 1.06349 48 57.5 10 0.6
332537 1.06349 60 57.5 10 0.6
332537 1.06349 100 57.5 10 0.6
332537 1.06349 24 55 10 0.6
332537 1.06349 24 57.5 10 0.6
332537 1.06349 36 55 10 0.6
332537 1.06349 48 55 10 0.6
332081 1.06342 48 60 10 0.6
332081 1.06342 100 60 10 0.6
332081 1.06342 60 60 10 0.6
332081 1.06342 36 60 10 0.6
332081 1.06342 24 60 10 0.6
328256 1.15601 24 57.5 1 0.75
328256 1.15601 24 60 1 0.75
328256 1.15601 48 55 1 0.75
328256 1.15601 24 65 1 0.75
328256 1.15601 18 50 1 0.75
328256 1.15601 24 55 1 0.75
328256 1.15601 60 65 1 0.75
328256 1.15601 48 60 1 0.75
328256 1.15601 60 55 1 0.75
328256 1.15601 60 57.5 1 0.75
328256 1.15601 18 47.5 1 0.75
328256 1.15601 24 62.5 1 0.75
328256 1.15601 36 0 1 0.75
328256 1.15601 36 57.5 1 0.75
328256 1.15601 48 0 1 0.75
328256 1.15601 24 0 1 0.75
328256 1.15601 36 65 1 0.75
328256 1.15601 100 57.5 1 0.75
328256 1.15601 60 62.5 1 0.75
328256 1.15601 100 55 1 0.75
328256 1.15601 100 62.5 1 0.75
328256 1.15601 36 55 1 0.75
328256 1.15601 36 62.5 1 0.75
328256 1.15601 60 60 1 0.75
328256 1.15601 48 65 1 0.75
328256 1.15601 48 57.5 1 0.75
328256 1.15601 18 55 1 0.75
328256 1.15601 18 40 1 0.75
328256 1.15601 60 0 1 0.75
328256 1.15601 100 60 1 0.75
328256 1.15601 48 62.5 1 0.75
328256 1.15601 100 0 1 0.75
328256 1.15601 18 65 1 0.75
328256 1.15601 100 65 1 0.75
328256 1.15601 18 0 1 0.75
328256 1.15601 18 52.5 1 0.75
328256 1.15601 36 60 1 0.75
327354 1.07833 36 75 10 0.6
327354 1.07833 24 75 10 0.6
327354 1.07833 100 75 10 0.6
327354 1.07833 48 75 10 0.6
327354 1.07833 60 75 10 0.6
326562 1.06268 18 55 10 0.6
322181 1.1388 24 45 1.2 0.75
322181 1.1388 36 45 1.2 0.75
322181 1.1388 60 45 1.2 0.75
322181 1.1388 48 45 1.2 0.75
322181 1.1388 100 45 1.2 0.75
321670 1.17701 18 75 1 0.75
320276 1.06784 36 60 1.4 0.6
320276 1.06784 24 60 1.4 0.6
320276 1.06784 100 60 1.4 0.6
320276 1.06784 48 60 1.4 0.6
320276 1.06784 60 60 1.4 0.6
317720 1.06741 48 0 1.4 0.6
317720 1.06741 36 0 1.4 0.6
317720 1.06741 24 0 1.4 0.6
317720 1.06741 60 0 1.4 0.6
317720 1.06741 100 0 1.4 0.6
315801 1.09649 18 75 10 0.75
300959 1.07832 12 75 10 0.6
298066 1.06063 48 65 10 0.6
298066 1.06063 100 65 10 0.6
298066 1.06063 24 65 10 0.6
298066 1.06063 36 65 10 0.6
298066 1.06063 60 65 10 0.6
296061 1.06758 48 45 1.2 0.6
296061 1.06758 100 45 1.2 0.6
296061 1.06758 36 45 1.2 0.6
296061 1.06758 24 45 1.2 0.6
296061 1.06758 60 45 1.2 0.6
295923 1.06028 60 62.5 10 0.6
295923 1.06028 24 62.5 10 0.6
295923 1.06028 100 62.5 10 0.6
295923 1.06028 36 62.5 10 0.6
295923 1.06028 48 62.5 10 0.6
294575 1.08209 100 62.5 1 0.6
294575 1.08209 36 62.5 1 0.6
294575 1.08209 24 62.5 1 0.6
294575 1.08209 60 62.5 1 0.6
294575 1.08209 48 62.5 1 0.6
292667 1.06587 18 52.5 1.4 0.6
290776 1.06965 12 70 10 0.6
290353 1.06542 18 0 1.4 0.6
289753 1.05802 12 0 10 0.6
289753 1.05802 12 45 10 0.6
288473 1.10448 100 75 1 0.6
288473 1.10448 48 75 1 0.6
288473 1.10448 24 75 1 0.6
288473 1.10448 36 75 1 0.6
288473 1.10448 60 75 1 0.6
286327 1.10259 18 52.5 10 0.9
286327 1.10259 100 0 10 0.9
286327 1.10259 24 0 10 0.9
286327 1.10259 48 45 10 0.9
286327 1.10259 36 45 10 0.9
286327 1.10259 18 50 10 0.9
286327 1.10259 18 45 10 0.9
286327 1.10259 36 0 10 0.9
286327 1.10259 48 0 10 0.9
286327 1.10259 18 47.5 10 0.9
286327 1.10259 100 45 10 0.9
286327 1.10259 24 45 10 0.9
286327 1.10259 60 0 10 0.9
286327 1.10259 18 0 10 0.9
286327 1.10259 18 40 10 0.9
286327 1.10259 60 45 10 0.9
286283 1.10001 48 45 0.4 0.6
286283 1.10001 24 45 0.4 0.6
286283 1.10001 60 45 0.4 0.6
286283 1.10001 36 45 0.4 0.6
286283 1.10001 100 45 0.4 0.6
283308 1.07401 18 75 10 0.6
283224 1.09034 9 0 10 0.6
283224 1.09034 9 45 10 0.6
282788 1.10156 18 55 10 0.9
282788 1.10156 60 57.5 10 0.9
282788 1.10156 24 57.5 10 0.9
282788 1.10156 48 55 10 0.9
282788 1.10156 36 55 10 0.9
282788 1.10156 48 57.5 10 0.9
282788 1.10156 60 55 10 0.9
282788 1.10156 24 55 10 0.9
282788 1.10156 100 57.5 10 0.9
282788 1.10156 100 55 10 0.9
282788 1.10156 36 57.5 10 0.9
282399 1.10143 100 60 10 0.9
282399 1.10143 36 60 10 0.9
282399 1.10143 60 60 10 0.9
282399 1.10143 48 60 10 0.9
282399 1.10143 24 60 10 0.9
278533 1.18176 36 60 1.4 0.9
278533 1.18176 24 0 1.4 0.9
278533 1.18176 24 60 1.4 0.9
278533 1.18176 60 60 1.4 0.9
278533 1.18176 60 62.5 1.4 0.9
278533 1.18176 24 62.5 1.4 0.9
278533 1.18176 48 62.5 1.4 0.9
278533 1.18176 48 0 1.4 0.9
278533 1.18176 100 0 1.4 0.9
278533 1.18176 36 62.5 1.4 0.9
278533 1.18176 100 62.5 1.4 0.9
278533 1.18176 36 0 1.4 0.9
278533 1.18176 60 0 1.4 0.9
278533 1.18176 100 60 1.4 0.9
278533 1.18176 48 60 1.4 0.9
277819 1.10009 100 62.5 10 0.9
277819 1.10009 36 62.5 10 0.9
277819 1.10009 60 62.5 10 0.9
277819 1.10009 24 62.5 10 0.9
277819 1.10009 48 62.5 10 0.9
276957 1.09696 60 60 0.6 0.6
276957 1.09696 48 0 0.6 0.6
276957 1.09696 100 60 0.6 0.6
276957 1.09696 24 0 0.6 0.6
276957 1.09696 36 0 0.6 0.6
276957 1.09696 36 60 0.6 0.6
276957 1.09696 48 60 0.6 0.6
276957 1.09696 18 0 0.6 0.6
276957 1.09696 100 0 0.6 0.6
276957 1.09696 24 60 0.6 0.6
276957 1.09696 18 52.5 0.6 0.6
276957 1.09696 60 0 0.6 0.6
276610 1.09685 24 62.5 0.6 0.6
276610 1.09685 60 62.5 0.6 0.6
276610 1.09685 48 62.5 0.6 0.6
276610 1.09685 36 62.5 0.6 0.6
276610 1.09685 100 62.5 0.6 0.6
276205 1.08879 9 55 10 0.6
274194 1.0818 48 65 1 0.6
274194 1.0818 24 65 1 0.6
274194 1.0818 36 65 1 0.6
274194 1.0818 18 65 1 0.6
274194 1.0818 100 65 1 0.6
274194 1.0818 60 65 1 0.6
273045 1.05519 12 60 10 0.6
273045 1.05519 12 55 10 0.6
273045 1.05519 12 57.5 10 0.6
269930 1.05793 18 65 10 0.6
266607 1.11779 18 75 0.6 0.6
261663 1.09241 48 45 0.8 0.6
261663 1.09241 60 45 0.8 0.6
261663 1.09241 24 45 0.8 0.6
261663 1.09241 36 45 0.8 0.6
261663 1.09241 18 45 0.8 0.6
261663 1.09241 100 45 0.8 0.6
258874 1.10331 24 65 10 0.9
258874 1.10331 60 65 10 0.9
258874 1.10331 100 65 10 0.9
258874 1.10331 36 65 10 0.9
258874 1.10331 48 65 10 0.9
258582 1.08404 36 70 1 0.6
258582 1.08404 24 70 1 0.6
258582 1.08404 100 70 1 0.6
258582 1.08404 48 70 1 0.6
258582 1.08404 60 70 1 0.6
257632 1.24225 100 75 1 0.9
257632 1.24225 24 75 1 0.9
257632 1.24225 48 75 1 0.9
257632 1.24225 36 75 1 0.9
257632 1.24225 60 75 1 0.9
257304 1.24206 24 70 1 0.9
257304 1.24206 48 70 1 0.9
257304 1.24206 100 70 1 0.9
257304 1.24206 36 70 1 0.9
257304 1.24206 60 70 1 0.9
256561 1.08944 9 65 10 0.6
256055 1.23891 48 75 -0.2 0.75
256055 1.23891 24 70 -0.2 0.75
256055 1.23891 24 75 -0.2 0.75
256055 1.23891 60 70 -0.2 0.75
256055 1.23891 36 70 -0.2 0.75
256055 1.23891 100 75 -0.2 0.75
256055 1.23891 100 70 -0.2 0.75
256055 1.23891 60 75 -0.2 0.75
256055 1.23891 36 75 -0.2 0.75
256055 1.23891 48 70 -0.2 0.75
255916 1.11599 48 70 10 0.9
255916 1.11599 24 70 10 0.9
255916 1.11599 36 70 10 0.9
255916 1.11599 60 70 10 0.9
255916 1.11599 100 70 10 0.9
255732 1.24109 100 0 1 0.9
255732 1.24109 18 50 1 0.9
255732 1.24109 48 62.5 1 0.9
255732 1.24109 100 45 1.2 0.9
255732 1.24109 18 55 1 0.9
255732 1.24109 60 55 1 0.9
255732 1.24109 18 0 1 0.9
255732 1.24109 100 60 1 0.9
255732 1.24109 100 55 1 0.9
255732 1.24109 60 45 1.2 0.9
255732 1.24109 48 65 1 0.9
255732 1.24109 60 65 1 0.9
255732 1.24109 60 0 1 0.9
255732 1.24109 48 0 1 0.9
255732 1.24109 24 60 1 0.9
255732 1.24109 60 60 1 0.9
255732 1.24109 18 47.5 1 0.9
255732 1.24109 36 65 1 0.9
255732 1.24109 100 57.5 1 0.9
255732 1.24109 24 65 1 0.9
255732 1.24109 48 55 1 0.9
255732 1.24109 24 45 1.2 0.9
255732 1.24109 24 62.5 1 0.9
255732 1.24109 48 45 1.2 0.9
255732 1.24109 100 65 1 0.9
255732 1.24109 24 57.5 1 0.9
255732 1.24109 48 57.5 1 0.9
255732 1.24109 36 62.5 1 0.9
255732 1.24109 36 45 1.2 0.9
255732 1.24109 36 55 1 0.9
255732 1.24109 36 57.5 1 0.9
255732 1.24109 18 52.5 1 0.9
255732 1.24109 18 65 1 0.9
255732 1.24109 100 62.5 1 0.9
255732 1.24109 18 40 1 0.9
255732 1.24109 24 0 1 0.9
255732 1.24109 36 0 1 0.9
255732 1.24109 36 60 1 0.9
255732 1.24109 60 57.5 1 0.9
255732 1.24109 24 55 1 0.9
255732 1.24109 48 60 1 0.9
255732 1.24109 60 62.5 1 0.9
254654 1.10734 48 75 -1 0.3
254654 1.10734 100 75 -1 0.3
254654 1.10734 36 75 -1 0.3
254654 1.10734 60 75 -1 0.3
254618 1.07032 24 55 1 0.6
254618 1.07032 48 60 1 0.6
254618 1.07032 60 55 1 0.6
254618 1.07032 100 55 1 0.6
254618 1.07032 100 60 1 0.6
254618 1.07032 100 57.5 1 0.6
254618 1.07032 24 60 1 0.6
254618 1.07032 48 57.5 1 0.6
254618 1.07032 60 60 1 0.6
254618 1.07032 48 55 1 0.6
254618 1.07032 36 60 1 0.6
254618 1.07032 60 57.5 1 0.6
254618 1.07032 36 57.5 1 0.6
254618 1.07032 24 57.5 1 0.6
254618 1.07032 36 55 1 0.6
254552 1.19226 18 0 1.4 0.9
254552 1.19226 18 52.5 1.4 0.9
253995 1.31055 48 60 1.4 1.05
253995 1.31055 36 62.5 1.4 1.05
253995 1.31055 100 0 1.4 1.05
253995 1.31055 24 62.5 1.4 1.05
253995 1.31055 100 60 1.4 1.05
253995 1.31055 60 60 1.4 1.05
253995 1.31055 60 0 1.4 1.05
253995 1.31055 100 62.5 1.4 1.05
253995 1.31055 48 0 1.4 1.05
253995 1.31055 36 0 1.4 1.05
253995 1.31055 48 62.5 1.4 1.05
253995 1.31055 24 0 1.4 1.05
253995 1.31055 24 60 1.4 1.05
253995 1.31055 36 60 1.4 1.05
253995 1.31055 60 62.5 1.4 1.05
252676 1.09707 36 75 -1 0.15
252676 1.09707 60 75 -1 0.15
252676 1.09707 48 75 -1 0.15
252676 1.09707 100 75 -1 0.15
252036 1.06963 48 0 1 0.6
252036 1.06963 100 0 1 0.6
252036 1.06963 60 0 1 0.6
252036 1.06963 36 0 1 0.6
252036 1.06963 24 0 1 0.6
249663 1.10103 18 75 1 0.6
240285 1.06903 12 62.5 1.4 0.6
239652 1.09191 60 75 -0.6 0.3
239652 1.09191 100 75 -0.6 0.3
239652 1.09191 24 75 -0.6 0.3
239652 1.09191 48 75 -0.6 0.3
239652 1.09191 36 75 -0.6 0.3
239436 1.20835 60 65 -1 0.6
239436 1.20835 48 65 -1 0.6
239436 1.20835 60 75 -1 0.6
239436 1.20835 48 55 -1 0.6
239436 1.20835 36 75 -1 0.6
239436 1.20835 36 57.5 -1 0.6
239436 1.20835 36 55 -1 0.6
239436 1.20835 36 70 -1 0.6
239436 1.20835 60 70 -1 0.6
239436 1.20835 100 65 -1 0.6
239436 1.20835 100 55 -1 0.6
239436 1.20835 60 57.5 -1 0.6
239436 1.20835 100 75 -1 0.6
239436 1.20835 48 75 -1 0.6
239436 1.20835 48 57.5 -1 0.6
239436 1.20835 48 70 -1 0.6
239436 1.20835 36 65 -1 0.6
239436 1.20835 100 70 -1 0.6
239436 1.20835 60 55 -1 0.6
239436 1.20835 100 57.5 -1 0.6
237468 1.13648 60 85 0.6 0.6
237468 1.13648 100 85 0.6 0.6
237468 1.13648 48 85 0.6 0.6
237468 1.13648 36 85 0.6 0.6
237100 1.21484 60 65 -0.2 0.75
237100 1.21484 36 65 -0.2 0.75
237100 1.21484 24 55 -0.2 0.75
237100 1.21484 24 57.5 -0.2 0.75
237100 1.21484 48 65 -0.2 0.75
237100 1.21484 24 65 -0.2 0.75
237100 1.21484 100 57.5 -0.2 0.75
237100 1.21484 60 55 -0.2 0.75
237100 1.21484 48 57.5 -0.2 0.75
237100 1.21484 100 55 -0.2 0.75
237100 1.21484 36 57.5 -0.2 0.75
237100 1.21484 48 55 -0.2 0.75
237100 1.21484 36 55 -0.2 0.75
237100 1.21484 60 57.5 -0.2 0.75
237100 1.21484 100 65 -0.2 0.75
236755 1.11558 100 45 10 1.05
236755 1.11558 60 0 10 1.05
236755 1.11558 24 45 10 1.05
236755 1.11558 36 45 10 1.05
236755 1.11558 60 45 10 1.05
236755 1.11558 36 0 10 1.05
236755 1.11558 48 0 10 1.05
236755 1.11558 100 0 10 1.05
236755 1.11558 24 0 10 1.05
236755 1.11558 48 45 10 1.05
236338 1.06149 12 0 1.4 0.6
234415 1.10194 18 65 10 0.9
234212 1.0683 18 52.5 1 0.6
234212 1.0683 18 55 1 0.6
233841 1.11421 48 55 10 1.05
233841 1.11421 48 57.5 10 1.05
233841 1.11421 36 55 10 1.05
233841 1.11421 24 57.5 10 1.05
233841 1.11421 100 55 10 1.05
233841 1.11421 24 55 10 1.05
233841 1.11421 60 57.5 10 1.05
233841 1.11421 36 57.5 10 1.05
233841 1.11421 60 55 10 1.05
233841 1.11421 100 57.5 10 1.05
233552 1.13416 100 85 10 0.6
233552 1.13416 60 85 1.4 0.6
233552 1.13416 48 85 10 0.6
233552 1.13416 60 85 10 0.6
233552 1.13416 100 85 1.4 0.6
233552 1.13416 48 85 1.4 0.6
233552 1.13416 36 85 1.4 0.6
233552 1.13416 100 85 1 0.6
233552 1.13416 36 85 10 0.6
233552 1.13416 60 85 1 0.6
233552 1.13416 36 85 1 0.6
233552 1.13416 48 85 1 0.6
233524 1.11404 48 60 10 1.05
233524 1.11404 48 62.5 10 1.05
233524 1.11404 36 62.5 10 1.05
233524 1.11404 60 62.5 10 1.05
233524 1.11404 24 62.5 10 1.05
233524 1.11404 100 62.5 10 1.05
233524 1.11404 60 60 10 1.05
233524 1.11404 100 60 10 1.05
233524 1.11404 24 60 10 1.05
233524 1.11404 36 60 10 1.05
232804 1.11534 9 55 1.4 0.6
232804 1.11534 9 0 1.4 0.6
232772 1.1717 18 85 0.6 0.6
232772 1.1717 24 85 0.6 0.6
231830 1.06756 18 40 1 0.6
231830 1.06756 18 0 1 0.6
229353 1.11812 9 72.5 10 0.6
228937 1.16904 18 85 10 0.6
228937 1.16904 24 85 1.4 0.6
228937 1.16904 24 85 1 0.6
228937 1.16904 18 85 1 0.6
228937 1.16904 18 85 1.4 0.6
228937 1.16904 24 85 10 0.6
227617 1.05024 12 65 10 0.6
227309 1.06616 18 47.5 1 0.6
227309 1.06616 18 50 1 0.6
226907 1.10495 9 70 10 0.6
225568 1.12713 60 70 10 1.05
225568 1.12713 24 70 10 1.05
225568 1.12713 48 70 10 1.05
225568 1.12713 36 70 10 1.05
225568 1.12713 100 70 10 1.05
224512 1.11051 48 75 10 0.9
224512 1.11051 24 75 10 0.9
224512 1.11051 36 75 10 0.9
224512 1.11051 100 75 10 0.9
224512 1.11051 60 75 10 0.9
222963 1.26612 18 75 1 0.9
221914 1.20252 18 75 1.4 0.9
221687 1.10339 48 75 -0.6 0.45
221687 1.10339 36 75 -0.6 0.45
221687 1.10339 100 75 -0.6 0.45
221687 1.10339 60 75 -0.6 0.45
221687 1.10339 24 75 -0.6 0.45
221144 1.08959 9 75 10 0.45
220240 1.08475 9 67.5 10 0.6
218754 1.23064 60 85 1.4 0.75
218754 1.23064 100 85 1 0.75
218754 1.23064 48 85 0.6 0.75
218754 1.23064 36 85 1 0.75
218754 1.23064 48 85 1 0.75
218754 1.23064 36 85 10 0.75
218754 1.23064 100 85 10 0.75
218754 1.23064 100 85 1.4 0.75
218754 1.23064 60 85 10 0.75
218754 1.23064 60 85 1 0.75
218754 1.23064 48 85 1.4 0.75
218754 1.23064 36 85 1.4 0.75
218754 1.23064 36 85 0.6 0.75
218754 1.23064 60 85 0.6 0.75
218754 1.23064 100 85 0.6 0.75
218754 1.23064 48 85 10 0.75
215985 1.04739 12 62.5 10 0.6
215322 1.07905 48 55 -1 0.15
215322 1.07905 48 70 -1 0.15
215322 1.07905 36 65 -1 0.15
215322 1.07905 60 57.5 -1 0.15
215322 1.07905 60 65 -1 0.15
215322 1.07905 100 65 -1 0.15
215322 1.07905 100 57.5 -1 0.15
215322 1.07905 36 70 -1 0.15
215322 1.07905 48 57.5 -1 0.15
215322 1.07905 100 70 -1 0.15
215322 1.07905 36 57.5 -1 0.15
215322 1.07905 100 55 -1 0.15
215322 1.07905 36 55 -1 0.15
215322 1.07905 60 70 -1 0.15
215322 1.07905 60 55 -1 0.15
215322 1.07905 48 65 -1 0.15
214753 1.08653 60 55 -1 0.3
214753 1.08653 36 55 -1 0.3
214753 1.08653 36 65 -1 0.3
214753 1.08653 100 65 -1 0.3
214753 1.08653 100 70 -1 0.3
214753 1.08653 48 70 -1 0.3
214753 1.08653 60 65 -1 0.3
214753 1.08653 60 70 -1 0.3
214753 1.08653 100 55 -1 0.3
214753 1.08653 48 65 -1 0.3
214753 1.08653 100 57.5 -1 0.3
214753 1.08653 48 57.5 -1 0.3
214753 1.08653 60 57.5 -1 0.3
214753 1.08653 36 57.5 -1 0.3
214753 1.08653 36 70 -1 0.3
214753 1.08653 48 55 -1 0.3
214428 1.33852 24 85 0.6 0.75
214428 1.33852 24 85 10 0.75
214428 1.33852 18 85 0.6 0.75
214428 1.33852 24 85 1.4 0.75
214428 1.33852 24 85 1 0.75
214428 1.33852 18 85 1.4 0.75
214428 1.33852 18 85 10 0.75
214428 1.33852 18 85 1 0.75
213802 1.1123 36 75 -0.2 0.6
213802 1.1123 100 75 -0.2 0.6
213802 1.1123 60 75 -0.2 0.6
213802 1.1123 24 75 -0.2 0.6
213802 1.1123 48 75 -0.2 0.6
213703 1.11952 24 65 10 1.05
213703 1.11952 60 65 10 1.05
213703 1.11952 100 65 10 1.05
213703 1.11952 36 65 10 1.05
213703 1.11952 48 65 10 1.05
212210 1.05242 12 75 10 0.45
210221 1.09659 24 75 -1 0.3
208581 1.08637 24 75 -1 0.15
207635 1.10093 18 50 10 1.05
207635 1.10093 18 45 10 1.05
207635 1.10093 18 0 10 1.05
207635 1.10093 18 47.5 10 1.05
207635 1.10093 18 52.5 10 1.05
207635 1.10093 18 40 10 1.05
206759 1.28852 100 85 10 0.9
206759 1.28852 36 85 1 0.9
206759 1.28852 60 85 1 0.9
206759 1.28852 100 85 1.4 0.9
206759 1.28852 48 85 1.4 0.9
206759 1.28852 36 85 1.4 0.9
206759 1.28852 60 85 1.4 0.9
206759 1.28852 48 85 10 0.9
206759 1.28852 36 85 10 0.9
206759 1.28852 60 85 10 0.9
206759 1.28852 48 85 1 0.9
206759 1.28852 100 85 1 0.9
205999 1.08119 48 45 -0.8 0.3
205999 1.08119 60 45 -0.8 0.3
205999 1.08119 100 45 -0.8 0.3
205999 1.08119 36 45 -0.8 0.3
205777 1.03882 12 62.5 1 0.3
205358 1.10773 12 75 1 0.6
205181 1.44279 48 70 -1 1.2
205181 1.44279 48 75 -1 1.2
205181 1.44279 60 55 -1 1.2
205181 1.44279 48 65 -1 1.2
205181 1.44279 60 75 -1 1.2
205181 1.44279 48 57.5 -1 1.2
205181 1.44279 48 55 -1 1.2
205181 1.44279 100 55 -1 1.2
205181 1.44279 36 75 -1 1.2
205181 1.44279 100 70 -1 1.2
205181 1.44279 100 57.5 -1 1.2
205181 1.44279 60 65 -1 1.2
205181 1.44279 100 75 -1 1.2
205181 1.44279 36 70 -1 1.2
205181 1.44279 100 65 -1 1.2
205181 1.44279 60 70 -1 1.2
205181 1.44279 36 55 -1 1.2
205181 1.44279 60 57.5 -1 1.2
205181 1.44279 36 65 -1 1.2
205181 1.44279 36 57.5 -1 1.2
205089 1.09938 18 55 10 1.05
204182 1.0853 18 75 -0.6 0.3
202677 1.47547 24 85 10 0.9
202677 1.47547 18 85 1.4 0.9
202677 1.47547 18 85 10 0.9
202677 1.47547 18 85 1 0.9
202677 1.47547 24 85 1.4 0.9
202677 1.47547 24 85 1 0.9
202576 1.15916 9 72.5 -1 -10
202576 1.15916 9 72.5 -1 -0.45
202576 1.15916 9 72.5 -1 -0.3
201667 1.07825 12 65 1 0.6
201479 1.15836 9 72.5 -1 -0.15
201328 1.07243 48 70 -1 0
201328 1.07243 100 70 -1 0
201328 1.07243 36 70 -1 0
201328 1.07243 60 70 -1 0
199498 1.09725 9 75 1.4 0.45
199330 1.07688 12 62.5 1 0.6
199326 1.03491 36 62.5 1 0.3
199326 1.03491 60 62.5 1 0.3
199326 1.03491 48 62.5 1 0.3
199326 1.03491 24 62.5 1 0.3
199326 1.03491 100 62.5 1 0.3
199229 1.07153 48 75 -1 0
199229 1.07153 100 75 -1 -10
199229 1.07153 48 75 -1 -10
199229 1.07153 100 75 -1 0
199229 1.07153 60 75 -1 0
199229 1.07153 60 75 -1 -10
199229 1.07153 36 75 -1 0
199229 1.07153 36 75 -1 -10
198568 1.41737 60 85 0.6 1.05
198568 1.41737 36 85 10 1.2
198568 1.41737 36 85 10 1.05
198568 1.41737 36 85 0.6 1.05
198568 1.41737 60 85 0.6 1.2
198568 1.41737 60 85 1.4 1.05
198568 1.41737 60 85 1.4 1.2
198568 1.41737 36 85 1 1.05
198568 1.41737 60 85 -0.6 1.05
198568 1.41737 36 85 -0.6 1.2
198568 1.41737 60 85 10 1.2
198568 1.41737 60 85 -0.6 1.2
198568 1.41737 60 85 1 1.05
198568 1.41737 60 85 1 1.2
198568 1.41737 100 85 10 1.05
198568 1.41737 48 85 0.6 1.2
198568 1.41737 48 85 10 1.05
198568 1.41737 48 85 1.4 1.2
198568 1.41737 100 85 10 1.2
198568 1.41737 48 85 -0.6 1.2
198568 1.41737 36 85 0.6 1.2
198568 1.41737 100 85 0.6 1.05
198568 1.41737 100 85 0.6 1.2
198568 1.41737 100 85 1.4 1.05
198568 1.41737 100 85 1.4 1.2
198568 1.41737 60 85 10 1.05
198568 1.41737 36 85 1 1.2
198568 1.41737 100 85 -0.6 1.05
198568 1.41737 48 85 0.6 1.05
198568 1.41737 48 85 1 1.05
198568 1.41737 48 85 1 1.2
198568 1.41737 48 85 1.4 1.05
198568 1.41737 100 85 -0.6 1.2
198568 1.41737 36 85 1.4 1.2
198568 1.41737 100 85 1 1.05
198568 1.41737 100 85 1 1.2
198568 1.41737 36 85 1.4 1.05
198568 1.41737 36 85 -0.6 1.05
198568 1.41737 48 85 -0.6 1.05
198568 1.41737 48 85 10 1.2
198066 1.03517 12 62.5 1.4 0.3
197707 1.41457 100 85 -0.6 0.75
197707 1.41457 100 85 -0.6 0.9
197707 1.41457 36 85 -0.6 0.75
197707 1.41457 60 85 -0.6 0.75
197707 1.41457 48 85 -0.6 0.75
197707 1.41457 60 85 -0.6 0.9
197707 1.41457 48 85 -0.6 0.9
197707 1.41457 36 85 -0.6 0.9
197647 1.20486 24 65 -1 0.6
197647 1.20486 24 55 -1 0.6
197647 1.20486 24 75 -1 0.6
197647 1.20486 24 57.5 -1 0.6
197647 1.20486 24 70 -1 0.6
197612 1.06683 12 60 1 0.6
197612 1.06683 12 55 1 0.6
197612 1.06683 12 57.5 1 0.6
197155 1.13145 9 75 10 0.6
196871 1.03264 48 62.5 1.4 0.3
196871 1.03264 100 62.5 1.4 0.3
196871 1.03264 60 62.5 1.4 0.3
196871 1.03264 36 62.5 1.4 0.3
196871 1.03264 24 62.5 1.4 0.3
195596 1.06589 12 0 1 0.6
195315 1.0422 12 62.5 1 0.45
194991 1.11954 48 75 10 1.05
194991 1.11954 24 75 10 1.05
194991 1.11954 60 75 10 1.05
194991 1.11954 36 75 10 1.05
194991 1.11954 100 75 10 1.05
194315 1.10802 18 75 10 0.9
194262 1.20938 9 75 1.4 0.6
191864 1.11154 36 75 -0.6 0.6
191864 1.11154 48 75 -0.6 0.6
191864 1.11154 100 75 -0.6 0.6
191864 1.11154 24 75 -0.6 0.6
191864 1.11154 60 75 -0.6 0.6
191353 1.07318 18 45 -1.2 -0.15
191213 1.08125 12 0 0.6 0.6
190401 1.07634 12 62.5 -0.6 0.3
190401 1.07634 12 60 -0.6 0.3
190401 1.07634 12 55 -0.6 0.3
190401 1.07634 12 0 -0.6 0.3
190401 1.07634 12 57.5 -0.6 0.3
190364 1.06882 18 65 -0.6 0.3
189557 1.06639 48 70 -1 -10
189557 1.06639 60 70 -1 -10
189557 1.06639 36 70 -1 -10
189557 1.06639 100 70 -1 -10
189047 1.08041 12 70 1 0.6
188893 1.09656 18 75 -0.6 0.45
188593 1.06772 18 52.5 -0.6 0.3
188593 1.06772 18 50 -0.6 0.3
188593 1.06772 18 40 -0.6 0.3
188593 1.06772 18 0 -0.6 0.3
188593 1.06772 18 47.5 -0.6 0.3
188593 1.06772 18 55 -0.6 0.3
188210 1.04241 12 65 1 0.45
187996 1.05819 12 57.5 -0.6 0.15
187996 1.05819 12 0 -0.6 0.15
187996 1.05819 12 60 -0.6 0.15
187996 1.05819 12 55 -0.6 0.15
187953 1.04978 60 45 -0.8 0
187953 1.04978 48 45 -0.8 0
187953 1.04978 100 45 -0.8 0
187953 1.04978 36 45 -0.8 0
186826 1.0136 24 0 1 -10
186621 1.03518 12 62.5 1.4 0.45
186561 1.03013 48 62.5 1.4 0
186561 1.03013 24 62.5 1.4 0
186561 1.03013 36 62.5 1.4 0
186561 1.03013 60 62.5 1.4 0
186561 1.03013 48 62.5 1.4 -10
186561 1.03013 36 62.5 1.4 -10
186561 1.03013 100 62.5 1.4 0
186561 1.03013 100 62.5 1.4 -10
186561 1.03013 24 62.5 1.4 -10
186561 1.03013 60 62.5 1.4 -10
186256 1.86275 24 85 0.6 0.9
186256 1.86275 18 85 0.6 0.9
186256 1.86275 24 85 -0.6 0.9
186256 1.86275 24 85 -0.6 0.75
185197 1.033 12 60 1 0.3
184490 1.03689 12 65 1 0.3
184237 1.01304 48 0 1 -10
184237 1.01304 36 0 1 -10
184237 1.01304 60 0 1 -10
184237 1.01304 100 0 1 -10
183196 1.12073 36 75 -1 0.45
183196 1.12073 100 75 -1 0.45
183196 1.12073 60 75 -1 0.45
183196 1.12073 48 75 -1 0.45
182692 1.06146 48 65 -1 0
182692 1.06146 100 57.5 -1 0
182692 1.06146 100 65 -1 0
182692 1.06146 100 55 -1 0
182692 1.06146 60 65 -1 0
182692 1.06146 36 65 -1 0
182692 1.06146 60 55 -1 0
182692 1.06146 36 55 -1 0
182692 1.06146 48 55 -1 0
182692 1.06146 48 57.5 -1 0
182692 1.06146 60 57.5 -1 0
182692 1.06146 36 57.5 -1 0
182655 1.07653 12 45 0.8 0.6
182210 1.1217 9 0 -0.6 0.3
182210 1.1217 9 55 -0.6 0.3
181876 1.05511 18 47.5 -0.2 0.45
181876 1.05511 18 50 -0.2 0.45
181876 1.05511 18 40 -0.2 0.45
181876 1.05511 18 55 -0.2 0.45
181876 1.05511 18 65 -0.2 0.45
181332 1.02983 12 65 10 0.45
181323 1.02843 60 60 1.4 0.3
181323 1.02843 48 60 1.4 0.3
181323 1.02843 36 60 1.4 0.3
181323 1.02843 24 60 1.4 0.3
181323 1.02843 100 60 1.4 0.3
181144 1.08703 60 55 -0.2 0.6
181144 1.08703 24 57.5 -0.2 0.6
181144 1.08703 100 65 -0.2 0.6
181144 1.08703 24 70 -0.2 0.6
181144 1.08703 24 65 -0.2 0.6
181144 1.08703 48 65 -0.2 0.6
181144 1.08703 36 55 -0.2 0.6
181144 1.08703 48 57.5 -0.2 0.6
181144 1.08703 48 55 -0.2 0.6
181144 1.08703 36 65 -0.2 0.6
181144 1.08703 48 70 -0.2 0.6
181144 1.08703 36 57.5 -0.2 0.6
181144 1.08703 60 65 -0.2 0.6
181144 1.08703 60 70 -0.2 0.6
181144 1.08703 24 55 -0.2 0.6
181144 1.08703 100 57.5 -0.2 0.6
181144 1.08703 36 70 -0.2 0.6
181144 1.08703 100 70 -0.2 0.6
181144 1.08703 100 55 -0.2 0.6
181144 1.08703 60 57.5 -0.2 0.6
180941 1.03083 12 0 0.6 0.3
180546 1.06077 48 45 -0.8 0.15
180546 1.06077 60 45 -0.8 0.15
180546 1.06077 100 45 -0.8 0.15
180546 1.06077 36 45 -0.8 0.15
180521 1.08465 100 45 -0.8 0.45
180521 1.08465 36 45 -0.8 0.45
180521 1.08465 48 45 -0.8 0.45
180521 1.08465 60 45 -0.8 0.45
180288 1.03691 12 57.5 1 0.45
180288 1.03691 12 55 1 0.45
180043 1.03132 9 65 10 0.45
179911 1.03678 12 60 1 0.45
179867 1.0299 60 62.5 1 0
179867 1.0299 48 62.5 1 0
179867 1.0299 24 62.5 1 0
179867 1.0299 60 62.5 1 -10
179867 1.0299 48 62.5 1 -10
179867 1.0299 36 62.5 1 0
179867 1.0299 24 62.5 1 -10
179867 1.0299 36 62.5 1 -10
179867 1.0299 100 62.5 1 0
179867 1.0299 100 62.5 1 -10
179527 1.08292 12 45 -1.2 -0.15
179381 1.02937 48 60 1 0.3
179381 1.02937 60 60 1 0.3
179381 1.02937 36 60 1 0.3
179381 1.02937 100 60 1 0.3
179381 1.02937 24 60 1 0.3
178765 1.11537 36 45 -0.8 0.6
178765 1.11537 100 45 -0.8 0.6
178765 1.11537 48 45 -0.8 0.6
178765 1.11537 60 45 -0.8 0.6
178749 1.09968 6 45 -1.2 -10
178522 1.02906 9 0 10 0.45
178142 1.02897 9 45 10 0.45
177943 1.02803 48 0 0.6 0.3
177943 1.02803 36 0 0.6 0.3
177943 1.02803 100 0 0.6 0.3
177943 1.02803 24 0 0.6 0.3
177943 1.02803 60 0 0.6 0.3
177791 1.05782 18 75 0.6 0.45
177748 1.06654 18 65 -1 0.15
177748 1.06654 18 40 -1 0.15
177748 1.06654 18 47.5 -1 0.15
177748 1.06654 24 65 -1 0.15
177748 1.06654 24 55 -1 0.15
177748 1.06654 24 70 -1 0.15
177748 1.06654 24 57.5 -1 0.15
177748 1.06654 18 55 -1 0.15
177748 1.06654 18 50 -1 0.15
177502 1.17707 48 70 -0.6 0.9
177502 1.17707 48 60 -0.6 0.9
177502 1.17707 24 60 -0.6 0.9
177502 1.17707 36 60 -0.6 0.75
177502 1.17707 24 60 -0.6 0.75
177502 1.17707 100 75 -0.6 0.9
177502 1.17707 100 62.5 -0.6 0.9
177502 1.17707 36 60 -0.6 0.9
177502 1.17707 36 65 -0.6 0.9
177502 1.17707 100 62.5 -0.6 0.75
177502 1.17707 60 70 -0.6 0.75
177502 1.17707 60 57.5 -0.6 0.9
177502 1.17707 36 0 -0.6 0.9
177502 1.17707 36 65 -0.6 0.75
177502 1.17707 100 55 -0.6 0.75
177502 1.17707 48 60 -0.6 0.75
177502 1.17707 60 55 -0.6 0.75
177502 1.17707 24 0 -0.6 0.75
177502 1.17707 100 55 -0.6 0.9
177502 1.17707 48 55 -0.6 0.75
177502 1.17707 24 0 -0.6 0.9
177502 1.17707 48 55 -0.6 0.9
177502 1.17707 60 62.5 -0.6 0.75
177502 1.17707 24 57.5 -0.6 0.75
177502 1.17707 100 65 -0.6 0.75
177502 1.17707 24 57.5 -0.6 0.9
177502 1.17707 24 75 -0.6 0.9
177502 1.17707 60 57.5 -0.6 0.75
177502 1.17707 48 57.5 -0.6 0.9
177502 1.17707 60 65 -0.6 0.9
177502 1.17707 48 65 -0.6 0.9
177502 1.17707 60 70 -0.6 0.9
177502 1.17707 48 65 -0.6 0.75
177502 1.17707 24 55 -0.6 0.75
177502 1.17707 100 60 -0.6 0.75
177502 1.17707 48 0 -0.6 0.9
177502 1.17707 48 70 -0.6 0.75
177502 1.17707 36 57.5 -0.6 0.75
177502 1.17707 36 55 -0.6 0.75
177502 1.17707 100 57.5 -0.6 0.9
177502 1.17707 48 0 -0.6 0.75
177502 1.17707 24 62.5 -0.6 0.9
177502 1.17707 100 57.5 -0.6 0.75
177502 1.17707 24 62.5 -0.6 0.75
177502 1.17707 36 55 -0.6 0.9
177502 1.17707 24 70 -0.6 0.75
177502 1.17707 24 70 -0.6 0.9
177502 1.17707 36 75 -0.6 0.9
177502 1.17707 60 60 -0.6 0.75
177502 1.17707 36 0 -0.6 0.75
177502 1.17707 36 62.5 -0.6 0.9
177502 1.17707 36 57.5 -0.6 0.9
177502 1.17707 36 70 -0.6 0.75
177502 1.17707 36 62.5 -0.6 0.75
177502 1.17707 60 65 -0.6 0.75
177502 1.17707 36 70 -0.6 0.9
177502 1.17707 48 62.5 -0.6 0.9
177502 1.17707 24 55 -0.6 0.9
177502 1.17707 60 60 -0.6 0.9
177502 1.17707 100 65 -0.6 0.9
177502 1.17707 48 57.5 -0.6 0.75
177502 1.17707 100 70 -0.6 0.75
177502 1.17707 24 65 -0.6 0.9
177502 1.17707 100 70 -0.6 0.9
177502 1.17707 48 62.5 -0.6 0.75
177502 1.17707 100 0 -0.6 0.75
177502 1.17707 60 0 -0.6 0.75
177502 1.17707 24 65 -0.6 0.75
177502 1.17707 60 75 -0.6 0.9
177502 1.17707 48 75 -0.6 0.9
177502 1.17707 60 55 -0.6 0.9
177502 1.17707 100 60 -0.6 0.9
177502 1.17707 60 0 -0.6 0.9
177502 1.17707 100 0 -0.6 0.9
177502 1.17707 60 62.5 -0.6 0.9
177278 1.07346 24 55 -1 0.3
177278 1.07346 24 57.5 -1 0.3
177278 1.07346 18 47.5 -1 0.3
177278 1.05333 12 65 -0.6 0
177278 1.07346 18 55 -1 0.3
177278 1.07346 18 40 -1 0.3
177278 1.07346 18 50 -1 0.3
177278 1.07346 24 70 -1 0.3
177278 1.07346 24 65 -1 0.3
177278 1.07346 18 65 -1 0.3
176663 1.10958 24 85 -0.6 0.3
176663 1.10958 18 85 -0.6 0.3
176181 1.34594 36 85 0.6 0.9
176181 1.34594 48 85 0.6 0.9
176181 1.34594 100 85 0.6 0.9
176181 1.34594 60 85 0.6 0.9
176152 1.02894 12 57.5 1 0.3
176019 1.04578 12 55 -0.6 0
175993 1.12461 9 45 1.2 0.6
175801 1.17514 24 55 -0.2 0.9
175801 1.17514 100 65 -0.2 0.9
175801 1.17514 36 57.5 -0.2 0.9
175801 1.17514 48 57.5 -0.2 0.9
175801 1.17514 24 57.5 -0.2 0.9
175801 1.17514 24 65 -0.2 0.9
175801 1.17514 60 65 -0.2 0.9
175801 1.17514 60 57.5 -0.2 0.9
175801 1.17514 100 57.5 -0.2 0.9
175801 1.17514 100 55 -0.2 0.9
175801 1.17514 48 70 -0.2 0.9
175801 1.17514 24 75 -0.2 0.9
175801 1.17514 48 75 -0.2 0.9
175801 1.17514 36 70 -0.2 0.9
175801 1.17514 48 55 -0.2 0.9
175801 1.17514 48 65 -0.2 0.9
175801 1.17514 24 70 -0.2 0.9
175801 1.17514 36 75 -0.2 0.9
175801 1.17514 60 75 -0.2 0.9
175801 1.17514 100 70 -0.2 0.9
175801 1.17514 36 65 -0.2 0.9
175801 1.17514 60 55 -0.2 0.9
175801 1.17514 60 70 -0.2 0.9
175801 1.17514 100 75 -0.2 0.9
175801 1.17514 36 55 -0.2 0.9
175153 1.07753 12 70 -1 -0.45
175153 1.07753 12 70 -1 -10
175153 1.07753 12 70 -1 -0.3
174992 1.07601 12 65 -0.6 0.3
174898 1.04786 60 55 -1 -10
174898 1.04786 100 55 -1 -10
174898 1.04786 36 55 -1 -10
174898 1.04786 48 55 -1 -10
174816 1.06057 12 75 1 0.45
174763 1.04523 12 60 -0.6 0
174763 1.04523 12 57.5 -0.6 0
174560 1.09535 9 55 -0.6 0.15
174560 1.09535 9 0 -0.6 0.15
174432 1.04429 12 45 -0.4 0.15
174367 1.09342 6 52.5 -0.2 0
174289 1.05788 12 65 -0.6 0.15
174191 1.07693 12 70 -1 -0.15
174057 1.02656 12 45 10 0.45
173970 1.02649 48 60 1.4 -10
173970 1.02649 100 60 1.4 -10
173970 1.02649 48 60 1.4 0
173970 1.02649 36 60 1.4 0
173970 1.02649 60 60 1.4 0
173970 1.02649 100 60 1.4 0
173970 1.02649 24 60 1.4 0
173970 1.02649 60 60 1.4 -10
173970 1.02649 36 60 1.4 -10
173970 1.02649 24 60 1.4 -10
173865 1.03338 12 70 10 0.45
173587 1.02736 12 0 1 0.3
173435 1.05753 12 62.5 -0.6 0.15
173423 1.05122 100 57.5 -1 -10
173423 1.05122 60 57.5 -1 -10
173423 1.05122 48 57.5 -1 -10
173423 1.05122 36 57.5 -1 -10
173396 1.02776 9 55 10 0.45
173133 1.0348 12 0 1 0.45
173002 1.02949 18 52.5 0.6 0.3
172430 1.07383 12 70 -0.6 0.3
172331 1.02608 12 0 10 0.45
172227 1.028 12 62.5 1.4 0
172227 1.028 12 62.5 1.4 -10
172227 1.028 12 62.5 1.4 0.15
172000 1.04347 12 70 -0.2 0
172000 1.04347 12 70 -0.2 -0.3
172000 1.04347 12 70 -0.2 -0.45
172000 1.04347 12 70 -0.2 -10
172000 1.04347 12 70 -0.2 -0.15
171920 1.20823 18 50 -1 0.6
171920 1.20823 18 55 -1 0.6
171920 1.20823 18 47.5 -1 0.6
171920 1.20823 18 65 -1 0.6
171920 1.20823 18 40 -1 0.6
171846 1.0253 18 52.5 10 0.3
171647 1.09123 6 0 -0.2 0
171441 1.09108 6 47.5 -0.2 0
171441 1.09108 6 50 -0.2 0
171362 1.05034 12 62.5 -0.6 0
171134 1.056 12 75 -0.2 -10
170724 1.23858 48 45 -0.8 1.2
170724 1.23858 36 45 -0.8 1.2
170724 1.23858 60 45 -0.8 1.2
170724 1.23858 100 45 -0.8 1.2
170722 1.05444 12 70 -0.6 0
170653 1.02498 18 50 10 0.3
170621 1.02567 36 57.5 1 0.3
170621 1.02567 60 57.5 1 0.3
170621 1.02567 100 57.5 1 0.3
170621 1.02567 48 57.5 1 0.3
170621 1.02567 24 57.5 1 0.3
170426 1.02908 12 62.5 1 0
170426 1.02908 12 62.5 1 -10
170426 1.02908 12 62.5 1 0.15
170034 1.06956 18 45 -0.8 0.3
170034 1.06956 24 45 -0.8 0.3
169925 1.15027 9 72.5 -1 0
169848 1.05769 12 75 -0.6 -0.45
169848 1.05769 12 75 -0.6 -0.3
169848 1.05769 12 75 -0.6 -10
169713 1.09838 18 65 10 1.05
169546 1.05611 12 70 -0.6 0.15
169319 1.02871 12 45 0.8 0.3
169241 1.0254 12 60 10 0.45
169064 1.03614 12 62.5 0.6 0.3
169061 1.02698 48 45 0.4 -10
169061 1.02698 36 45 0.4 0
169061 1.02698 100 45 0.4 0
169061 1.02698 100 45 0.4 -10
169061 1.02698 36 45 0.4 -10
169061 1.02698 24 45 0.4 -10
169061 1.02698 48 45 0.4 0
169061 1.02698 60 45 0.4 -10
169061 1.02698 60 45 0.4 0
169061 1.02698 24 45 0.4 0
168822 1.02529 12 57.5 10 0.45
168580 1.02429 18 45 10 0.3
168568 1.05767 18 45 -1.2 -10
168568 1.05767 18 45 -1.2 -0.45
168568 1.05767 18 45 -1.2 -0.3
168420 1.02519 48 65 10 0.3
168420 1.02519 24 65 10 0.3
168420 1.02519 36 65 10 0.3
168420 1.02519 100 65 10 0.3
168420 1.02519 60 65 10 0.3
168415 1.02499 12 62.5 10 0.45
168273 1.23039 100 57.5 -1 0.9
168273 1.23039 60 55 -1 0.9
168273 1.23039 36 70 -1 0.9
168273 1.23039 100 55 -1 0.9
168273 1.23039 48 75 -1 0.9
168273 1.23039 36 55 -1 0.9
168273 1.23039 48 57.5 -1 0.9
168273 1.23039 100 70 -1 0.9
168273 1.23039 36 65 -1 0.9
168273 1.23039 48 55 -1 0.9
168273 1.23039 48 65 -1 0.9
168273 1.23039 60 75 -1 0.9
168273 1.23039 100 65 -1 0.9
168273 1.23039 36 75 -1 0.9
168273 1.23039 48 70 -1 0.9
168273 1.23039 60 70 -1 0.9
168273 1.23039 60 65 -1 0.9
168273 1.23039 60 57.5 -1 0.9
168273 1.23039 36 57.5 -1 0.9
168273 1.23039 100 75 -1 0.9
168162 1.02415 100 0 1 0.3
168162 1.02415 60 0 1 0.3
168162 1.02415 24 0 1 0.3
168162 1.02415 48 0 1 0.3
168162 1.02415 36 0 1 0.3
167879 1.02422 18 47.5 10 0.3
167857 1.03597 12 70 1 0.3
167818 1.05663 12 75 -0.6 -0.15
167624 1.09921 9 80 10 0.45
167455 1.13017 9 65 -0.6 0.3
167420 1.0118 18 0 1 -10
166486 1.07337 12 62.5 0.6 0.6
166278 1.02281 18 52.5 10 -10
166278 1.02281 18 52.5 10 0
166204 1.02636 12 55 1 0.3
166197 1.05926 24 70 -1 0
166193 1.04662 18 40 -0.6 0.15
166193 1.04662 18 55 -0.6 0.15
166193 1.04662 18 52.5 -0.6 0.15
166193 1.04662 18 0 -0.6 0.15
166193 1.04662 18 50 -0.6 0.15
166193 1.04662 18 47.5 -0.6 0.15
166040 1.00928 24 0 1.4 -10
165917 1.02567 36 45 0.8 0.3
165917 1.02567 48 45 0.8 0.3
165917 1.02567 24 45 0.8 0.3
165917 1.02567 100 45 0.8 0.3
165917 1.02567 60 45 0.8 0.3
165905 1.02338 24 45 10 0.3
165758 1.02503 12 0 1.4 0.3
165747 1.02905 9 55 0.6 -0.15
165435 1.22988 36 60 -0.6 1.2
165435 1.22988 48 55 -0.6 1.2
165435 1.22988 100 62.5 -0.6 1.2
165435 1.22988 60 60 -0.6 1.2
165435 1.22988 24 0 -0.6 1.2
165435 1.22988 24 70 -0.6 1.2
165435 1.22988 36 0 -0.6 1.2
165435 1.22988 36 57.5 -0.6 1.2
165435 1.22988 100 70 -0.6 1.2
165435 1.22988 36 70 -0.6 1.2
165435 1.22988 48 65 -0.6 1.2
165435 1.22988 48 57.5 -0.6 1.2
165435 1.22988 24 55 -0.6 1.2
165435 1.22988 60 57.5 -0.6 1.2
165435 1.22988 24 57.5 -0.6 1.2
165435 1.22988 100 0 -0.6 1.2
165435 1.22988 100 55 -0.6 1.2
165435 1.22988 60 75 -0.6 1.2
165435 1.22988 60 0 -0.6 1.2
165435 1.22988 36 65 -0.6 1.2
165435 1.22988 24 75 -0.6 1.2
165435 1.22988 100 65 -0.6 1.2
165435 1.22988 100 75 -0.6 1.2
165435 1.22988 48 0 -0.6 1.2
165435 1.22988 60 62.5 -0.6 1.2
165435 1.22988 24 65 -0.6 1.2
165435 1.22988 60 70 -0.6 1.2
165435 1.22988 36 62.5 -0.6 1.2
165435 1.22988 100 60 -0.6 1.2
165435 1.22988 48 75 -0.6 1.2
165435 1.22988 36 55 -0.6 1.2
165435 1.22988 24 62.5 -0.6 1.2
165435 1.22988 36 75 -0.6 1.2
165435 1.22988 48 70 -0.6 1.2
165435 1.22988 24 60 -0.6 1.2
165435 1.22988 48 62.5 -0.6 1.2
165435 1.22988 100 57.5 -0.6 1.2
165435 1.22988 48 60 -0.6 1.2
165435 1.22988 60 65 -0.6 1.2
165435 1.22988 60 55 -0.6 1.2
165395 1.05555 12 45 -1.2 -10
165395 1.05555 12 45 -1.2 -0.45
165392 1.09606 9 80 1.4 0.45
164831 1.02523 36 60 1 -10
164831 1.02523 60 60 1 -10
164831 1.02523 24 60 1 -10
164831 1.02523 48 60 1 -10
164831 1.02523 100 60 1 -10
164831 1.02523 100 60 1 0
164831 1.02523 48 60 1 0
164831 1.02523 60 60 1 0
164831 1.02523 36 60 1 0
164831 1.02523 24 60 1 0
164770 1.03988 18 45 -0.4 0.15
164621 1.20984 6 65 0.6 0.3
164462 1.05827 24 75 -1 0
164462 1.05827 24 75 -1 -10
164368 1.02989 48 65 1 0.3
164368 1.02989 100 65 1 0.3
164368 1.02989 24 65 1 0.3
164368 1.02989 60 65 1 0.3
164368 1.02989 36 65 1 0.3
164368 1.02989 18 65 1 0.3
164048 1.05205 36 85 0.6 -10
164048 1.05205 60 85 0.6 -10
164048 1.05205 36 85 0.6 0.3
164048 1.05205 60 85 0.6 0
164048 1.05205 48 85 0.6 0.3
164048 1.05205 36 85 0.6 0
164048 1.05205 100 85 0.6 -10
164048 1.05205 60 85 0.6 0.3
164048 1.05205 100 85 0.6 0.3
164048 1.05205 48 85 0.6 -10
164048 1.05205 48 85 0.6 0
164048 1.05205 100 85 0.6 0
163920 1.03497 9 75 10 0.15
163920 1.03497 9 75 10 0
163844 1.22731 100 75 -0.2 1.2
163844 1.22731 60 65 -0.2 1.2
163844 1.22731 100 70 -0.2 1.2
163844 1.22731 48 75 -0.2 1.2
163844 1.22731 36 57.5 -0.2 1.2
163844 1.22731 48 57.5 -0.2 1.2
163844 1.22731 100 55 -0.2 1.2
163844 1.22731 24 55 -0.2 1.2
163844 1.22731 60 70 -0.2 1.2
163844 1.22731 36 55 -0.2 1.2
163844 1.22731 24 75 -0.2 1.2
163844 1.22731 48 70 -0.2 1.2
163844 1.22731 48 55 -0.2 1.2
163844 1.22731 100 57.5 -0.2 1.2
163844 1.22731 36 65 -0.2 1.2
163844 1.22731 100 65 -0.2 1.2
163844 1.22731 60 75 -0.2 1.2
163844 1.22731 60 57.5 -0.2 1.2
163844 1.22731 36 70 -0.2 1.2
163844 1.22731 24 65 -0.2 1.2
163844 1.22731 24 57.5 -0.2 1.2
163844 1.22731 36 75 -0.2 1.2
163844 1.22731 24 70 -0.2 1.2
163844 1.22731 48 65 -0.2 1.2
163844 1.22731 60 55 -0.2 1.2
163823 1.06604 18 45 -0.4 0.45
163734 1.00887 48 0 1.4 -10
163734 1.00887 100 0 1.4 -10
163734 1.00887 60 0 1.4 -10
163734 1.00887 36 0 1.4 -10
163660 1.02312 48 60 10 0.3
163660 1.02312 100 60 10 0.3
163660 1.02312 36 60 10 0.3
163660 1.02312 24 60 10 0.3
163660 1.02312 60 60 10 0.3
163587 1.04698 12 45 -0.8 0
163577 1.02272 36 45 10 0.3
163577 1.02272 100 45 10 0.3
163577 1.02272 60 45 10 0.3
163577 1.02272 48 45 10 0.3
163545 1.02307 100 57.5 10 0.3
163545 1.02307 60 57.5 10 0.3
163545 1.02307 48 57.5 10 0.3
163545 1.02307 36 57.5 10 0.3
163545 1.02307 24 57.5 10 0.3
163487 1.10379 18 75 -0.6 0.6
163476 1.02553 18 0 0.6 0.3
163475 1.02103 48 0 1.4 0
163475 1.02103 60 0 1.4 0
163475 1.02103 24 0 1.4 0
163475 1.02103 100 0 1.4 0
163475 1.02103 36 0 1.4 0
163399 1.29093 18 0 1.4 1.05
163399 1.29093 18 52.5 1.4 1.05
163289 1.02267 48 0 1.4 0.3
163289 1.02267 24 0 1.4 0.3
163289 1.02267 100 0 1.4 0.3
163289 1.02267 36 0 1.4 0.3
163289 1.02267 60 0 1.4 0.3
163288 1.03955 48 70 -0.2 -10
163288 1.03955 100 70 -0.2 -10
163288 1.03955 48 70 -0.2 0.3
163288 1.03955 60 70 -0.2 0.3
163288 1.03955 60 70 -0.2 0
163288 1.03955 24 70 -0.2 -10
163288 1.03955 24 70 -0.2 0
163288 1.03955 24 70 -0.2 0.3
163288 1.03955 100 70 -0.2 0
163288 1.03955 100 70 -0.2 0.3
163288 1.03955 60 70 -0.2 -10
163288 1.03955 36 70 -0.2 0
163288 1.03955 36 70 -0.2 -10
163288 1.03955 36 70 -0.2 0.3
163288 1.03955 48 70 -0.2 0
163208 1.01338 12 0 1 -10
163157 1.03987 12 0 -0.6 0
163070 1.02365 12 55 10 0.45
163016 1.02194 18 50 10 0
163016 1.02194 18 50 10 -10
162862 1.22569 100 75 1 1.2
162862 1.22569 24 75 1 1.2
162862 1.22569 48 75 1 1.2
162862 1.22569 36 75 1 1.2
162862 1.22569 60 75 1 1.2
162777 1.03801 12 75 1 0.3
162665 1.22537 60 0 0.6 1.2
162665 1.22537 48 62.5 0.6 1.2
162665 1.22537 48 45 1.2 1.2
162665 1.22537 100 65 1 1.2
162665 1.22537 48 62.5 1.4 1.2
162665 1.22537 60 45 0.4 1.2
162665 1.22537 24 0 0.6 1.2
162665 1.22537 36 60 0.6 1.2
162665 1.22537 24 45 0.8 1.2
162665 1.22537 36 0 1.4 1.2
162665 1.22537 24 62.5 0.6 1.2
162665 1.22537 48 62.5 1 1.2
162665 1.22537 24 62.5 1.4 1.2
162665 1.22537 48 57.5 1 1.2
162665 1.22537 48 45 0.4 1.2
162665 1.22537 48 60 0.6 1.2
162665 1.22537 24 45 1.2 1.2
162665 1.22537 100 57.5 1 1.2
162665 1.22537 48 55 1 1.2
162665 1.22537 100 60 0.6 1.2
162665 1.22537 24 45 0.4 1.2
162665 1.22537 48 60 1.4 1.2
162665 1.22537 100 0 1 1.2
162665 1.22537 36 45 0.8 1.2
162665 1.22537 36 60 1.4 1.2
162665 1.22537 36 65 1 1.2
162665 1.22537 60 60 1.4 1.2
162665 1.22537 24 55 1 1.2
162665 1.22537 48 60 1 1.2
162665 1.22537 100 70 1 1.2
162665 1.22537 60 45 1.2 1.2
162665 1.22537 24 62.5 1 1.2
162665 1.22537 60 0 1.4 1.2
162665 1.22537 100 62.5 0.6 1.2
162665 1.22537 100 45 0.8 1.2
162665 1.22537 60 55 1 1.2
162665 1.22537 36 62.5 1 1.2
162665 1.22537 24 0 1.4 1.2
162665 1.22537 60 65 1 1.2
162665 1.22537 60 60 0.6 1.2
162665 1.22537 36 70 1 1.2
162665 1.22537 60 57.5 1 1.2
162665 1.22537 24 57.5 1 1.2
162665 1.22537 60 60 1 1.2
162665 1.22537 60 45 0.8 1.2
162665 1.22537 36 55 1 1.2
162665 1.22537 36 60 1 1.2
162665 1.22537 36 62.5 1.4 1.2
162665 1.22537 48 0 0.6 1.2
162665 1.22537 100 0 1.4 1.2
162665 1.22537 60 62.5 0.6 1.2
162665 1.22537 48 70 1 1.2
162665 1.22537 36 0 0.6 1.2
162665 1.22537 100 60 1.4 1.2
162665 1.22537 24 60 0.6 1.2
162665 1.22537 24 65 1 1.2
162665 1.22537 48 45 0.8 1.2
162665 1.22537 100 62.5 1.4 1.2
162665 1.22537 24 60 1.4 1.2
162665 1.22537 36 45 1.2 1.2
162665 1.22537 24 70 1 1.2
162665 1.22537 100 45 1.2 1.2
162665 1.22537 36 0 1 1.2
162665 1.22537 60 62.5 1 1.2
162665 1.22537 100 55 1 1.2
162665 1.22537 48 0 1.4 1.2
162665 1.22537 60 0 1 1.2
162665 1.22537 60 70 1 1.2
162665 1.22537 24 0 1 1.2
162665 1.22537 36 57.5 1 1.2
162665 1.22537 36 62.5 0.6 1.2
162665 1.22537 24 60 1 1.2
162665 1.22537 100 45 0.4 1.2
162665 1.22537 48 65 1 1.2
162665 1.22537 60 62.5 1.4 1.2
162665 1.22537 100 60 1 1.2
162665 1.22537 36 45 0.4 1.2
162665 1.22537 48 0 1 1.2
162665 1.22537 100 0 0.6 1.2
162665 1.22537 100 62.5 1 1.2
162589 1.04255 12 70 -0.2 0.3
162345 1.02444 12 65 10 0.3
162343 1.21983 24 62.5 -0.6 1.05
162343 1.21983 48 0 -0.6 1.05
162343 1.21983 60 60 -0.6 1.05
162343 1.21983 36 62.5 -0.6 1.05
162343 1.21983 48 65 -0.6 1.05
162343 1.21983 24 57.5 -0.6 1.05
162343 1.21983 100 60 -0.6 1.05
162343 1.21983 100 57.5 -0.6 1.05
162343 1.21983 24 70 -0.6 1.05
162343 1.21983 100 62.5 -0.6 1.05
162343 1.21983 24 0 -0.6 1.05
162343 1.21983 60 62.5 -0.6 1.05
162343 1.21983 60 57.5 -0.6 1.05
162343 1.21983 24 65 -0.6 1.05
162343 1.21983 24 60 -0.6 1.05
162343 1.21983 36 70 -0.6 1.05
162343 1.21983 60 70 -0.6 1.05
162343 1.21983 60 55 -0.6 1.05
162343 1.21983 48 70 -0.6 1.05
162343 1.21983 100 65 -0.6 1.05
162343 1.21983 100 55 -0.6 1.05
162343 1.21983 60 65 -0.6 1.05
162343 1.21983 100 0 -0.6 1.05
162343 1.21983 36 65 -0.6 1.05
162343 1.21983 36 55 -0.6 1.05
162343 1.21983 48 55 -0.6 1.05
162343 1.21983 36 0 -0.6 1.05
162343 1.21983 48 60 -0.6 1.05
162343 1.21983 60 0 -0.6 1.05
162343 1.21983 24 55 -0.6 1.05
162343 1.21983 36 60 -0.6 1.05
162343 1.21983 48 62.5 -0.6 1.05
162343 1.21983 36 57.5 -0.6 1.05
162343 1.21983 48 57.5 -0.6 1.05
162343 1.21983 100 70 -0.6 1.05
162312 1.02648 100 45 0.4 0.15
162312 1.02648 48 45 0.4 0.15
162312 1.02648 24 45 0.4 0.15
162312 1.02648 60 45 0.4 0.15
162312 1.02648 36 45 0.4 0.15
161978 1.03322 9 65 1 0.3
161946 1.04684 18 45 -0.4 0.3
161894 1.02589 9 65 10 0.3
161882 1.04926 12 70 -0.6 -0.3
161882 1.04926 12 70 -0.6 -10
161865 1.02334 24 65 10 -10
161865 1.02334 48 65 10 0
161865 1.02334 48 65 10 -10
161865 1.02334 60 65 10 -10
161865 1.02334 36 65 10 0
161865 1.02334 100 65 10 -10
161865 1.02334 100 65 10 0
161865 1.02334 36 65 10 -10
161865 1.02334 60 65 10 0
161865 1.02334 24 65 10 0
161855 1.04941 48 75 -0.6 0
161855 1.04941 100 75 -0.6 0
161855 1.04941 60 75 -0.6 0
161855 1.04941 24 75 -0.6 -10
161855 1.04941 36 75 -0.6 0.15
161855 1.04941 60 75 -0.6 0.15
161855 1.04941 36 75 -0.6 -10
161855 1.04941 100 75 -0.6 0.15
161855 1.04941 36 75 -0.6 0
161855 1.04941 100 75 -0.6 -10
161855 1.04941 60 75 -0.6 -10
161855 1.04941 24 75 -0.6 0
161855 1.04941 48 75 -0.6 0.15
161855 1.04941 48 75 -0.6 -10
161855 1.04941 24 75 -0.6 0.15
161798 1.0818 60 0 -0.6 0.6
161798 1.0818 48 55 -0.6 0.6
161798 1.0818 24 62.5 -0.6 0.6
161798 1.0818 100 65 -0.6 0.6
161798 1.0818 48 60 -0.6 0.6
161798 1.0818 36 0 -0.6 0.6
161798 1.0818 60 55 -0.6 0.6
161798 1.0818 24 60 -0.6 0.6
161798 1.0818 36 62.5 -0.6 0.6
161798 1.0818 100 60 -0.6 0.6
161798 1.0818 48 0 -0.6 0.6
161798 1.0818 36 55 -0.6 0.6
161798 1.0818 60 57.5 -0.6 0.6
161798 1.0818 24 70 -0.6 0.6
161798 1.0818 36 65 -0.6 0.6
161798 1.0818 48 65 -0.6 0.6
161798 1.0818 24 65 -0.6 0.6
161798 1.0818 48 62.5 -0.6 0.6
161798 1.0818 24 57.5 -0.6 0.6
161798 1.0818 24 55 -0.6 0.6
161798 1.0818 48 57.5 -0.6 0.6
161798 1.0818 24 0 -0.6 0.6
161798 1.0818 36 57.5 -0.6 0.6
161798 1.0818 100 0 -0.6 0.6
161798 1.0818 100 55 -0.6 0.6
161798 1.0818 60 65 -0.6 0.6
161798 1.0818 36 60 -0.6 0.6
161798 1.0818 60 70 -0.6 0.6
161798 1.0818 100 62.5 -0.6 0.6
161798 1.0818 48 70 -0.6 0.6
161798 1.0818 100 57.5 -0.6 0.6
161798 1.0818 60 62.5 -0.6 0.6
161798 1.0818 60 60 -0.6 0.6
161798 1.0818 100 70 -0.6 0.6
161798 1.0818 36 70 -0.6 0.6
161630 1.03559 12 65 -0.2 -0.3
161630 1.03559 12 65 -0.2 -0.15
161630 1.03559 12 65 -0.2 0
161630 1.03559 12 65 -0.2 -10
161630 1.03559 12 65 -0.2 -0.45
161609 1.03203 9 55 1 0.45
161374 1.61388 24 70 -1 1.2
161374 1.61388 24 65 -1 1.2
161374 1.61388 24 57.5 -1 1.2
161374 1.61388 24 75 -1 1.2
161374 1.61388 24 55 -1 1.2
161352 1.05047 60 85 1.4 0
161352 1.05047 100 85 1 -10
161352 1.05047 60 85 1 -10
161352 1.05047 60 85 1.4 0.3
161352 1.05047 60 85 1.4 -10
161352 1.05047 48 85 1.4 0.3
161352 1.05047 60 85 10 0
161352 1.05047 60 85 10 0.3
161352 1.05047 60 85 10 -10
161352 1.05047 36 85 10 0
161352 1.05047 48 85 1.4 -10
161352 1.05047 36 85 1.4 0
161352 1.05047 48 85 1 0
161352 1.05047 36 85 10 0.3
161352 1.05047 48 85 10 0
161352 1.05047 36 85 1 -10
161352 1.05047 60 85 1 0.3
161352 1.05047 48 85 10 0.3
161352 1.05047 48 85 10 -10
161352 1.05047 36 85 1.4 0.3
161352 1.05047 100 85 10 -10
161352 1.05047 60 85 1 0
161352 1.05047 100 85 10 0.3
161352 1.05047 48 85 1.4 0
161352 1.05047 100 85 10 0
161352 1.05047 100 85 1.4 -10
161352 1.05047 100 85 1.4 0.3
161352 1.05047 100 85 1 0.3
161352 1.05047 36 85 1 0
161352 1.05047 48 85 1 0.3
161352 1.05047 100 85 1 0
161352 1.05047 36 85 1.4 -10
161352 1.05047 36 85 10 -10
161352 1.05047 48 85 1 -10
161352 1.05047 36 85 1 0.3
161352 1.05047 100 85 1.4 0
161211 1.09631 9 65 -0.6 0.15
161183 1.03339 18 75 1.4 0
161183 1.03339 18 75 1.4 -10
161183 1.03339 18 75 1.4 0.3
161147 1.02754 9 55 0.6 -10
161147 1.02754 9 55 0.6 -0.45
161147 1.02754 9 55 0.6 -0.3
161115 1.02829 9 45 1.2 0.45
161000 1.02297 100 55 1 0.3
161000 1.02297 60 55 1 0.3
161000 1.02297 48 55 1 0.3
161000 1.02297 24 55 1 0.3
161000 1.02297 36 55 1 0.3
160782 1.21725 48 55 -0.2 1.05
160782 1.21725 36 75 -0.2 1.05
160782 1.21725 60 57.5 -0.2 1.05
160782 1.21725 36 57.5 -0.2 1.05
160782 1.21725 24 75 -0.2 1.05
160782 1.21725 60 65 -0.2 1.05
160782 1.21725 100 75 -0.2 1.05
160782 1.21725 100 57.5 -0.2 1.05
160782 1.21725 36 55 -0.2 1.05
160782 1.21725 60 55 -0.2 1.05
160782 1.21725 60 75 -0.2 1.05
160782 1.21725 36 65 -0.2 1.05
160782 1.21725 24 57.5 -0.2 1.05
160782 1.21725 48 57.5 -0.2 1.05
160782 1.21725 60 70 -0.2 1.05
160782 1.21725 24 55 -0.2 1.05
160782 1.21725 36 70 -0.2 1.05
160782 1.21725 24 70 -0.2 1.05
160782 1.21725 48 65 -0.2 1.05
160782 1.21725 100 55 -0.2 1.05
160782 1.21725 24 65 -0.2 1.05
160782 1.21725 100 70 -0.2 1.05
160782 1.21725 48 75 -0.2 1.05
160782 1.21725 48 70 -0.2 1.05
160782 1.21725 100 65 -0.2 1.05
160705 1.02218 48 62.5 10 0.3
160705 1.02218 24 62.5 10 0.3
160705 1.02218 100 62.5 10 0.3
160705 1.02218 36 62.5 10 0.3
160705 1.02218 60 62.5 10 0.3
160692 1.02301 48 45 1.2 0.3
160692 1.02301 100 45 1.2 0.3
160692 1.02301 60 45 1.2 0.3
160692 1.02301 24 45 1.2 0.3
160692 1.02301 36 45 1.2 0.3
160296 1.04469 12 65 -0.6 -0.3
160296 1.04469 12 65 -0.6 -10
159819 1.0375 100 65 -0.2 0.3
159819 1.0375 24 65 -0.2 0.3
159819 1.0375 60 65 -0.2 0.3
159819 1.0375 36 65 -0.2 0.3
159819 1.0375 48 65 -0.2 0.3
159819 1.0375 18 65 -0.2 0.3
159818 1.21564 60 75 1 1.05
159818 1.21564 24 75 1 1.05
159818 1.21564 100 75 1 1.05
159818 1.21564 36 75 1 1.05
159818 1.21564 48 75 1 1.05
159625 1.21532 24 70 1 1.05
159625 1.21532 36 70 1 1.05
159625 1.21532 48 70 1 1.05
159625 1.21532 100 70 1 1.05
159625 1.21532 60 70 1 1.05
159285 1.07054 18 55 -0.6 0.45
159285 1.07054 18 50 -0.6 0.45
159285 1.07054 18 0 -0.6 0.45
159285 1.07054 18 47.5 -0.6 0.45
159285 1.07054 18 52.5 -0.6 0.45
159285 1.07054 18 40 -0.6 0.45
159285 1.07054 18 65 -0.6 0.45
159265 1.02081 18 40 10 0.3
159195 1.02901 24 45 0.4 0.3
159195 1.02901 36 45 0.4 0.3
159195 1.02901 48 45 0.4 0.3
159195 1.02901 100 45 0.4 0.3
159195 1.02901 60 45 0.4 0.3
159168 1.07308 9 67.5 -0.6 -0.3
159168 1.07308 9 67.5 -0.6 -10
159168 1.07308 9 67.5 -0.6 -0.45
159168 1.07308 9 67.5 -0.6 -0.15
159130 1.04034 12 65 -0.2 0.3
159027 1.04727 48 65 -1 -10
159027 1.04727 36 65 -1 -10
159027 1.04727 60 65 -1 -10
159027 1.04727 100 65 -1 -10
159002 1.03662 24 45 0.4 0.45
159002 1.03662 60 45 0.4 0.45
159002 1.03662 100 45 0.4 0.45
159002 1.03662 48 45 0.4 0.45
159002 1.03662 36 45 0.4 0.45
158910 1.01161 12 0 1.4 -10
158678 1.02827 12 65 1 0.15
158678 1.02827 12 65 1 -10
158678 1.02827 12 65 1 0
158660 1.21371 100 62.5 0.6 1.05
158660 1.21371 48 60 0.6 1.05
158660 1.21371 36 60 1 1.05
158660 1.21371 48 62.5 1 1.05
158660 1.21371 36 65 1 1.05
158660 1.21371 24 62.5 0.6 1.05
158660 1.21371 24 0 1 1.05
158660 1.21371 100 65 1 1.05
158660 1.21371 60 0 1 1.05
158660 1.21371 48 62.5 0.6 1.05
158660 1.21371 36 60 0.6 1.05
158660 1.21371 24 45 1.2 1.05
158660 1.21371 60 62.5 1 1.05
158660 1.21371 48 45 1.2 1.05
158660 1.21371 36 62.5 1 1.05
158660 1.21371 36 55 1 1.05
158660 1.21371 100 45 1.2 1.05
158660 1.21371 36 0 1 1.05
158660 1.21371 60 62.5 0.6 1.05
158660 1.21371 24 55 1 1.05
158660 1.21371 48 57.5 1 1.05
158660 1.21371 100 62.5 1 1.05
158660 1.21371 36 62.5 0.6 1.05
158660 1.21371 60 55 1 1.05
158660 1.21371 60 60 1 1.05
158660 1.21371 100 60 1 1.05
158660 1.21371 60 65 1 1.05
158660 1.21371 100 0 1 1.05
158660 1.21371 48 65 1 1.05
158660 1.21371 60 60 0.6 1.05
158660 1.21371 60 57.5 1 1.05
158660 1.21371 48 60 1 1.05
158660 1.21371 24 60 1 1.05
158660 1.21371 36 45 1.2 1.05
158660 1.21371 100 55 1 1.05
158660 1.21371 60 45 1.2 1.05
158660 1.21371 36 57.5 1 1.05
158660 1.21371 100 60 0.6 1.05
158660 1.21371 100 57.5 1 1.05
158660 1.21371 24 60 0.6 1.05
158660 1.21371 48 55 1 1.05
158660 1.21371 24 57.5 1 1.05
158660 1.21371 24 62.5 1 1.05
158660 1.21371 48 0 1 1.05
158660 1.21371 24 65 1 1.05
158587 1.03546 9 75 10 0.3
158243 1.02055 18 45 10 0
158243 1.02055 18 45 10 -10
158229 1.02361 18 52.5 1.4 0.3
158207 1.02803 9 45 0.8 0.3
158188 1.0373 12 60 -0.6 -0.3
158188 1.0373 12 60 -0.6 -10
157843 1.08412 9 67.5 -0.6 0
157417 1.02023 18 0 10 0.3
157341 1.03685 12 57.5 -0.6 -10
157341 1.03685 12 57.5 -0.6 -0.3
157282 1.02131 24 60 10 -10
157282 1.02131 100 60 10 -10
157282 1.02131 60 60 10 0
157282 1.02131 48 60 10 -10
157282 1.02131 60 60 10 -10
157282 1.02131 100 60 10 0
157282 1.02131 36 60 10 -10
157282 1.02131 24 60 10 0
157282 1.02131 36 60 10 0
157282 1.02131 48 60 10 0
157222 1.0223 18 52.5 1.4 -10
157222 1.0223 18 52.5 1.4 0
156908 1.01998 24 45 10 -10
156908 1.01998 24 45 10 0
156734 1.01373 60 0 0.6 -10
156734 1.01373 36 0 0.6 -10
156734 1.01373 48 0 0.6 -10
156734 1.01373 100 0 0.6 -10
156734 1.01373 24 0 0.6 -10
156697 1.04269 48 65 -0.6 0
156697 1.04269 18 65 -0.6 0
156697 1.04269 48 65 -0.6 -10
156697 1.04269 100 65 -0.6 0
156697 1.04269 36 65 -0.6 -10
156697 1.04269 60 65 -0.6 0
156697 1.04269 100 65 -0.6 -10
156697 1.04269 18 65 -0.6 -10
156697 1.04269 24 65 -0.6 0
156697 1.04269 36 65 -0.6 0
156697 1.04269 18 65 -0.6 -0.3
156697 1.04269 24 65 -0.6 -10
156697 1.04269 60 65 -0.6 -10
156693 1.03017 9 0 1 0.45
156548 1.02453 9 0 1.4 0.3
156544 1.02112 24 55 10 0.3
156544 1.02112 60 55 10 0.3
156544 1.02112 48 55 10 0.3
156544 1.02112 100 55 10 0.3
156544 1.02112 36 55 10 0.3
156470 1.05262 24 70 -1 -10
156447 1.02011 24 0 1 0
156447 1.02011 48 0 1 0
156447 1.02011 100 0 1 0
156447 1.02011 36 0 1 0
156447 1.02011 60 0 1 0
156443 1.02451 18 52.5 0.6 -10
156443 1.02451 18 52.5 0.6 0
156425 1.02823 24 45 0.8 0.45
156425 1.02823 60 45 0.8 0.45
156425 1.02823 100 45 0.8 0.45
156425 1.02823 48 45 0.8 0.45
156425 1.02823 36 45 0.8 0.45
156299 1.02211 18 40 1 0.3
156269 1.03373 9 75 1.4 -10
156163 1.02418 12 60 1 -10
156163 1.02418 12 60 1 0
156163 1.02418 12 60 1 0.15
156118 1.02028 24 0 0.6 0
156118 1.02028 36 0 0.6 0
156118 1.02028 48 0 0.6 0
156118 1.02028 60 0 0.6 0
156118 1.02028 100 0 0.6 0
156093 1.14043 100 45 0.4 0.9
156093 1.14043 24 45 0.4 0.9
156093 1.14043 36 45 0.4 0.9
156093 1.14043 48 45 0.4 0.9
156093 1.14043 60 45 0.4 0.9
156076 1.03141 9 75 10 -10
156033 1.0225 12 65 10 -10
156033 1.0225 12 65 10 0
156033 1.0225 12 65 10 0.15
155958 1.05814 100 85 -0.6 0
155958 1.05814 48 85 -0.6 -10
155958 1.05814 48 85 -0.6 0
155958 1.05814 36 85 -0.6 -10
155958 1.05814 60 85 -0.6 0
155958 1.05814 60 85 -0.6 -10
155958 1.05814 100 85 -0.6 -10
155958 1.05814 36 85 -0.6 0
155944 1.02001 18 47.5 10 0
155944 1.02001 18 47.5 10 -10
155831 1.07762 18 65 -0.2 0.6
155831 1.07762 18 47.5 -0.2 0.6
155831 1.07762 18 50 -0.2 0.6
155831 1.07762 18 55 -0.2 0.6
155831 1.07762 18 40 -0.2 0.6
155808 1.02525 12 0 1.4 0.45
155767 1.02916 12 75 10 0
155767 1.02916 12 75 10 -10
155767 1.02916 12 75 10 0.15
155767 1.02916 12 75 10 0.3
155745 1.03099 9 67.5 1 -10
155745 1.03099 9 67.5 1 0
155745 1.03099 9 67.5 1 -0.45
155745 1.03099 9 67.5 1 -0.3
155745 1.03099 9 67.5 1 -0.15
155673 1.0088 18 0 1.4 -10
155625 1.02385 9 65 10 0
155625 1.02385 9 65 10 0.15
155625 1.02385 9 65 10 -10
155612 1.0359 48 55 -0.6 0
155612 1.0359 18 55 -0.6 -0.3
155612 1.0359 36 55 -0.6 -10
155612 1.0359 60 55 -0.6 0
155612 1.0359 24 55 -0.6 -10
155612 1.0359 18 55 -0.6 -10
155612 1.0359 18 55 -0.6 0
155612 1.0359 60 55 -0.6 -10
155612 1.0359 36 55 -0.6 0
155612 1.0359 24 55 -0.6 0
155612 1.0359 100 55 -0.6 -10
155612 1.0359 48 55 -0.6 -10
155612 1.0359 100 55 -0.6 0
155577 1.02618 9 55 1.4 0.45
155509 1.02125 12 62.5 10 0.3
155469 1.0214 9 0 10 0.3
155373 1.0462 60 75 -0.2 0.3
155373 1.0462 48 75 -0.2 0.3
155373 1.0462 36 75 -0.2 0.3
155373 1.0462 24 75 -0.2 0.3
155373 1.0462 100 75 -0.2 0.3
155161 1.03573 12 55 -0.6 -10
155161 1.03573 12 55 -0.6 -0.3
155153 1.03837 24 45 -0.8 0
155153 1.03837 18 45 -0.8 0
155147 1.13922 60 45 0.8 0.9
155147 1.13922 18 52.5 0.6 0.9
155147 1.13922 100 60 0.6 0.9
155147 1.13922 48 60 0.6 0.9
155147 1.13922 36 62.5 0.6 0.9
155147 1.13922 48 45 0.8 0.9
155147 1.13922 36 60 0.6 0.9
155147 1.13922 60 62.5 0.6 0.9
155147 1.13922 100 0 0.6 0.9
155147 1.13922 18 0 0.6 0.9
155147 1.13922 48 0 0.6 0.9
155147 1.13922 60 60 0.6 0.9
155147 1.13922 100 62.5 0.6 0.9
155147 1.13922 24 62.5 0.6 0.9
155147 1.13922 48 62.5 0.6 0.9
155147 1.13922 24 45 0.8 0.9
155147 1.13922 18 45 0.8 0.9
155147 1.13922 24 0 0.6 0.9
155147 1.13922 100 45 0.8 0.9
155147 1.13922 36 45 0.8 0.9
155147 1.13922 24 60 0.6 0.9
155147 1.13922 36 0 0.6 0.9
155147 1.13922 60 0 0.6 0.9
155108 1.02407 18 52.5 0.6 0.15
155104 1.0418 12 62.5 -0.6 -0.3
155104 1.0418 12 62.5 -0.6 -10
154919 1.01936 24 0 10 0.3
154851 1.12539 18 85 -0.6 0.45
154849 1.02126 12 60 10 0.3
154694 1.02164 18 0 1 0.3
154642 1.02401 9 0 1 0.3
154494 1.07616 18 45 -0.4 0.6
154489 1.08603 48 57.5 -1 0.45
154489 1.08603 60 70 -1 0.45
154489 1.08603 60 55 -1 0.45
154489 1.08603 100 55 -1 0.45
154489 1.08603 60 57.5 -1 0.45
154489 1.08603 100 57.5 -1 0.45
154489 1.08603 100 65 -1 0.45
154489 1.08603 36 70 -1 0.45
154489 1.08603 48 55 -1 0.45
154489 1.08603 48 70 -1 0.45
154489 1.08603 100 70 -1 0.45
154489 1.08603 36 65 -1 0.45
154489 1.08603 48 65 -1 0.45
154489 1.08603 36 57.5 -1 0.45
154489 1.08603 36 55 -1 0.45
154489 1.08603 60 65 -1 0.45
154487 1.03534 24 57.5 -0.6 -10
154487 1.03534 24 57.5 -0.6 0
154487 1.03534 36 60 -0.6 -10
154487 1.03534 48 60 -0.6 -10
154487 1.03534 36 60 -0.6 0
154487 1.03534 48 57.5 -0.6 0
154487 1.03534 100 57.5 -0.6 0
154487 1.03534 36 57.5 -0.6 -10
154487 1.03534 100 60 -0.6 0
154487 1.03534 36 57.5 -0.6 0
154487 1.03534 60 57.5 -0.6 -10
154487 1.03534 100 57.5 -0.6 -10
154487 1.03534 60 57.5 -0.6 0
154487 1.03534 48 57.5 -0.6 -10
154487 1.03534 48 60 -0.6 0
154487 1.03534 60 60 -0.6 0
154487 1.03534 60 60 -0.6 -10
154487 1.03534 24 60 -0.6 0
154487 1.03534 100 60 -0.6 -10
154487 1.03534 24 60 -0.6 -10
154482 1.02502 9 55 1.4 0.3
154385 1.03237 18 65 -0.2 -10
154385 1.03237 18 65 -0.2 0
154385 1.03237 24 65 -0.2 0
154385 1.03237 48 65 -0.2 0
154385 1.03237 36 65 -0.2 0
154385 1.03237 48 65 -0.2 -10
154385 1.03237 60 65 -0.2 0
154385 1.03237 100 65 -0.2 0
154385 1.03237 100 65 -0.2 -10
154385 1.03237 36 65 -0.2 -10
154385 1.03237 60 65 -0.2 -10
154385 1.03237 24 65 -0.2 -10
154265 1.01923 48 45 10 0
154265 1.01923 60 45 10 0
154265 1.01923 100 45 10 -10
154265 1.01923 100 45 10 0
154265 1.01923 36 45 10 -10
154265 1.01923 36 45 10 0
154265 1.01923 48 45 10 -10
154265 1.01923 60 45 10 -10
154234 1.06866 9 70 -0.6 -10
154234 1.06866 9 70 -0.6 -0.3
154234 1.06866 9 70 -0.6 -0.15
154234 1.06866 9 70 -0.6 -0.45
154126 1.02148 100 0 0.6 0.15
154126 1.02148 24 0 0.6 0.15
154126 1.02148 48 0 0.6 0.15
154126 1.02148 36 0 0.6 0.15
154126 1.02148 60 0 0.6 0.15
154084 1.04526 18 65 -0.6 0.15
154079 1.03421 9 65 1 0.45
154033 1.03385 12 75 1 0.15
154033 1.03385 12 75 1 -10
154033 1.03385 12 75 1 0
153887 1.03232 9 67.5 1 0.3
153855 1.021 24 45 0.8 0.15
153855 1.021 36 45 0.8 0.15
153855 1.021 100 45 0.8 0.15
153855 1.021 60 45 0.8 0.15
153855 1.021 48 45 0.8 0.15
153806 1.02085 48 57.5 1 0
153806 1.02085 100 57.5 1 -10
153806 1.02085 100 57.5 1 0
153806 1.02085 48 57.5 1 -10
153806 1.02085 36 57.5 1 -10
153806 1.02085 60 57.5 1 -10
153806 1.02085 36 57.5 1 0
153806 1.02085 60 57.5 1 0
153806 1.02085 24 57.5 1 0
153806 1.02085 24 57.5 1 -10
153762 1.03467 100 57.5 -0.2 0.3
153762 1.03467 60 57.5 -0.2 0.3
153762 1.03467 18 47.5 -0.2 0.3
153762 1.03467 48 57.5 -0.2 0.3
153762 1.03467 24 57.5 -0.2 0.3
153762 1.03467 24 55 -0.2 0.3
153762 1.03467 18 55 -0.2 0.3
153762 1.03467 60 55 -0.2 0.3
153762 1.03467 18 40 -0.2 0.3
153762 1.03467 48 55 -0.2 0.3
153762 1.03467 36 57.5 -0.2 0.3
153762 1.03467 18 50 -0.2 0.3
153762 1.03467 36 55 -0.2 0.3
153762 1.03467 100 55 -0.2 0.3
153738 1.02038 18 55 10 0.3
153109 1.029 18 0 0.6 0.45
153109 1.07328 6 47.5 -1 -0.15
153109 1.029 48 0 0.6 0.45
153109 1.029 36 0 0.6 0.45
153109 1.029 24 0 0.6 0.45
153109 1.07328 6 50 -1 -0.15
153109 1.029 18 52.5 0.6 0.45
153109 1.029 60 0 0.6 0.45
153109 1.029 100 0 0.6 0.45
153095 1.03729 12 57.5 -0.2 0.3
153095 1.03729 12 55 -0.2 0.3
153095 1.03729 12 60 -0.2 0.3
153029 1.02059 24 55 1 0
153029 1.02059 60 55 1 0
153029 1.02059 48 55 1 0
153029 1.02059 100 55 1 -10
153029 1.02059 48 55 1 -10
153029 1.02059 60 55 1 -10
153029 1.02059 36 55 1 0
153029 1.02059 100 55 1 0
153029 1.02059 36 55 1 -10
153029 1.02059 24 55 1 -10
152980 1.04577 12 45 -0.4 0.3
152846 1.01896 12 0 1.4 0
152832 1.0217 9 55 10 0.3
152831 1.02201 18 52.5 1 0.3
152731 1.01873 48 0 10 0.3
152731 1.01873 60 0 10 0.3
152731 1.01873 100 0 10 0.3
152731 1.01873 36 0 10 0.3
152700 1.02924 100 62.5 0.6 0.3
152700 1.02924 24 62.5 0.6 0.3
152700 1.02924 36 62.5 0.6 0.3
152700 1.02924 48 62.5 0.6 0.3
152700 1.02924 60 62.5 0.6 0.3
152592 1.07872 9 70 -0.6 0
152545 1.0727 6 0 -1 -0.15
152503 1.02145 18 65 10 0.3
152444 1.01994 24 57.5 10 0
152444 1.01994 100 57.5 10 -10
152444 1.01994 36 57.5 10 0
152444 1.01994 24 57.5 10 -10
152444 1.01994 48 57.5 10 0
152444 1.01994 60 57.5 10 0
152444 1.01994 48 57.5 10 -10
152444 1.01994 60 57.5 10 -10
152444 1.01994 36 57.5 10 -10
152444 1.01994 100 57.5 10 0
152420 1.02293 18 45 0.8 0.3
152349 1.0297 12 70 1 0.15
152349 1.0297 12 70 1 -10
152349 1.0297 12 70 1 0
152289 1.01979 24 62.5 10 -10
152289 1.01979 48 62.5 10 -10
152289 1.01979 48 62.5 10 0
152289 1.01979 60 62.5 10 0
152289 1.01979 36 62.5 10 -10
152289 1.01979 100 62.5 10 -10
152289 1.01979 60 62.5 10 -10
152289 1.01979 100 62.5 10 0
152289 1.01979 36 62.5 10 0
152289 1.01979 24 62.5 10 0
152157 1.02739 9 65 1 0.15
152148 1.01323 9 0 1.4 -10
151931 1.11496 6 75 1 0
151582 1.02703 48 60 0.6 0.3
151582 1.02703 100 60 0.6 0.3
151582 1.02703 60 60 0.6 0.3
151582 1.02703 24 60 0.6 0.3
151582 1.02703 36 60 0.6 0.3
151566 1.01932 9 0 1.4 0
151566 1.02028 12 57.5 10 0.3
151544 1.03582 12 62.5 0.6 0.45
151511 1.0212 9 45 10 0.3
151497 1.05949 9 65 -0.6 -0.3
151497 1.05949 9 65 -0.6 -10
151475 1.02406 9 45 0.4 -0.15
151467 1.0397 24 62.5 -0.6 -10
151467 1.0397 48 62.5 -0.6 0
151467 1.0397 100 62.5 -0.6 0
151467 1.0397 36 62.5 -0.6 0
151467 1.0397 60 62.5 -0.6 -10
151467 1.0397 48 62.5 -0.6 -10
151467 1.0397 100 62.5 -0.6 -10
151467 1.0397 24 62.5 -0.6 0
151467 1.0397 60 62.5 -0.6 0
151467 1.0397 36 62.5 -0.6 -10
151400 1.02708 9 65 1 -10
151400 1.02708 9 65 1 -0.3
151400 1.02708 9 65 1 0
151304 1.01937 100 45 0.8 -10
151304 1.01937 24 45 0.8 -10
151304 1.01937 60 45 0.8 0
151304 1.01937 60 45 0.8 -10
151304 1.01937 100 45 0.8 0
151304 1.01937 48 45 0.8 -10
151304 1.01937 48 45 0.8 0
151304 1.01937 36 45 0.8 -10
151304 1.01937 36 45 0.8 0
151304 1.01937 24 45 0.8 0
151223 1.10405 24 75 -1 0.45
151167 1.16058 9 65 -1 0.15
150964 1.04287 24 70 -0.6 0
150964 1.04287 48 70 -0.6 0
150964 1.04287 100 70 -0.6 0
150964 1.04287 60 70 -0.6 0
150964 1.04287 36 70 -0.6 0
150964 1.04287 100 70 -0.6 -10
150964 1.04287 36 70 -0.6 -10
150964 1.04287 24 70 -0.6 -10
150964 1.04287 48 70 -0.6 -10
150964 1.04287 60 70 -0.6 -10
150837 1.02453 9 0 1.4 0.45
150808 1.0472 24 55 -1 0
150808 1.0472 18 50 -1 0
150808 1.0472 18 40 -1 0
150808 1.0472 18 55 -1 0
150808 1.0472 18 47.5 -1 0
150808 1.0472 24 65 -1 0
150808 1.0472 18 65 -1 0
150808 1.0472 24 57.5 -1 0
150792 1.07963 6 45 0.8 0.3
150773 1.0507 12 45 -1.2 -0.3
150677 1.02524 24 65 1 0
150677 1.02524 36 65 1 -10
150677 1.02524 60 65 1 -10
150677 1.02524 24 65 1 -10
150677 1.02524 100 65 1 -10
150677 1.02524 18 65 1 0
150677 1.02524 60 65 1 0
150677 1.02524 100 65 1 0
150677 1.02524 18 65 1 -10
150677 1.02524 48 65 1 -10
150677 1.02524 36 65 1 0
150677 1.02524 48 65 1 0
150581 1.03305 18 65 -0.2 0.15
150536 1.11273 6 75 0.6 0
150256 1.02374 9 55 1 0.3
150221 1.06745 9 65 -0.6 0
150154 1.02849 9 55 0.6 0.3
149872 1.02476 9 55 0.6 0
149414 1.01958 12 60 10 0
149414 1.01958 12 60 10 0.15
149414 1.01958 12 60 10 -10
149395 1.02197 9 45 0.8 0.15
149393 1.018 18 0 1.4 0
149222 1.01983 18 0 1.4 0.3
149163 1.02324 9 45 0.4 -10
149163 1.02324 9 45 0.4 -0.45
149163 1.02324 9 45 0.4 -0.3
149128 1.02903 12 45 0.8 0.45
149063 1.10138 24 0 10 1.2
149063 1.10138 100 60 10 1.2
149063 1.10138 60 0 10 1.2
149063 1.10138 36 0 10 1.2
149063 1.10138 36 62.5 10 1.2
149063 1.10138 48 0 10 1.2
149063 1.10138 36 55 10 1.2
149063 1.10138 60 45 10 1.2
149063 1.10138 24 55 10 1.2
149063 1.10138 24 57.5 10 1.2
149063 1.10138 100 45 10 1.2
149063 1.10138 60 57.5 10 1.2
149063 1.10138 48 45 10 1.2
149063 1.10138 100 62.5 10 1.2
149063 1.10138 24 60 10 1.2
149063 1.10138 100 57.5 10 1.2
149063 1.10138 48 60 10 1.2
149063 1.10138 36 57.5 10 1.2
149063 1.10138 60 60 10 1.2
149063 1.10138 36 45 10 1.2
149063 1.10138 100 55 10 1.2
149063 1.10138 60 55 10 1.2
149063 1.10138 48 57.5 10 1.2
149063 1.10138 24 62.5 10 1.2
149063 1.10138 60 62.5 10 1.2
149063 1.10138 24 45 10 1.2
149063 1.10138 48 55 10 1.2
149063 1.10138 100 0 10 1.2
149063 1.10138 48 62.5 10 1.2
149063 1.10138 36 60 10 1.2
149032 1.04826 24 45 -0.8 0.15
149032 1.04826 18 45 -0.8 0.15
149026 1.01935 12 45 10 0.3
149010 1.07019 24 45 -0.8 0.45
149010 1.07019 18 45 -0.8 0.45
148920 1.05097 18 45 -1.2 0
148857 1.02835 9 70 10 0.3
148776 1.0278 24 70 1 0.3
148776 1.0278 100 70 1 0.3
148776 1.0278 48 70 1 0.3
148776 1.0278 60 70 1 0.3
148776 1.0278 36 70 1 0.3
148531 1.48541 9 70 10 0.9
148531 1.48541 9 75 10 0.9
148531 1.48541 9 72.5 10 0.9
148468 1.06861 6 0 -1 -0.3
148468 1.06861 6 0 -1 -10
148468 1.06861 6 0 -1 -0.45
148247 1.02391 9 67.5 10 0.45
148218 1.01907 12 0 1 0
148109 1.02037 18 55 1 0.3
147994 1.09033 18 75 10 1.05
147871 1.06794 6 50 -1 -10
147871 1.06794 6 50 -1 -0.45
147871 1.06794 6 50 -1 -0.3
147852 1.02119 9 55 1.4 0
147849 1.06645 6 55 -0.6 -10
147841 1.02246 24 70 10 0.3
147841 1.02246 48 70 10 0
147841 1.02246 24 70 10 -10
147841 1.02246 60 70 10 0
147841 1.02246 48 70 10 0.3
147841 1.02246 48 70 10 -10
147841 1.02246 24 70 10 0
147841 1.02246 36 70 10 0.3
147841 1.02246 100 70 10 0.3
147841 1.02246 36 70 10 0
147841 1.02246 100 70 10 0
147841 1.02246 100 70 10 -10
147841 1.02246 60 70 10 -10
147841 1.02246 36 70 10 -10
147841 1.02246 60 70 10 0.3
147824 1.03233 9 75 1.4 0
147824 1.03233 9 75 1.4 0.15
147712 1.06777 6 47.5 -1 -0.45
147712 1.06777 6 47.5 -1 -0.3
147712 1.06777 6 47.5 -1 -10
147676 1.02912 12 57.5 -0.2 -10
147676 1.02912 12 60 -0.2 -0.3
147676 1.02912 12 55 -0.2 -10
147676 1.02912 12 57.5 -0.2 -0.3
147676 1.02912 12 55 -0.2 -0.3
147676 1.02912 12 60 -0.2 0
147676 1.02912 12 60 -0.2 -10
147676 1.02912 12 57.5 -0.2 0
147676 1.02912 12 55 -0.2 0
147575 1.10127 18 45 -0.8 0.6
147575 1.10127 24 45 -0.8 0.6
147541 1.04284 12 57.5 -1 -0.45
147541 1.04284 12 57.5 -1 -0.3
147541 1.04284 12 57.5 -1 -10
147535 1.02039 18 47.5 1 0.3
147514 1.02516 60 75 10 0
147514 1.02516 100 75 10 0
147514 1.02516 100 75 10 0.3
147514 1.02516 48 75 10 0
147514 1.02516 60 75 10 0.3
147514 1.02516 60 75 10 -10
147514 1.02516 36 75 10 0.3
147514 1.02516 18 75 10 0
147514 1.02516 36 75 10 -10
147514 1.02516 24 75 10 0
147514 1.02516 24 75 10 0.3
147514 1.02516 18 75 10 0.3
147514 1.02516 48 75 10 -10
147514 1.02516 24 75 10 -10
147514 1.02516 18 75 10 -10
147514 1.02516 36 75 10 0
147514 1.02516 100 75 10 -10
147514 1.02516 48 75 10 0.3
147497 1.02263 9 45 1.2 0.3
147432 1.03014 9 45 0.8 0.45
147384 1.01819 24 45 1.2 -10
147384 1.01819 48 45 1.2 -10
147384 1.01819 36 45 1.2 0
147384 1.01819 24 45 1.2 0
147384 1.01819 60 45 1.2 0
147384 1.01819 100 45 1.2 0
147384 1.01819 48 45 1.2 0
147384 1.01819 60 45 1.2 -10
147384 1.01819 100 45 1.2 -10
147384 1.01819 36 45 1.2 -10
147354 1.01874 12 62.5 10 -10
147354 1.01874 12 62.5 10 0.15
147354 1.01874 12 62.5 10 0
147347 1.02096 9 55 1.4 0.15
147322 1.03129 12 70 1 0.45
147039 1.47059 18 65 1 1.05
147039 1.47059 18 45 0.8 1.05
147039 1.47059 18 55 1 1.05
147039 1.47059 18 40 1 1.05
147039 1.47059 18 47.5 1 1.05
147039 1.47059 18 52.5 1 1.05
147039 1.47059 18 0 1 1.05
147039 1.47059 18 50 1 1.05
147018 1.02697 12 45 -0.4 -0.3
147018 1.02697 12 45 -0.4 -10
147008 1.02103 9 55 1 0.15
146979 1.041 60 75 -0.2 0
146979 1.041 36 75 -0.2 -10
146979 1.041 36 75 -0.2 0
146979 1.041 100 75 -0.2 -10
146979 1.041 24 75 -0.2 -10
146979 1.041 60 75 -0.2 -10
146979 1.041 48 75 -0.2 0
146979 1.041 100 75 -0.2 0
146979 1.041 48 75 -0.2 -10
146979 1.041 24 75 -0.2 0
146975 1.01882 12 55 10 0.3
146938 1.01939 12 0 1 0.15
146885 1.03471 9 65 -0.2 -0.45
146885 1.03471 9 65 -0.2 -0.3
146885 1.03471 9 65 -0.2 -10
146885 1.03471 9 65 -0.2 -0.15
146726 1.0192 18 52.5 1 0
146726 1.0192 18 52.5 1 -10
146574 1.01951 18 65 10 0
146574 1.01951 18 65 10 -10
146522 1.0496 9 70 -0.2 -10
146522 1.0496 9 70 -0.2 -0.3
146522 1.0496 9 70 -0.2 -0.45
146522 1.0496 9 70 -0.2 -0.15
146516 1.01987 12 55 1 0.15
146453 1.03119 18 47.5 -0.6 -10
146453 1.03119 18 52.5 -0.6 -0.3
146453 1.03119 18 47.5 -0.6 -0.3
146453 1.03119 18 52.5 -0.6 -10
146453 1.03119 18 52.5 -0.6 0
146453 1.03119 18 50 -0.6 -10
146453 1.03119 18 50 -0.6 -0.3
146453 1.03119 18 50 -0.6 0
146453 1.03119 18 47.5 -0.6 0
146359 1.03031 24 75 1 -10
146359 1.03031 60 75 1 0
146359 1.03031 18 75 1 0
146359 1.03031 36 75 1 0.3
146359 1.03031 18 75 1 0.3
146359 1.03031 24 75 1 0
146359 1.03031 24 75 1 0.3
146359 1.03031 100 75 1 0
146359 1.03031 100 75 1 0.3
146359 1.03031 36 75 1 0
146359 1.03031 18 75 1 -10
146359 1.03031 48 75 1 0
146359 1.03031 48 75 1 0.3
146359 1.03031 48 75 1 -10
146359 1.03031 60 75 1 -10
146359 1.03031 60 75 1 0.3
146359 1.03031 36 75 1 -10
146359 1.03031 100 75 1 -10
145970 1.03164 18 45 -0.8 -0.3
145970 1.03164 60 45 -0.8 -0.3
145970 1.03164 36 45 -0.8 -10
145970 1.03164 24 45 -0.8 -0.3
145970 1.03164 24 45 -0.8 -10
145970 1.03164 36 45 -0.8 -0.3
145970 1.03164 48 45 -0.8 -10
145970 1.03164 48 45 -0.8 -0.3
145970 1.03164 60 45 -0.8 -10
145970 1.03164 100 45 -0.8 -10
145970 1.03164 18 45 -0.8 -10
145970 1.03164 100 45 -0.8 -0.3
145934 1.02071 9 55 1 0
145716 1.01962 12 57.5 1 -10
145716 1.01962 12 57.5 1 0.15
145716 1.01962 12 57.5 1 0
145684 1.03793 12 55 -1 -10
145684 1.03793 12 55 -1 -0.45
145684 1.03793 12 55 -1 -0.3
145682 1.01848 12 0 0.6 0
145460 1.02964 12 0 0.6 0.45
145299 1.01955 9 0 1 0.15
145273 1.06447 6 52.5 -0.6 -10
145163 1.14768 12 85 -0.6 0.3
145111 1.05709 12 60 -1 0
145111 1.05709 12 55 -1 0
145111 1.05709 12 65 -1 0
145111 1.05709 12 57.5 -1 0
144992 1.03105 12 45 -0.8 -10
144992 1.03105 12 45 -0.8 -0.45
144992 1.03105 12 45 -0.8 -0.3
144975 1.01935 12 55 1 -10
144975 1.01935 12 55 1 0
144931 1.04982 12 57.5 -1 -0.15
144931 1.04982 12 60 -1 -0.15
144927 1.06346 12 70 -1 0
144920 1.01944 9 45 0.8 0
144766 1.02305 12 70 10 -10
144766 1.02305 12 70 10 0.15
144766 1.02305 12 70 10 0.3
144766 1.02305 12 70 10 0
144758 1.01949 18 50 1 0.3
144757 1.02993 12 45 -0.4 0
144579 1.02576 18 45 -0.4 -10
144378 1.03715 24 55 -1 -10
144378 1.03715 18 55 -1 -10
144237 1.02999 18 40 -0.6 -10
144237 1.02999 100 0 -0.6 0
144237 1.02999 24 0 -0.6 0
144237 1.02999 60 0 -0.6 0
144237 1.02999 18 0 -0.6 0
144237 1.02999 48 0 -0.6 0
144237 1.02999 36 0 -0.6 0
144237 1.02999 18 40 -0.6 0
144237 1.02999 18 40 -0.6 -0.3
144217 1.0275 100 55 -0.2 0
144217 1.0275 36 55 -0.2 -10
144217 1.0275 48 55 -0.2 0
144217 1.0275 24 57.5 -0.2 -10
144217 1.0275 100 57.5 -0.2 0
144217 1.0275 60 57.5 -0.2 0
144217 1.0275 36 57.5 -0.2 -10
144217 1.0275 18 55 -0.2 -10
144217 1.0275 18 55 -0.2 0
144217 1.0275 100 57.5 -0.2 -10
144217 1.0275 36 55 -0.2 0
144217 1.0275 36 57.5 -0.2 0
144217 1.0275 60 55 -0.2 0
144217 1.0275 24 57.5 -0.2 0
144217 1.0275 100 55 -0.2 -10
144217 1.0275 48 57.5 -0.2 -10
144217 1.0275 48 57.5 -0.2 0
144217 1.0275 60 57.5 -0.2 -10
144217 1.0275 24 55 -0.2 -10
144217 1.0275 24 55 -0.2 0
144217 1.0275 60 55 -0.2 -10
144217 1.0275 48 55 -0.2 -10
144148 1.03625 18 75 0.6 0.15
144148 1.03625 18 75 0.6 0.3
144148 1.03625 18 75 0.6 0
144148 1.03625 18 75 0.6 -10
144065 1.01917 12 45 0.8 0.15
144047 1.02956 12 57.5 -0.2 0.15
144047 1.02956 12 55 -0.2 0.15
144047 1.02956 12 60 -0.2 0.15
143913 1.01772 18 0 1 0
143819 1.01954 12 0 0.6 0.15
143668 1.04908 6 55 -0.2 -0.15
143643 1.01687 12 0 10 0.3
143580 1.02403 18 40 -0.2 -10
143502 1.10046 100 85 -0.6 0.6
143502 1.10046 48 85 -0.6 0.6
143502 1.10046 60 85 -0.6 0.6
143502 1.10046 36 85 -0.6 0.6
143486 1.01821 9 0 1 0
143467 1.01773 12 57.5 10 -10
143467 1.01773 12 57.5 10 0
143467 1.01773 12 57.5 10 0.15
143432 1.01881 9 0 1.4 0.15
143412 1.01776 18 0 0.6 0
143245 1.01157 18 0 0.6 -10
143232 1.09495 48 70 10 1.2
143232 1.09495 24 70 10 1.2
143232 1.09495 100 70 10 1.2
143232 1.09495 36 70 10 1.2
143232 1.09495 60 70 10 1.2
143192 1.01959 9 55 1.4 -10
143154 1.03985 24 57.5 -1 -10
143141 1.01279 9 0 1 -10
143129 1.0185 9 55 10 -10
143129 1.0185 9 55 10 0
143129 1.0185 9 55 10 0.15
143085 1.211 9 80 1.4 0.6
143059 1.02559 48 70 1 0
143059 1.02559 36 70 1 -10
143059 1.02559 36 70 1 0
143059 1.02559 24 70 1 0
143059 1.02559 60 70 1 -10
143059 1.02559 24 70 1 -10
143059 1.02559 48 70 1 -10
143059 1.02559 60 70 1 0
143059 1.02559 100 70 1 0
143059 1.02559 100 70 1 -10
143033 1.03274 9 75 1.4 0.3
143017 1.03103 9 75 1 -0.3
143017 1.03103 9 75 1 -10
143017 1.03103 9 75 1 -0.15
143017 1.03103 9 75 1 -0.45
142898 1.01808 18 40 1 -10
142832 1.02391 9 0 0.6 0.3
142647 1.06198 12 57.5 10 0.9
142647 1.06198 12 55 10 0.9
142647 1.06198 12 0 10 0.9
142647 1.06198 12 45 10 0.9
142647 1.06198 12 60 10 0.9
142571 1.04786 12 65 -1 -0.15
142469 1.04274 12 55 -1 -0.15
142461 1.09375 60 65 10 1.2
142461 1.09375 36 65 10 1.2
142461 1.09375 48 65 10 1.2
142461 1.09375 24 65 10 1.2
142461 1.09375 100 65 10 1.2
142449 1.04809 6 55 -0.2 -10
142449 1.04809 6 55 -0.2 -0.45
142449 1.04809 6 55 -0.2 -0.3
142442 1.42469 18 75 1.4 1.05
142289 1.01377 9 0 1 -0.3
142210 1.01278 12 0 0.6 -10
141800 1.01773 18 40 1 0
141754 1.01772 18 47.5 1 0
141754 1.01772 18 47.5 1 -10
141752 1.06066 6 50 -0.6 -10
141717 1.05778 12 75 -1 -0.3
141717 1.05778 12 75 -1 -0.45
141717 1.05778 12 75 -1 -10
141687 1.01754 12 45 0.8 0
141687 1.01754 12 45 0.8 -10
141641 1.01744 12 0 1.4 0.15
141616 1.06048 6 47.5 -0.6 -10
141580 1.01878 18 0 0.6 0.15
141336 1.01911 9 55 1 -10
141336 1.01911 9 55 1 -0.3
141245 1.02417 12 62.5 0.6 -10
141245 1.02417 12 62.5 0.6 0.15
141245 1.02417 12 62.5 0.6 0
141136 1.03512 18 50 -1 -10
141136 1.03512 18 47.5 -1 -10
141112 1.12247 18 50 10 1.2
141112 1.12247 18 52.5 10 1.2
141112 1.12247 18 40 10 1.2
141112 1.12247 18 45 10 1.2
141112 1.12247 18 0 10 1.2
141112 1.12247 18 47.5 10 1.2
141112 1.12247 18 55 10 1.2
141111 1.03056 18 40 -1 -10
140945 1.24365 24 45 -0.8 1.2
140770 1.01791 18 55 1 -10
140770 1.01791 18 55 1 0
140678 1.15308 24 85 -0.6 0.6
140678 1.15308 18 85 -0.6 0.6
140664 1.02782 18 40 -0.2 0.15
140664 1.02782 18 55 -0.2 0.15
140664 1.02782 18 50 -0.2 0.15
140664 1.02782 18 47.5 -0.2 0.15
140525 1.02428 9 70 10 0.15
140525 1.02428 9 70 10 0
140525 1.02428 9 70 10 -10
140386 1.02441 9 72.5 10 0.3
140367 1.05089 9 70 -0.2 0
140327 1.05968 12 62.5 10 0.9
140238 1.05949 6 45 -0.8 -10
140041 1.03957 9 80 10 0.15
140020 1.05626 12 75 -1 -0.15
139999 1.01779 9 45 0.8 -10
139999 1.01779 9 45 0.8 -0.3
139741 1.0341 9 67.5 -0.2 -0.15
139741 1.0341 9 67.5 -0.2 -0.3
139741 1.0341 9 67.5 -0.2 -0.45
139741 1.0341 9 67.5 -0.2 -10
139649 1.01605 60 55 10 -10
139649 1.01605 24 55 10 0
139649 1.01605 100 55 10 0
139649 1.01605 48 55 10 -10
139649 1.01605 100 55 10 -10
139649 1.01605 24 55 10 -10
139649 1.01605 36 55 10 0
139649 1.01605 60 55 10 0
139649 1.01605 48 55 10 0
139649 1.01605 36 55 10 -10
139529 1.01643 9 45 10 -10
139529 1.01643 9 45 10 0
139077 1.01684 18 50 1 0
139077 1.01684 18 50 1 -10
139034 1.02324 36 62.5 0.6 0
139034 1.02324 60 62.5 0.6 -10
139034 1.02324 48 62.5 0.6 0
139034 1.02324 100 62.5 0.6 -10
139034 1.02324 48 62.5 0.6 -10
139034 1.02324 100 62.5 0.6 0
139034 1.02324 60 62.5 0.6 0
139034 1.02324 24 62.5 0.6 -10
139034 1.02324 24 62.5 0.6 0
139034 1.02324 36 62.5 0.6 -10
138999 1.01664 18 45 0.8 -10
138999 1.01664 18 45 0.8 0
138931 1.2305 24 55 -1 0.9
138931 1.2305 24 65 -1 0.9
138931 1.2305 24 70 -1 0.9
138931 1.2305 24 75 -1 0.9
138931 1.2305 24 57.5 -1 0.9
138899 1.02337 18 47.5 -0.2 0
138899 1.02337 18 50 -0.2 -10
138899 1.02337 18 40 -0.2 0
138899 1.02337 18 50 -0.2 0
138899 1.02337 18 47.5 -0.2 -10
138711 1.01441 9 0 0.6 -0.3
138676 1.03625 9 75 0.6 -10
138676 1.03625 9 75 0.6 -0.3
138676 1.03625 9 75 0.6 -0.15
138676 1.03625 9 75 0.6 -0.45
138372 1.068 6 52.5 -1 -0.15
138372 1.068 6 55 -1 -0.15
138325 1.06256 9 75 -0.6 -10
138313 1.01521 12 45 10 0
138313 1.01521 12 45 10 -10
138294 1.06263 9 70 -1 -0.3
138294 1.04028 12 60 -1 -10
138294 1.04028 12 60 -1 -0.45
138294 1.06263 9 70 -1 -10
138294 1.06263 9 70 -1 -0.45
138294 1.04028 12 60 -1 -0.3
138207 1.01585 12 45 10 0.15
138175 1.03815 9 80 1.4 0.15
138092 1.01778 9 45 1.2 0.15
138058 1.01669 9 45 10 0.15
137979 1.06222 9 67.5 -1 -0.3
137921 1.01309 9 0 0.6 -10
137910 1.03854 18 75 -0.6 -10
137910 1.03854 18 75 -0.6 0
137910 1.03854 18 75 -0.6 0.15
137867 1.0691 18 47.5 -0.6 0.6
137867 1.0691 18 50 -0.6 0.6
137867 1.0691 18 52.5 -0.6 0.6
137867 1.0691 18 0 -0.6 0.6
137867 1.0691 18 40 -0.6 0.6
137867 1.0691 18 55 -0.6 0.6
137867 1.0691 18 65 -0.6 0.6
137608 1.06681 6 55 -1 -10
137608 1.06681 6 55 -1 -0.45
137608 1.06681 6 55 -1 -0.3
137543 1.06183 9 70 -1 -0.15
137464 1.0666 6 52.5 -1 -10
137464 1.0666 6 52.5 -1 -0.45
137464 1.0666 6 52.5 -1 -0.3
137336 1.01536 18 55 10 -10
137336 1.01536 18 55 10 0
137226 1.06141 9 67.5 -1 -0.15
137216 1.02076 9 45 0.4 0
137075 1.06125 9 67.5 -1 -0.45
137075 1.06125 9 67.5 -1 -10
136827 1.04228 6 45 -0.4 -10
136819 1.01427 18 40 10 0
136819 1.01427 18 40 10 -10
136794 1.06607 12 65 10 0.9
136767 1.02551 18 45 -0.4 0
136010 1.0093 9 0 10 -10
135933 1.01616 9 45 1.2 0
135899 1.03839 12 65 -1 -10
135899 1.03839 12 65 -1 -0.3
135899 1.03839 12 65 -1 -0.45
135810 1.05372 9 70 -0.2 0.3
135409 1.03885 24 85 0.6 0.3
135409 1.03885 24 85 0.6 0
135409 1.03885 18 85 0.6 0
135409 1.03885 18 85 0.6 0.3
135409 1.03885 24 85 0.6 -10
135409 1.03885 18 85 0.6 -10
135327 1.0462 9 55 -0.6 0
135311 1.02931 9 75 1 0
135278 1.13864 18 75 0.6 0.9
135030 1.03644 9 45 -0.8 -0.15
134715 1.01796 9 0 0.6 0.15
134595 1.12095 9 80 10 0.6
134536 1.01858 9 67.5 10 0.3
134536 1.01858 9 67.5 10 -10
134536 1.01858 9 67.5 10 0
134536 1.01858 9 67.5 10 0.15
134441 1.01465 9 0 10 0.15
134143 1.03396 9 67.5 -0.2 0
133784 1.01447 12 55 10 -10
133784 1.01447 12 55 10 0.15
133784 1.01447 12 55 10 0
133650 1.02269 12 0 -0.6 -10
133650 1.02426 12 0 -0.6 -0.3
133599 1.01588 9 0 0.6 0
133346 1.02672 12 45 -0.8 -0.15
133185 1.0371 18 85 1 0.3
133185 1.0371 18 85 1.4 0.3
133185 1.0371 18 85 10 0
133185 1.0371 18 85 1 0
133185 1.0371 24 85 1.4 0
133185 1.0371 18 85 10 0.3
133185 1.0371 18 85 10 -10
133185 1.0371 24 85 10 -10
133185 1.0371 24 85 10 0.3
133185 1.0371 24 85 10 0
133185 1.0371 24 85 1 0
133185 1.0371 18 85 1.4 0
133185 1.0371 18 85 1 -10
133185 1.0371 24 85 1 -10
133185 1.0371 24 85 1.4 -10
133185 1.0371 18 85 1.4 -10
133185 1.0371 24 85 1.4 0.3
133185 1.0371 24 85 1 0.3
133020 1.14466 3 0 1.4 -0.45
133020 1.14466 3 0 10 -0.45
133020 1.14466 3 0 1 -0.45
133020 1.14466 3 0 1 -10
133020 1.14466 3 0 10 -10
133020 1.14466 3 0 0.6 -0.45
133020 1.14466 3 0 0.6 -10
133020 1.14466 3 0 1.4 -10
132697 1.01935 60 60 0.6 0
132697 1.01935 48 60 0.6 -10
132697 1.01935 36 60 0.6 -10
132697 1.01935 100 60 0.6 0
132697 1.01935 36 60 0.6 0
132697 1.01935 48 60 0.6 0
132697 1.01935 24 60 0.6 0
132697 1.01935 100 60 0.6 -10
132697 1.01935 60 60 0.6 -10
132697 1.01935 24 60 0.6 -10
132585 1.14369 3 0 1.4 -0.3
132585 1.14369 3 0 0.6 -0.3
132585 1.14369 3 0 10 -0.3
132585 1.14369 3 0 1 -0.3
132567 1.02591 9 45 0.4 0.3
132546 1.02202 24 0 -0.6 -10
132546 1.02202 60 0 -0.6 -10
132546 1.02354 18 0 -0.6 -0.3
132546 1.02202 18 0 -0.6 -10
132546 1.02202 100 0 -0.6 -10
132546 1.02202 36 0 -0.6 -10
132546 1.02202 48 0 -0.6 -10
132503 1.02035 9 72.5 10 0
132503 1.02035 9 72.5 10 -10
132402 1.03259 9 80 10 0
132322 1.02841 9 65 -0.2 0
131718 1.01304 9 0 10 0
131501 1.03913 6 60 -0.2 -10
131329 1.01452 9 45 1.2 -10
131281 1.03437 24 65 -1 -10
131281 1.03437 18 65 -1 -10
131186 1.03469 9 75 0.6 0
130929 1.0295 9 75 1 0.3
130754 1.04174 9 65 -0.2 0.3
130749 1.03308 9 55 -0.6 -0.3
130749 1.03308 9 55 -0.6 -10
130639 1.03117 9 80 1.4 0
130502 1.08697 12 75 -0.2 0.6
130133 1.03277 9 45 -0.8 -0.3
130133 1.03277 9 45 -0.8 -10
130133 1.03277 9 45 -0.8 -0.45
130086 1.04112 9 67.5 -0.2 0.3
129860 1.08697 100 75 10 1.2
129860 1.08697 36 75 10 1.2
129860 1.08697 24 75 10 1.2
129860 1.08697 60 75 10 1.2
129860 1.08697 48 75 10 1.2
129648 1.02809 9 80 10 -10
128824 1.03676 12 75 -0.6 0
128720 1.0424 18 85 -0.6 0
128720 1.0424 18 85 -0.6 -10
128720 1.0424 24 85 -0.6 0
128720 1.0424 24 85 -0.6 -10
128720 1.0424 18 85 -0.6 0.15
128706 1.03383 9 80 10 0.3
128371 1.0212 9 70 10 0.45
128063 1.14626 18 45 -1.2 0.6
128002 1.02456 9 70 1 0.3
127918 1.02693 9 80 1.4 -10
127758 1.09842 9 80 0.6 0.45
127663 1.01488 6 50 10 -10
127663 1.01488 6 50 10 -0.45
127663 1.01488 6 50 10 -0.15
127663 1.01488 6 50 10 -0.3
127660 1.03904 9 0 -0.6 0
127534 1.06242 24 70 -1 0.45
127534 1.06242 24 55 -1 0.45
127534 1.06242 24 57.5 -1 0.45
127534 1.06242 18 65 -1 0.45
127534 1.06242 18 50 -1 0.45
127534 1.06242 18 55 -1 0.45
127534 1.06242 18 40 -1 0.45
127534 1.06242 18 47.5 -1 0.45
127534 1.06242 24 65 -1 0.45
127268 1.04304 6 0 -0.6 -10
127229 1.27232 12 85 -0.6 0.45
127225 1.02196 9 70 1 -0.3
127225 1.02196 9 70 1 -10
127225 1.02196 9 70 1 0
127127 1.03188 6 52.5 -0.2 -0.15
126996 1.03224 9 80 1.4 0.3
126913 1.03546 9 75 0.6 0.3
126899 1.02178 9 70 1 0.15
126759 1.05066 12 45 -1.2 0
126734 1.03063 12 60 -0.2 0.45
126734 1.03063 12 55 -0.2 0.45
126734 1.03063 12 57.5 -0.2 0.45
126456 1.01439 6 47.5 10 -0.15
126456 1.01439 6 47.5 10 -0.45
126456 1.01439 6 47.5 10 -10
126456 1.01439 6 47.5 10 -0.3
126401 1.01905 6 55 10 -0.15
126401 1.01905 6 55 10 -10
126401 1.01905 6 55 10 -0.3
126401 1.01905 6 55 10 -0.45
126169 1.13449 9 70 -1 0.3
126169 1.13449 9 67.5 -1 0.3
126169 1.13449 9 65 -1 0.3
126169 1.13449 9 72.5 -1 0.3
126169 1.13449 9 45 -0.8 0.3
126055 1.03099 6 52.5 -0.2 -0.3
126055 1.03099 6 52.5 -0.2 -10
126055 1.03099 6 52.5 -0.2 -0.45
125847 1.02214 9 0 -0.6 -10
125810 1.01418 6 45 10 -0.3
125810 1.01418 6 45 10 -10
125810 1.01418 6 45 10 -0.45
125810 1.01418 6 45 10 -0.15
125519 1.03044 6 50 -0.2 -0.15
125141 1.06191 12 75 -1 0.3
124803 1.12747 12 85 -1 -0.15
124803 1.12747 12 85 -1 0.3
124803 1.12747 12 85 -1 -0.45
124803 1.12747 12 85 -1 0
124803 1.12747 12 85 -1 -0.3
124803 1.12747 12 85 -1 -10
124757 1.07711 9 70 -0.6 0.3
124757 1.07711 9 67.5 -0.6 0.3
124428 1.11556 12 85 10 0.6
124428 1.11556 12 85 1 0.6
124344 1.02442 6 0 -0.2 -0.15
124141 1.0142 6 52.5 10 -10
123132 1.0436 12 75 -0.2 0.45
123128 1.02594 6 47.5 -0.2 -0.15
123074 1.02691 12 75 -0.2 0
123074 1.02691 12 75 -0.2 0.15
122979 1.02832 6 50 -0.2 -0.3
122979 1.02832 6 50 -0.2 -10
122979 1.02832 6 50 -0.2 -0.45
122771 1.0198 6 60 10 -10
122768 1.04728 6 75 10 -0.45
122768 1.04728 6 75 10 -10
122768 1.04728 6 75 1.4 -0.45
122768 1.04728 6 75 1.4 -0.3
122768 1.04728 6 75 1.4 -10
122768 1.04728 6 75 10 -0.3
122673 1.05813 9 72.5 10 0.75
122624 1.0465 6 75 1 -0.45
122624 1.0465 6 75 1 -10
122624 1.0465 6 75 1 -0.3
122602 1.02175 9 0 0.6 0.45
122229 1.00499 12 0 10 -10
121998 1.05285 9 85 0.6 -0.15
121998 1.05285 9 85 0.6 0
121998 1.05285 9 85 0.6 -0.3
121998 1.05285 9 85 0.6 -0.45
121998 1.05285 9 85 0.6 -10
121850 1.02265 6 0 -0.2 -0.3
121824 1.04004 18 45 -1.2 0.3
121497 1.04472 6 75 0.6 -0.45
121497 1.04472 6 75 0.6 -10
121497 1.04472 6 75 0.6 -0.3
121304 1.04508 6 75 10 -0.15
121304 1.04508 6 75 1.4 -0.15
121162 1.04438 6 75 1 -0.15
120637 1.02401 6 47.5 -0.2 -0.3
120637 1.02401 6 47.5 -0.2 -0.45
120637 1.02401 6 47.5 -0.2 -10
120634 1.04311 6 60 -0.6 -10
120557 1.10802 6 75 -0.6 0
120389 1.00906 12 0 10 0.15
120172 1.20187 9 45 0.4 0.6
120048 1.04259 6 75 0.6 -0.15
120002 1.04849 9 85 10 -0.45
120002 1.04849 9 85 1.4 -0.3
120002 1.04849 9 85 1.4 0
120002 1.04849 9 85 1.4 -0.15
120002 1.04849 9 85 10 -0.15
120002 1.04849 9 85 10 0
120002 1.04849 9 85 1.4 -0.45
120002 1.04849 9 85 1 -0.15
120002 1.04849 9 85 1 0
120002 1.04849 9 85 1.4 -10
120002 1.04849 9 85 1 -10
120002 1.04849 9 85 1 -0.45
120002 1.04849 9 85 1 -0.3
120002 1.04849 9 85 10 -10
120002 1.04849 9 85 10 -0.3
119959 1.10491 6 60 -1 0
119959 1.10491 6 52.5 -1 0
119959 1.10491 6 50 -1 0
119959 1.10491 6 0 -1 0
119959 1.10491 6 55 -1 0
119959 1.10491 6 47.5 -1 0
119659 1.02128 6 0 -0.2 -10
119659 1.02128 6 0 -0.2 -0.45
119141 1.03267 12 75 -0.6 0.3
118818 1.01842 9 72.5 1 0.3
118737 1.01987 6 65 1.4 -0.15
118737 1.01987 6 65 1.4 -10
118737 1.01987 6 65 10 -0.15
118737 1.01987 6 65 10 -0.3
118737 1.01987 6 65 10 -10
118737 1.01987 6 65 1.4 -0.45
118737 1.01987 6 65 10 -0.45
118737 1.01987 6 65 1.4 -0.3
118588 1.0891 18 65 10 1.2
118450 1.02707 6 0 10 0.45
118450 1.02707 6 52.5 10 0.45
118445 1.03963 9 72.5 -0.6 -10
118445 1.03963 9 72.5 -0.6 -0.45
118445 1.03963 9 72.5 -0.6 -0.15
118445 1.03963 9 72.5 -0.6 -0.3
118107 1.03788 9 45 -0.8 0
118091 1.04096 9 65 -1 -0.3
118091 1.04096 9 65 -1 -10
118067 1.01654 9 72.5 1 -0.3
118067 1.01654 9 72.5 1 -10
118067 1.01654 9 72.5 1 0
118022 1.0129 6 50 1 -0.3
118022 1.0129 6 50 1 -0.15
118022 1.0129 6 50 1 -10
118022 1.0129 6 50 1 -0.45
117883 1.01104 6 50 10 0
117774 1.01636 9 72.5 1 0.15
117747 1.01277 6 47.5 1 -0.15
117747 1.01277 6 47.5 1 -0.45
117747 1.01277 6 47.5 1 -0.3
117747 1.01277 6 47.5 1 -10
117689 1.02593 6 60 10 0.45
117515 1.00757 12 0 10 0
117462 1.0171 6 55 1 -10
117462 1.0171 6 55 1 -0.45
117462 1.0171 6 55 1 -0.15
117462 1.0171 6 55 1 -0.3
117001 1.01124 6 0 1 -0.3
116812 1.01052 6 47.5 10 0
116617 1.04593 9 72.5 -0.6 0
116590 1.05907 9 70 -1 0
116590 1.05907 9 65 -1 0
116590 1.05907 9 67.5 -1 0
116248 1.02319 9 80 1 0
116194 1.0103 6 45 10 0
116190 1.16193 6 47.5 10 0.6
116190 1.16193 6 45 10 0.6
116190 1.16193 6 52.5 10 0.6
116190 1.16193 6 50 10 0.6
116190 1.16193 6 0 10 0.6
116032 1.0238 12 75 -0.2 0.3
115722 1.01456 6 0 10 0.3
115707 1.01174 6 45 0.8 -0.3
115707 1.01174 6 45 0.8 -10
115629 1.01174 6 0 1 -0.15
115303 1.05103 9 85 -0.6 -10
115303 1.05103 9 85 -0.6 -0.15
115303 1.05103 9 85 -0.6 -0.3
115303 1.05103 9 85 -0.6 0
115303 1.05103 9 85 -0.6 -0.45
115270 1.01349 6 55 10 0
114928 1.00787 6 0 10 -10
114919 1.06046 12 70 10 0.9
114459 1.14462 6 60 10 0.6
114459 1.14462 6 55 10 0.6
114286 1.05995 12 75 10 0.9
114279 1.01172 6 52.5 1 -0.3
114279 1.01172 6 52.5 1 -10
114279 1.01172 6 52.5 1 -0.45
114279 1.01172 6 52.5 1 -0.15
114111 1.01452 6 50 10 0.3
114076 1.00979 6 52.5 10 0
113878 1.01794 6 65 1 -10
113878 1.01794 6 65 1 -0.45
113878 1.01794 6 65 1 -0.15
113878 1.01794 6 65 1 -0.3
113829 1.01968 9 80 1 -10
113829 1.01968 9 80 1 -0.3
113829 1.01968 9 80 1 -0.15
113829 1.01968 9 80 1 -0.45
113608 1.02602 9 72.5 -0.2 -0.3
113608 1.02602 9 72.5 -0.2 -10
113608 1.02602 9 72.5 -0.2 -0.45
113608 1.02602 9 72.5 -0.2 -0.15
113086 1.01423 6 60 10 0.15
113082 1.00894 6 0 1 -0.45
113082 1.00894 6 0 1 -10
113008 1.02328 9 80 1 0.3
113003 1.01369 6 45 10 0.3
113003 1.01369 6 47.5 10 0.3
112952 1.01869 9 0 -0.6 -0.3
112790 1.07912 12 85 -0.2 0.45
112665 1.01911 6 65 0.6 -0.3
112665 1.01911 6 65 0.6 -10
112526 1.03961 6 60 -1 -0.3
112526 1.03961 6 60 -1 -0.45
112526 1.03961 6 60 -1 -10
112388 1.03936 6 60 -1 -0.15
112213 1.12217 12 65 10 1.2
112213 1.12217 12 57.5 10 1.2
112213 1.12217 12 45 10 1.2
112213 1.12217 12 55 10 1.2
112213 1.12217 12 62.5 10 1.2
112213 1.12217 12 60 10 1.2
112213 1.12217 12 0 10 1.2
111725 1.01562 6 60 1 -0.15
111725 1.01562 6 60 1 -0.3
111725 1.01562 6 60 1 -0.45
111725 1.01562 6 60 1 -10
111715 1.0054 18 0 10 0
111537 1.01304 6 60 10 0
111473 1.0021 18 0 10 -10
111423 1.08596 18 50 -0.2 0.9
111423 1.08596 18 55 -0.2 0.9
111423 1.08596 18 75 -0.6 0.9
111423 1.08596 18 65 -0.2 0.9
111423 1.08596 18 45 -0.4 0.9
111423 1.08596 18 40 -0.2 0.9
111423 1.08596 18 47.5 -0.2 0.9
111216 1.0079 6 0 10 0
111200 1.02291 6 55 -0.2 0
111181 1.02342 12 85 -0.6 -0.3
111181 1.02342 12 85 -0.6 0
111181 1.02342 12 85 -0.6 -10
111181 1.02342 12 85 -0.6 0.15
110856 1.1086 18 75 10 1.2
110625 1.10628 12 85 -0.2 0.6
110574 1.03589 12 55 -0.2 0.6
110574 1.03589 12 70 -0.2 0.6
110574 1.03589 12 60 -0.2 0.6
110574 1.03589 12 65 -0.2 0.6
110574 1.03589 12 57.5 -0.2 0.6
109711 1.02603 12 75 -1 0
109481 1.01265 6 55 10 0.3
109097 1.01206 6 52.5 10 0.3
109020 1.06324 9 65 10 0.9
109020 1.06324 9 67.5 10 0.9
108995 1.00846 6 50 1 0
108849 1.06754 12 45 -1.2 0.3
108802 1.02485 9 72.5 -0.2 0
108754 1.00832 6 47.5 1 0
108677 1.0172 6 65 1.4 0.3
108677 1.0172 6 65 10 0.3
108449 1.00789 6 52.5 10 0.15
108302 1.01263 6 60 10 0.3
108302 1.00401 24 0 10 0
108292 1.00677 6 0 10 0.15
107886 1.0125 6 65 10 0
107886 1.0125 6 65 1.4 0
107761 1.00779 6 0 1 0
107184 1.05907 9 45 10 0.9
107184 1.05907 9 0 10 0.9
107184 1.05907 9 55 10 0.9
107119 1.01045 6 55 1 0
106862 1.00722 6 45 0.8 0
106734 1.0124 9 80 0.6 0.15
106414 1.02161 9 85 0.6 0.3
106321 1.00323 48 0 10 0
106321 1.00323 100 0 10 0
106321 1.00323 60 0 10 0
106321 1.00323 36 0 10 0
106314 1.01622 6 65 1 0.3
106065 1.00759 6 45 0.8 0.15
105818 1.02672 9 45 0.8 0.6
105533 1.02254 12 55 -1 0.3
105533 1.02254 12 57.5 -1 0.3
105533 1.02254 12 60 -1 0.3
105533 1.02254 12 65 -1 0.3
105533 1.02254 12 70 -1 0.3
105272 1.02282 9 72.5 -0.2 0.3
104987 1.00657 6 52.5 1 0
104933 1.02618 6 75 10 0
104933 1.02618 6 75 1.4 0
104870 1.02043 12 45 -0.8 0.3
104675 1.01581 9 85 10 0.3
104675 1.01581 9 85 1.4 0.3
104675 1.01581 9 85 1 0.3
104347 1.04348 3 55 1 0
104347 1.04348 3 55 10 0
104285 1.01164 12 85 10 0
104285 1.01164 12 85 10 -10
104285 1.01164 12 85 1 -10
104285 1.01164 12 85 1 0
104141 1.00074 36 0 10 -10
104141 1.00074 60 0 10 -10
104141 1.00074 48 0 10 -10
104096 1.02208 9 0 1 0.6
104096 1.02208 9 55 1 0.6
103864 1.03865 3 0 1 0
103864 1.03865 3 45 10 0
103864 1.03865 3 0 10 0
103864 1.03865 3 0 0.6 0
103864 1.03865 3 0 1.4 0
103864 1.03865 3 45 0.8 0
103691 1.01357 6 0 1 0.3
103460 1.00965 6 65 1 0
103064 1.00946 9 70 1 0.45
102371 1.00888 6 65 0.6 0.15
102371 1.00888 6 65 0.6 0
102192 1.00832 9 72.5 1 0.45
101896 1.01897 3 65 -0.6 -10
101896 1.01897 3 65 -1 -10
101497 1.00708 6 60 1 0
101310 1.00037 24 0 10 -10
100920 1.00366 9 80 0.6 0
100556 1.00558 3 55 -1 -10
100556 1.00558 3 55 -0.6 -10
100333 1.00335 3 45 -0.8 -10
100333 1.00335 3 45 -1.2 -10
100000 1 60 57.5 -0.2 1.8
100000 1 60 57.5 -0.2 2.4
100000 1 60 57.5 -0.2 3
100000 1 60 57.5 -1 1.8
100000 1 60 57.5 -1 2.4
100000 1 60 57.5 -1 3
100000 1 60 57.5 10 1.8
100000 1 60 57.5 -0.6 1.5
100000 1 60 57.5 -0.6 3
100000 1 60 57.5 -0.6 2.4
100000 1 60 57.5 -0.6 1.8
100000 1 60 57.5 10 2.4
100000 1 60 57.5 10 3
100000 1 60 0 1 1.8
100000 1 60 0 1 2.4
100000 1 60 0 1 3
100000 1 60 0 -0.6 1.8
100000 1 60 0 -0.6 2.4
100000 1 60 0 -0.6 3
100000 1 60 57.5 1 3
100000 1 60 57.5 1 2.4
100000 1 60 57.5 1 1.8
100000 1 60 0 -0.6 1.5
100000 1 60 0 1.4 1.8
100000 1 60 0 1.4 2.4
100000 1 60 0 1.4 3
100000 1 60 0 0.6 1.8
100000 1 60 0 0.6 2.4
100000 1 60 0 0.6 3
100000 1 60 0 10 1.8
100000 1 60 62.5 10 3
100000 1 60 62.5 10 2.4
100000 1 60 62.5 10 1.8
100000 1 60 0 10 2.4
100000 1 60 0 10 3
100000 1 18 45 0.8 1.2
100000 1 18 45 0.8 1.8
100000 1 18 45 0.8 2.4
100000 1 18 45 0.8 3
100000 1 18 45 -0.8 1.2
100000 1 18 45 -0.8 1.8
100000 1 60 62.5 0.6 3
100000 1 60 62.5 0.6 2.4
100000 1 60 62.5 0.6 1.8
100000 1 18 45 -0.8 2.4
100000 1 18 45 -0.8 3
100000 1 18 45 -0.4 1.2
100000 1 18 45 -0.4 1.8
100000 1 18 45 -0.4 2.4
100000 1 18 45 -0.4 3
100000 1 18 45 -1.2 1.2
100000 1 18 45 -1.2 1.8
100000 1 60 62.5 1.4 3
100000 1 60 62.5 1.4 2.4
100000 1 60 62.5 1.4 1.8
100000 1 18 45 -1.2 2.4
100000 1 18 45 -1.2 3
100000 1 18 45 10 1.8
100000 1 18 45 10 2.4
100000 1 18 45 10 3
100000 1 18 55 1 1.2
100000 1 18 55 1 1.8
100000 1 60 62.5 -0.6 1.5
100000 1 60 62.5 -0.6 3
100000 1 60 62.5 -0.6 2.4
100000 1 60 62.5 -0.6 1.8
100000 1 18 55 1 2.4
100000 1 18 55 1 3
100000 1 18 55 -0.6 1.2
100000 1 18 55 -0.6 1.8
100000 1 18 55 -0.6 2.4
100000 1 18 55 -0.6 3
100000 1 18 55 -0.2 1.2
100000 1 18 55 -0.2 1.8
100000 1 60 62.5 1 3
100000 1 60 62.5 1 2.4
100000 1 60 62.5 1 1.8
100000 1 18 55 -0.2 2.4
100000 1 18 55 -0.2 3
100000 1 18 55 -1 1.2
100000 1 18 55 -1 1.8
100000 1 18 55 -1 2.4
100000 1 18 55 -1 3
100000 1 18 55 -1 0.9
100000 1 18 55 10 1.8
100000 1 60 60 10 3
100000 1 60 60 10 2.4
100000 1 60 60 10 1.8
100000 1 18 55 10 2.4
100000 1 18 55 10 3
100000 1 18 65 1 1.2
100000 1 18 65 1 1.8
100000 1 18 65 1 2.4
100000 1 18 65 1 3
100000 1 18 65 -0.6 1.2
100000 1 18 65 -0.6 1.8
100000 1 60 60 0.6 3
100000 1 60 60 0.6 2.4
100000 1 60 60 0.6 1.8
100000 1 18 65 -0.6 2.4
100000 1 18 65 -0.6 3
100000 1 18 65 -0.2 1.2
100000 1 18 65 -0.2 1.8
100000 1 18 65 -0.2 2.4
100000 1 18 65 -0.2 3
100000 1 18 65 -1 1.2
100000 1 18 65 -1 1.8
100000 1 60 60 1.4 3
100000 1 60 60 1.4 2.4
100000 1 60 60 1.4 1.8
100000 1 18 65 -1 2.4
100000 1 18 65 -1 3
100000 1 18 65 -1 0.9
100000 1 18 65 10 1.8
100000 1 18 65 10 2.4
100000 1 18 65 10 3
100000 1 18 75 1 1.2
100000 1 60 60 -0.6 1.5
100000 1 60 60 -0.6 3
100000 1 60 60 -0.6 2.4
100000 1 60 60 -0.6 1.8
100000 1 18 75 1 1.8
100000 1 18 75 1 2.4
100000 1 18 75 1 3
100000 1 18 75 1 1.05
100000 1 18 75 -0.6 1.2
100000 1 18 75 -0.6 1.8
100000 1 18 75 -0.6 2.4
100000 1 18 75 -0.6 3
100000 1 60 60 1 3
100000 1 60 60 1 2.4
100000 1 60 60 1 1.8
100000 1 18 75 1.4 1.2
100000 1 18 75 1.4 1.8
100000 1 18 75 1.4 2.4
100000 1 18 75 1.4 3
100000 1 18 75 0.6 1.2
100000 1 18 75 0.6 1.8
100000 1 18 75 0.6 2.4
100000 1 18 75 0.6 3
100000 1 60 70 10 3
100000 1 60 70 10 2.4
100000 1 60 70 10 1.8
100000 1 18 75 10 1.8
100000 1 18 75 10 2.4
100000 1 18 75 10 3
100000 1 18 85 1 1.2
100000 1 18 85 1 1.8
100000 1 18 85 1 2.4
100000 1 18 85 1 3
100000 1 18 85 1 1.05
100000 1 60 70 -1 3
100000 1 60 70 -1 2.4
100000 1 60 70 -1 1.8
100000 1 18 85 -0.6 1.2
100000 1 18 85 -0.6 1.8
100000 1 18 85 -0.6 2.4
100000 1 18 85 -0.6 3
100000 1 18 85 -0.6 0.9
100000 1 18 85 1.4 1.2
100000 1 18 85 1.4 1.8
100000 1 18 85 1.4 2.4
100000 1 60 70 -0.2 3
100000 1 60 70 -0.2 2.4
100000 1 60 70 -0.2 1.8
100000 1 18 85 1.4 3
100000 1 18 85 1.4 1.05
100000 1 18 85 0.6 1.2
100000 1 18 85 0.6 1.8
100000 1 18 85 0.6 2.4
100000 1 18 85 0.6 3
100000 1 18 85 0.6 1.05
100000 1 60 70 -0.6 1.5
100000 1 60 70 -0.6 3
100000 1 60 70 -0.6 2.4
100000 1 60 70 -0.6 1.8
100000 1 18 85 10 1.2
100000 1 18 85 10 1.8
100000 1 18 85 10 2.4
100000 1 18 85 10 3
100000 1 18 85 10 1.05
100000 1 18 95 1 0
100000 1 18 95 1 0.6
100000 1 18 95 1 1.2
100000 1 60 70 1 3
100000 1 60 70 1 2.4
100000 1 60 70 1 1.8
100000 1 18 95 1 1.8
100000 1 18 95 1 2.4
100000 1 18 95 1 3
100000 1 60 95 10 -10
100000 1 60 95 10 2.55
100000 1 60 95 10 2.85
100000 1 60 95 10 2.7
100000 1 60 95 10 3.3
100000 1 60 95 10 3
100000 1 60 95 10 2.4
100000 1 60 95 10 1.8
100000 1 60 95 10 1.2
100000 1 60 95 10 0.6
100000 1 60 95 10 0
100000 1 60 95 -1 -10
100000 1 60 95 -1 2.55
100000 1 60 95 -1 2.85
100000 1 60 95 -1 2.7
100000 1 60 95 -1 3.3
100000 1 60 95 -1 3
100000 1 60 95 -1 2.4
100000 1 60 95 -1 1.8
100000 1 60 95 -1 1.2
100000 1 60 95 -1 0.6
100000 1 60 95 -1 0
100000 1 60 95 -0.2 -10
100000 1 60 95 -0.2 2.55
100000 1 60 95 -0.2 2.85
100000 1 60 95 -0.2 2.7
100000 1 60 95 -0.2 3.3
0
424765 53.6 70 10 0.75