799620 1.79664 24 75 10 0.6
799620 1.79664 24 75 10 0.3
799620 1.79664 24 75 10 0.45
799620 1.79664 24 75 10 -10
799620 1.79664 24 75 10 0.15
799620 1.79664 24 75 10 0
727396 1.72997 18 75 10 0.15
727396 1.72997 18 75 10 0.45
727396 1.72997 18 75 10 0.6
727396 1.72997 18 75 10 0
727396 1.72997 18 75 10 0.3
727396 1.72997 18 75 10 -10
685864 1.69265 18 65 0.6 0.45
685864 1.69265 18 65 0.6 0.6
685864 1.69265 18 65 0.6 0.3
683491 1.70621 18 0 -0.2 0.45
683491 1.70621 18 55 -0.2 0.45
680278 1.68993 18 65 1 0.45
680278 1.68993 18 65 1 0.6
680278 1.68993 18 65 1 0.3
674568 1.74501 24 75 10 0.9
637598 1.65728 9 52.5 -0.6 -10
637598 1.65728 9 52.5 -0.2 -10
637598 1.65728 9 50 -0.6 -10
637598 1.65728 9 50 -0.2 -10
632879 1.71055 18 67.5 0.6 -10
632879 1.71055 18 67.5 0.6 0.15
632879 1.71055 18 67.5 0.6 0.6
632879 1.71055 18 67.5 0.6 0.3
632879 1.71055 18 67.5 0.6 0.45
632879 1.71055 18 67.5 0.6 0
630863 1.65992 18 65 0.6 0.15
630863 1.65992 18 65 0.6 0
630199 1.7095 18 67.5 1.4 0.45
630199 1.7095 18 67.5 1.4 0.15
630199 1.7095 18 67.5 1.4 0.3
630199 1.7095 18 67.5 1.4 -10
630199 1.7095 18 67.5 1.4 0.6
630199 1.7095 18 67.5 1.4 0
629374 1.70291 18 72.5 0.6 0.6
629374 1.70291 18 72.5 0.6 0.3
629374 1.70291 18 72.5 0.6 0.15
629374 1.70291 24 72.5 0.6 0.6
629374 1.70291 18 72.5 0.6 -10
629374 1.70291 18 72.5 0.6 0.45
629374 1.70291 18 72.5 0.6 0
628619 1.66952 12 45 -0.4 -0.15
626731 1.70186 18 72.5 1.4 0.15
626731 1.70186 18 72.5 1.4 0.6
626731 1.70186 18 72.5 1.4 0
626731 1.70186 18 72.5 1.4 -10
626731 1.70186 18 72.5 1.4 0.3
626731 1.70186 18 72.5 1.4 0.45
626731 1.70186 24 72.5 1.4 0.6
626028 1.66816 12 0 -0.6 -0.15
626028 1.66816 12 45 -0.8 -0.15
625733 1.6572 18 65 1 0
625733 1.6572 18 65 1 0.15
621218 1.69746 18 70 0.6 0.6
621218 1.69746 18 70 0.6 0.45
621218 1.69746 18 70 0.6 -10
621218 1.69746 18 70 0.6 0.15
621218 1.69746 18 70 0.6 0.3
621218 1.69746 18 70 0.6 0
620294 1.64822 9 47.5 -0.2 -10
620294 1.64822 9 47.5 -0.6 -10
618587 1.6964 18 70 1.4 0
618587 1.6964 18 70 1.4 0.45
618587 1.6964 18 70 1.4 0.15
618587 1.6964 18 70 1.4 0.6
618587 1.6964 18 70 1.4 0.3
618587 1.6964 18 70 1.4 -10
614916 1.66211 12 0 -1 -0.15
614257 1.70317 18 67.5 1 0.3
614257 1.70317 18 67.5 1 0
614257 1.70317 18 67.5 1 0.6
614257 1.70317 18 67.5 1 -10
614257 1.70317 18 67.5 1 0.45
614257 1.70317 18 67.5 1 0.15
613914 1.68356 18 75 0.6 0.45
613914 1.68356 18 75 0.6 0
613914 1.68356 18 75 0.6 0.6
613914 1.68356 18 75 0.6 0.15
613914 1.68356 24 75 0.6 -10
613914 1.68356 18 75 0.6 0.3
613914 1.68356 18 75 0.6 -10
613914 1.68356 18 75 1 -10
613914 1.68356 24 75 0.6 0.15
613914 1.68356 18 75 1 0.15
613914 1.68356 24 75 0.6 0.45
613914 1.68356 24 75 0.6 0.3
613914 1.68356 24 75 1 0
613914 1.68356 18 75 1 0.45
613914 1.68356 24 75 1 0.6
613914 1.68356 24 75 1 0.3
613914 1.68356 18 75 1 0.3
613914 1.68356 24 75 1 0.45
613914 1.68356 24 75 1 0.15
613914 1.68356 24 75 1 -10
613914 1.68356 24 75 0.6 0.6
613914 1.68356 18 75 1 0
613914 1.68356 24 75 0.6 0
613914 1.68356 18 75 1 0.6
611325 1.6825 18 75 1.4 0
611325 1.6825 24 75 1.4 0.3
611325 1.6825 24 75 1.4 0.45
611325 1.6825 24 75 1.4 0.15
611325 1.6825 18 75 1.4 -10
611325 1.6825 24 75 1.4 0
611325 1.6825 18 75 1.4 0.6
611325 1.6825 24 75 1.4 -10
611325 1.6825 18 75 1.4 0.3
611325 1.6825 24 75 1.4 0.6
611325 1.6825 18 75 1.4 0.45
611325 1.6825 18 75 1.4 0.15
610876 1.69553 18 72.5 1 0
610876 1.69553 18 72.5 1 0.3
610876 1.69553 24 72.5 1 0.6
610876 1.69553 18 72.5 1 0.45
610876 1.69553 18 72.5 1 0.15
610876 1.69553 18 72.5 1 -10
610876 1.69553 18 72.5 1 0.6
602939 1.69007 18 70 1 0.3
602939 1.69007 18 70 1 0
602939 1.69007 18 70 1 0.15
602939 1.69007 18 70 1 0.45
602939 1.69007 18 70 1 0.6
602939 1.69007 18 70 1 -10
595543 1.63231 9 45 -0.4 -10
594090 1.63618 9 50 -1 -10
594090 1.63618 9 52.5 -1 -10
593696 1.63261 12 45 -0.4 -10
593696 1.63261 12 45 -0.4 -0.3
593696 1.63261 12 45 -0.4 -0.45
591249 1.63125 12 0 -0.6 -0.45
591249 1.63125 12 45 -0.8 -0.45
591249 1.63125 12 45 -0.8 -0.3
591249 1.63125 12 45 -0.8 -10
591249 1.63125 12 0 -0.6 -0.3
590045 1.63345 9 47.5 -1 -10
583100 1.62598 9 0 -0.6 -10
583100 1.62598 9 0 -1 -10
582353 1.59315 36 77.5 10 1.2
582353 1.59315 48 77.5 10 1.2
582353 1.59315 100 77.5 10 1.2
582353 1.59315 60 77.5 10 1.2
580754 1.62521 12 0 -1 -0.3
580754 1.62521 12 0 -1 -0.45
577871 1.66558 12 60 1 0.45
566504 1.61754 9 45 -0.8 -10
563765 1.57316 36 75 10 1.2
563765 1.57316 60 75 10 1.2
563765 1.57316 48 75 10 1.2
563765 1.57316 100 75 10 1.2
550498 1.63344 12 60 1 0.6
540778 1.62617 12 65 1.4 0.3
540778 1.62617 12 65 1 0.3
534097 1.62117 12 65 1.4 0.45
534097 1.62117 12 65 1 0.45
524377 1.61389 12 65 1.4 0.15
524377 1.61389 12 65 1.4 0
524377 1.61389 12 65 1 0
524377 1.61389 12 65 1 0.15
509496 1.53315 48 77.5 10 1.05
509496 1.53315 100 77.5 10 -10
509496 1.53315 36 77.5 10 0
509496 1.53315 48 77.5 10 0.75
509496 1.53315 60 77.5 10 -10
509496 1.53315 60 77.5 10 0.75
509496 1.53315 48 77.5 10 -10
509496 1.53315 60 77.5 10 1.05
509496 1.53315 36 77.5 10 0.6
509496 1.53315 36 77.5 10 0.9
509496 1.53315 48 77.5 10 0.9
509496 1.53315 60 77.5 10 0.9
509496 1.53315 36 77.5 10 1.05
509496 1.53315 48 77.5 10 0.6
509496 1.53315 36 77.5 10 0.75
509496 1.53315 100 77.5 10 0.9
509496 1.53315 60 77.5 10 0.6
509496 1.53315 100 77.5 10 0.6
509496 1.53315 36 77.5 10 -10
509496 1.53315 48 77.5 10 0
509496 1.53315 60 77.5 10 0
509496 1.53315 100 77.5 10 0.75
509496 1.53315 100 77.5 10 0
509496 1.53315 100 77.5 10 1.05
508833 1.62129 12 55 1 -0.15
508833 1.62129 12 55 1 -0.3
508833 1.62129 12 55 1 -0.45
508833 1.62129 12 55 1 0
508833 1.62129 12 55 1 -10
506580 1.52452 60 75 10 0.75
506580 1.52452 36 75 10 0
506580 1.52452 36 75 10 -10
506580 1.52452 100 75 10 0.6
506580 1.52452 100 75 10 0.75
506580 1.52452 36 75 10 0.75
506580 1.52452 36 75 10 0.6
506580 1.52452 100 75 10 0.9
506580 1.52452 48 75 10 0.9
506580 1.52452 48 75 10 0.6
506580 1.52452 48 75 10 0
506580 1.52452 100 75 10 0
506580 1.52452 60 75 10 -10
506580 1.52452 36 75 10 0.9
506580 1.52452 100 75 10 -10
506580 1.52452 60 75 10 0
506580 1.52452 60 75 10 0.6
506580 1.52452 48 75 10 -10
506580 1.52452 48 75 10 0.75
506580 1.52452 60 75 10 0.9
505567 1.61966 12 55 0.6 -0.15
505567 1.61966 12 55 0.6 -0.45
505567 1.61966 12 55 0.6 -10
505567 1.61966 12 55 0.6 0
505567 1.61966 12 55 0.6 -0.3
503598 1.58989 9 52.5 1 -10
503598 1.58989 9 50 10 -10
503598 1.58989 9 52.5 10 -10
503598 1.58989 9 50 1 -10
499972 1.60442 18 65 -0.6 0.15
499972 1.60442 18 65 -0.6 0
497699 1.6226 18 72.5 -0.6 -0.3
497699 1.6226 18 67.5 -0.6 0
497699 1.6226 18 70 -0.6 0
497699 1.6226 18 67.5 -0.6 0.3
497699 1.6226 18 70 -0.6 0.3
497699 1.6226 18 67.5 -0.6 -0.3
497699 1.6226 18 72.5 -0.6 0
497699 1.6226 18 72.5 -0.6 0.3
497699 1.6226 18 72.5 -0.6 -0.15
497699 1.6226 18 70 -0.6 -0.45
497699 1.6226 18 70 -0.6 -0.3
497699 1.6226 18 67.5 -0.6 -0.15
497699 1.6226 18 72.5 -0.6 -0.45
497699 1.6226 18 72.5 -0.6 -10
497699 1.6226 18 65 -0.6 0.3
497699 1.6226 18 70 -0.6 -10
497699 1.6226 18 67.5 -0.6 -10
497699 1.6226 18 70 -0.6 -0.15
497699 1.6226 18 67.5 -0.6 -0.45
496686 1.61359 18 0 -0.2 0.6
496686 1.61359 18 55 -0.2 0.6
493227 1.51316 48 75 10 1.05
493227 1.51316 100 75 10 1.05
493227 1.51316 36 75 10 1.05
493227 1.51316 60 75 10 1.05
489943 1.58083 9 47.5 1 -10
489943 1.58083 9 47.5 10 -10
485692 1.58944 12 65 1 -10
485692 1.58944 12 65 1.4 -10
485692 1.58944 12 65 1.4 -0.3
485692 1.58944 12 65 1 -0.3
463245 1.49485 24 70 10 0.75
463245 1.49485 24 70 10 0.6
449230 1.58091 12 65 0.6 0.3
446597 1.56361 12 55 1 0.6
446154 1.51846 9 52.5 10 -0.15
446154 1.51846 9 52.5 10 0
446154 1.51846 9 52.5 10 -0.3
446154 1.51846 9 52.5 10 -0.45
445197 1.51727 9 50 10 -0.3
445197 1.51727 9 50 10 -0.15
445197 1.51727 9 50 10 0
445197 1.51727 9 50 10 -0.45
444157 1.4816 24 45 10 1.65
444157 1.4816 24 55 10 1.65
444157 1.4816 24 0 10 1.65
442333 1.57528 12 65 0.6 0.45
440937 1.47394 18 55 1 0.75
439812 1.81454 18 45 10 1.05
439812 1.81454 18 55 10 1.05
439812 1.81454 18 0 10 1.05
439159 1.47751 24 65 10 1.65
438640 1.47156 18 0 1 0.75
437050 1.47031 18 55 1 0.9
436083 1.51094 9 47.5 10 0
436083 1.51094 9 47.5 10 -0.15
435561 1.46945 18 45 0.8 0.75
434774 1.46792 18 0 1 0.9
433125 1.50821 9 47.5 10 -0.45
433125 1.50821 9 47.5 10 -0.3
432082 1.45578 18 67.5 10 0.15
432082 1.45578 18 67.5 10 0.3
432082 1.45578 18 67.5 10 0.45
432082 1.45578 18 67.5 10 -10
432082 1.45578 18 67.5 10 0
432082 1.45578 18 67.5 10 0.6
431718 1.46581 18 45 0.8 0.9
431663 1.46074 12 0 -1 -10
431094 1.57677 12 55 0.6 0.3
430349 1.90699 18 55 1 1.05
428573 1.45863 12 0 -0.6 -10
428331 1.57523 12 55 1 0.3
428108 1.90093 18 0 1 1.05
427546 1.47811 36 75 0.6 0
427546 1.47811 60 75 1 0.3
427546 1.47811 60 75 0.6 0.9
427546 1.47811 100 75 0.6 0.6
427546 1.47811 48 75 1 0
427546 1.47811 100 75 0.6 0
427546 1.47811 36 75 1 0.45
427546 1.47811 36 75 0.6 0.3
427546 1.47811 60 75 1 0.45
427546 1.47811 100 75 0.6 0.9
427546 1.47811 60 75 0.6 0.6
427546 1.47811 36 75 1 0.15
427546 1.47811 36 75 1 -10
427546 1.47811 100 75 0.6 0.3
427546 1.47811 100 75 0.6 0.45
427546 1.47811 100 75 0.6 0.15
427546 1.47811 100 75 0.6 -10
427546 1.47811 60 75 0.6 -10
427546 1.47811 60 75 0.6 0.15
427546 1.47811 36 75 1 0.9
427546 1.47811 36 75 0.6 0.45
427546 1.47811 60 75 1 0.9
427546 1.47811 48 75 1 0.6
427546 1.47811 60 75 0.6 0.45
427546 1.47811 100 75 1 -10
427546 1.47811 36 75 0.6 0.9
427546 1.47811 60 75 1 0.15
427546 1.47811 100 75 1 0.15
427546 1.47811 100 75 1 0.45
427546 1.47811 48 75 0.6 0
427546 1.47811 60 75 0.6 0.3
427546 1.47811 100 75 1 0.3
427546 1.47811 100 75 1 0.9
427546 1.47811 48 75 1 -10
427546 1.47811 48 75 1 0.15
427546 1.47811 48 75 1 0.45
427546 1.47811 48 75 0.6 0.6
427546 1.47811 48 75 0.6 0.9
427546 1.47811 48 75 1 0.3
427546 1.47811 48 75 0.6 0.3
427546 1.47811 48 75 1 0.9
427546 1.47811 48 75 0.6 0.45
427546 1.47811 48 75 0.6 0.15
427546 1.47811 60 75 1 -10
427546 1.47811 60 75 0.6 0
427546 1.47811 60 75 1 0
427546 1.47811 36 75 1 0.3
427546 1.47811 36 75 1 0
427546 1.47811 36 75 0.6 0.15
427546 1.47811 36 75 0.6 0.6
427546 1.47811 100 75 1 0
427546 1.47811 100 75 1 0.6
427546 1.47811 48 75 0.6 -10
427546 1.47811 36 75 1 0.6
427546 1.47811 36 75 0.6 -10
427546 1.47811 60 75 1 0.6
427162 1.97784 100 82.5 -1 -0.3
427162 1.97784 48 82.5 -1 -0.3
427162 1.97784 48 82.5 -1 -0.15
427162 1.97784 48 82.5 -1 -0.45
427162 1.97784 60 82.5 -1 0
427162 1.97784 60 82.5 -1 0.3
427162 1.97784 60 82.5 -1 -0.3
427162 1.97784 60 82.5 -1 -0.15
427162 1.97784 100 82.5 -1 -10
427162 1.97784 100 82.5 -1 -0.45
427162 1.97784 48 82.5 -1 0.3
427162 1.97784 100 82.5 -1 -0.15
427162 1.97784 48 82.5 -1 -10
427162 1.97784 100 82.5 -1 0.3
427162 1.97784 60 82.5 -1 -0.45
427162 1.97784 60 82.5 -1 -10
427162 1.97784 100 82.5 -1 0
427162 1.97784 48 82.5 -1 0
426024 1.57387 12 60 1 -10
426024 1.57387 12 60 1 0.15
426024 1.57387 12 60 1 0
426024 1.57387 12 60 1 0.3
425752 1.47705 48 75 1.4 0.6
425752 1.47705 48 75 1.4 0.15
425752 1.47705 36 75 1.4 0.15
425752 1.47705 48 75 1.4 0.45
425752 1.47705 36 75 1.4 0.45
425752 1.47705 36 75 1.4 0.3
425752 1.47705 36 75 1.4 0.9
425752 1.47705 36 75 1.4 0.6
425752 1.47705 36 75 1.4 0
425752 1.47705 100 75 1.4 0.6
425752 1.47705 100 75 1.4 0.9
425752 1.47705 60 75 1.4 -10
425752 1.47705 60 75 1.4 0
425752 1.47705 60 75 1.4 0.6
425752 1.47705 60 75 1.4 0.15
425752 1.47705 100 75 1.4 0.3
425752 1.47705 60 75 1.4 0.9
425752 1.47705 48 75 1.4 0
425752 1.47705 60 75 1.4 0.45
425752 1.47705 48 75 1.4 -10
425752 1.47705 100 75 1.4 0.45
425752 1.47705 36 75 1.4 -10
425752 1.47705 100 75 1.4 0.15
425752 1.47705 100 75 1.4 -10
425752 1.47705 100 75 1.4 0
425752 1.47705 60 75 1.4 0.3
425752 1.47705 48 75 1.4 0.3
425752 1.47705 48 75 1.4 0.9
424537 1.89811 18 45 0.8 1.05
423766 1.44814 18 72.5 10 0
423766 1.44814 18 72.5 10 0.6
423766 1.44814 18 72.5 10 0.3
423766 1.44814 24 72.5 10 0.6
423766 1.44814 18 72.5 10 0.45
423766 1.44814 18 72.5 10 0.15
423766 1.44814 18 72.5 10 -10
421390 1.47886 60 70 10 1.35
421390 1.47886 100 70 10 1.35
421390 1.47886 48 70 10 1.35
421390 1.47886 36 70 10 1.35
419849 1.971 48 82.5 -0.2 0
419849 1.971 48 82.5 -0.2 -0.3
419849 1.971 100 82.5 -0.6 -0.45
419849 1.971 48 82.5 -0.6 -10
419849 1.971 100 82.5 -0.6 0
419849 1.971 60 82.5 -0.6 0
419849 1.971 48 82.5 -0.2 -0.45
419849 1.971 48 82.5 -0.6 -0.45
419849 1.971 48 82.5 -0.2 -10
419849 1.971 60 82.5 -0.6 0.3
419849 1.971 60 82.5 -0.6 -0.3
419849 1.971 100 82.5 -0.6 0.3
419849 1.971 100 82.5 -0.6 -0.3
419849 1.971 48 82.5 -0.6 -0.15
419849 1.971 60 82.5 -0.6 -0.15
419849 1.971 60 82.5 -0.6 -0.45
419849 1.971 60 82.5 -0.6 -10
419849 1.971 60 82.5 -0.2 0
419849 1.971 60 82.5 -0.2 0.3
419849 1.971 48 82.5 -0.2 -0.15
419849 1.971 60 82.5 -0.2 -0.3
419849 1.971 60 82.5 -0.2 -0.15
419849 1.971 60 82.5 -0.2 -0.45
419849 1.971 60 82.5 -0.2 -10
419849 1.971 100 82.5 -0.6 -0.15
419849 1.971 48 82.5 -0.6 0
419849 1.971 100 82.5 -0.2 -10
419849 1.971 48 82.5 -0.6 0.3
419849 1.971 100 82.5 -0.2 0
419849 1.971 48 82.5 -0.6 -0.3
419849 1.971 100 82.5 -0.2 -0.45
419849 1.971 100 82.5 -0.6 -10
419849 1.971 100 82.5 -0.2 -0.15
419849 1.971 48 82.5 -0.2 0.3
419849 1.971 100 82.5 -0.2 -0.3
419849 1.971 100 82.5 -0.2 0.3
419521 1.44387 18 70 10 0
419521 1.44387 18 70 10 0.3
419521 1.44387 18 70 10 0.45
419521 1.44387 18 70 10 0.15
419521 1.44387 18 70 10 -10
419521 1.44387 18 70 10 0.6
418211 1.56938 12 60 0.6 -10
418211 1.56938 12 60 0.6 0
418211 1.56938 12 60 0.6 -0.3
418211 1.56938 12 60 0.6 -0.15
418211 1.56938 12 60 0.6 -0.45
418118 1.96919 48 82.5 1 -10
418118 1.96919 36 82.5 0.6 -0.3
418118 1.96919 36 82.5 10 0
418118 1.96919 60 82.5 10 -10
418118 1.96919 100 82.5 1 0
418118 1.96919 60 82.5 10 -0.45
418118 1.96919 60 82.5 10 -0.15
418118 1.96919 60 82.5 10 -0.3
418118 1.96919 48 82.5 1 -0.45
418118 1.96919 48 82.5 1 -0.15
418118 1.96919 100 82.5 1 0.3
418118 1.96919 48 82.5 1 -0.3
418118 1.96919 48 82.5 1 0.3
418118 1.96919 100 82.5 1 -0.3
418118 1.96919 100 82.5 1 -0.15
418118 1.96919 100 82.5 1 -0.45
418118 1.96919 100 82.5 1 -10
418118 1.96919 48 82.5 1 0
418118 1.96919 36 82.5 0.6 0.3
418118 1.96919 36 82.5 1 0
418118 1.96919 36 82.5 0.6 0
418118 1.96919 60 82.5 1 -0.45
418118 1.96919 60 82.5 1 0.3
418118 1.96919 60 82.5 1 0
418118 1.96919 36 82.5 10 -10
418118 1.96919 60 82.5 10 0.3
418118 1.96919 36 82.5 10 -0.45
418118 1.96919 36 82.5 10 -0.15
418118 1.96919 36 82.5 10 -0.3
418118 1.96919 36 82.5 1 0.3
418118 1.96919 36 82.5 10 0.3
418118 1.96919 60 82.5 10 0
418118 1.96919 100 82.5 10 0
418118 1.96919 36 82.5 1.4 -10
418118 1.96919 36 82.5 1 -0.3
418118 1.96919 100 82.5 10 0.3
418118 1.96919 100 82.5 10 -0.3
418118 1.96919 100 82.5 10 -0.15
418118 1.96919 100 82.5 10 -0.45
418118 1.96919 100 82.5 10 -10
418118 1.96919 36 82.5 1 -0.15
418118 1.96919 36 82.5 0.6 -10
418118 1.96919 36 82.5 1 -0.45
418118 1.96919 36 82.5 0.6 -0.45
418118 1.96919 36 82.5 1 -10
418118 1.96919 48 82.5 10 0
418118 1.96919 48 82.5 10 0.3
418118 1.96919 48 82.5 10 -0.3
418118 1.96919 48 82.5 10 -0.15
418118 1.96919 48 82.5 10 -0.45
418118 1.96919 48 82.5 10 -10
418118 1.96919 36 82.5 1.4 0
418118 1.96919 60 82.5 1 -10
418118 1.96919 36 82.5 1.4 0.3
418118 1.96919 60 82.5 1 -0.3
418118 1.96919 36 82.5 1.4 -0.3
418118 1.96919 36 82.5 0.6 -0.15
418118 1.96919 36 82.5 1.4 -0.15
418118 1.96919 36 82.5 1.4 -0.45
418118 1.96919 60 82.5 1 -0.15
414596 1.4973 36 80 -0.2 0.3
414596 1.4973 36 80 -0.2 0
414596 1.4973 36 80 -0.2 -10
414596 1.4973 36 80 -0.2 -0.45
414596 1.4973 36 80 -0.2 -0.15
414596 1.4973 36 80 -0.2 -0.3
414499 1.46532 24 70 0.6 0.6
414499 1.46532 24 70 0.6 0.75
414099 1.48861 9 55 10 -0.3
414099 1.48861 9 55 10 -0.15
414099 1.48861 9 55 10 -0.45
414099 1.48861 9 55 10 -10
414099 1.48861 9 55 10 0
412745 1.46426 24 70 1.4 0.6
412745 1.46426 24 70 1.4 0.75
409629 1.4553 24 67.5 10 1.35
409629 1.4553 24 67.5 10 1.5
408519 1.5345 9 45 -1.2 -10
408089 1.49186 36 80 -0.6 0
408089 1.49186 36 80 -0.6 -0.15
408089 1.49186 36 80 -0.6 -0.45
408089 1.49186 36 80 -0.6 0.3
408089 1.49186 36 80 -0.6 -0.3
408089 1.49186 36 80 -0.6 -10
407955 1.55535 12 65 0.6 0.15
407955 1.55535 12 65 0.6 0
407504 1.81297 12 67.5 10 0.6
406295 1.53372 12 45 -1.2 -0.45
406295 1.53372 12 45 -1.2 -10
406295 1.53372 12 45 -1.2 -0.3
406280 1.43453 18 0 -0.2 0.3
406280 1.43453 18 55 -0.2 0.3
405411 1.48566 100 80 10 0.6
405411 1.48566 48 80 10 0.6
405411 1.48566 36 80 10 0.6
405411 1.48566 60 80 10 0.6
404185 1.80935 12 65 10 0.6
403179 1.78464 12 72.5 10 0.6
402820 1.763 24 75 10 1.2
402303 1.45793 24 70 1 0.6
402303 1.45793 24 70 1 0.75
401265 1.43744 24 55 10 1.35
401265 1.43744 24 45 10 1.35
401265 1.43744 24 0 10 1.35
400306 1.48476 100 80 -1 -0.3
400306 1.48476 48 80 -1 -0.3
400306 1.48476 100 80 -1 0.3
400306 1.48476 48 80 -1 -0.15
400306 1.48476 48 80 -1 -0.45
400306 1.48476 48 80 -1 0.3
400306 1.48476 100 80 -1 -0.15
400306 1.48476 48 80 -1 -10
400306 1.48476 60 80 -1 0.3
400306 1.48476 100 80 -1 0
400306 1.48476 60 80 -1 0
400306 1.48476 60 80 -1 -0.3
400306 1.48476 100 80 -1 -10
400306 1.48476 60 80 -1 -0.15
400306 1.48476 48 80 -1 0
400306 1.48476 100 80 -1 -0.45
400306 1.48476 60 80 -1 -10
400306 1.48476 60 80 -1 -0.45
396228 1.44581 24 67.5 10 1.2
396203 1.43441 24 0 10 1.5
396203 1.43441 24 45 10 1.5
396203 1.43441 24 55 10 1.5
394582 1.42502 18 45 -0.4 0.3
393546 1.6505 36 80 1 1.05
393546 1.6505 100 80 10 1.05
393546 1.6505 48 80 1 1.05
393546 1.6505 60 80 10 1.05
393546 1.6505 48 80 10 1.05
393546 1.6505 60 80 1 1.05
393546 1.6505 100 80 1 1.05
393546 1.6505 36 80 10 1.05
393460 1.47963 48 80 -0.6 -10
393460 1.47963 60 80 -0.6 -0.15
393460 1.47963 60 80 -0.2 -10
393460 1.47963 60 80 -0.2 -0.45
393460 1.47963 100 80 -0.6 0
393460 1.47963 100 80 -0.6 -0.45
393460 1.47963 60 80 -0.6 0
393460 1.47963 100 80 -0.2 -0.15
393460 1.47963 60 80 -0.2 -0.15
393460 1.47963 100 80 -0.6 -10
393460 1.47963 100 80 -0.2 -0.3
393460 1.47963 100 80 -0.2 0.3
393460 1.47963 60 80 -0.6 0.3
393460 1.47963 48 80 -0.2 0
393460 1.47963 48 80 -0.6 -0.45
393460 1.47963 60 80 -0.6 -0.3
393460 1.47963 48 80 -0.6 -0.15
393460 1.47963 48 80 -0.2 0.3
393460 1.47963 48 80 -0.2 -0.3
393460 1.47963 48 80 -0.6 0
393460 1.47963 100 80 -0.2 -0.45
393460 1.47963 48 80 -0.6 0.3
393460 1.47963 60 80 -0.6 -0.45
393460 1.47963 100 80 -0.2 -10
393460 1.47963 60 80 -0.6 -10
393460 1.47963 60 80 -0.2 0
393460 1.47963 100 80 -0.6 0.3
393460 1.47963 100 80 -0.2 0
393460 1.47963 60 80 -0.2 -0.3
393460 1.47963 48 80 -0.2 -10
393460 1.47963 100 80 -0.6 -0.3
393460 1.47963 100 80 -0.6 -0.15
393460 1.47963 48 80 -0.6 -0.3
393460 1.47963 48 80 -0.2 -0.45
393460 1.47963 48 80 -0.2 -0.15
393460 1.47963 60 80 -0.2 0.3
392384 1.46731 36 75 -0.6 -10
392384 1.46731 36 75 -0.6 -0.45
392384 1.46731 36 75 -0.6 -0.3
392384 1.46731 36 75 -0.6 -0.15
391745 1.43032 24 65 10 1.35
391745 1.43032 24 65 10 1.5
390663 1.54176 12 65 0.6 -10
390663 1.54176 12 65 0.6 -0.3
389656 1.63777 100 77.5 0.6 1.2
389656 1.63777 60 77.5 0.6 1.2
389656 1.63777 48 77.5 1 1.2
389656 1.63777 48 77.5 1.4 1.2
389656 1.63777 36 77.5 1 1.2
389656 1.63777 48 77.5 0.6 1.2
389656 1.63777 60 77.5 1.4 1.2
389656 1.63777 60 77.5 1 1.2
389656 1.63777 100 77.5 1 1.2
389656 1.63777 100 77.5 1.4 1.2
389652 1.43128 18 55 1 0.6
389016 1.63795 48 80 -1 1.2
389016 1.63795 100 80 -1 1.2
389016 1.63795 60 80 -1 1.2
388135 1.42795 24 45 10 1.2
388135 1.42795 24 0 10 1.2
388135 1.42795 24 55 10 1.2
388043 1.66575 100 70 10 1.65
388043 1.66575 48 70 10 1.65
388043 1.66575 60 70 10 1.65
388043 1.66575 36 70 10 1.65
386812 1.46672 36 77.5 -1 0.3
386812 1.46672 36 77.5 -1 -0.3
386812 1.46672 36 77.5 -1 0
386812 1.46672 36 77.5 -1 -0.15
386812 1.46672 36 77.5 -1 -0.45
386812 1.46672 36 77.5 -1 -10
386040 1.43914 24 70 10 0.9
385939 1.7722 12 70 10 0.6
385362 1.46248 100 77.5 1.4 -10
385362 1.46248 48 77.5 1.4 0
385362 1.46248 60 77.5 1.4 -10
385362 1.46248 100 77.5 1.4 0
385362 1.46248 48 77.5 1.4 -10
385362 1.46248 60 77.5 1.4 0
384579 1.42533 18 0 1 0.6
384317 1.41123 24 72.5 10 0.15
384317 1.41123 24 72.5 10 -10
384317 1.41123 24 72.5 10 0
384317 1.41123 24 72.5 10 0.3
384317 1.41123 24 72.5 10 0.45
384254 1.63373 48 80 -0.6 1.2
384254 1.63373 60 80 -0.2 1.2
384254 1.63373 100 80 -0.6 1.2
384254 1.63373 48 80 -0.2 1.2
384254 1.63373 60 80 -0.6 1.2
384254 1.63373 100 80 -0.2 1.2
383322 1.63214 60 77.5 -0.6 1.2
383322 1.63214 100 77.5 -0.6 1.2
383322 1.63214 48 77.5 -0.6 1.2
382667 1.63232 48 80 10 1.2
382667 1.63232 60 80 1 1.2
382667 1.63232 100 80 10 1.2
382667 1.63232 60 80 10 1.2
382667 1.63232 36 80 10 1.2
382667 1.63232 48 80 1 1.2
382667 1.63232 100 80 1 1.2
382667 1.63232 36 80 1 1.2
382601 1.46491 36 77.5 -0.2 0.3
382601 1.46491 36 77.5 -0.2 -0.3
382601 1.46491 36 77.5 -0.2 -0.15
382601 1.46491 36 77.5 -0.2 -0.45
382601 1.46491 36 77.5 -0.2 0
382601 1.46491 36 77.5 -0.2 -10
381882 1.42322 18 45 0.8 0.6
381862 1.46294 36 77.5 -0.6 -0.45
381862 1.46294 36 77.5 -0.6 -0.3
381862 1.46294 36 77.5 -0.6 -0.15
381862 1.46294 36 77.5 -0.6 0
381862 1.46294 36 77.5 -0.6 0.3
381862 1.46294 36 77.5 -0.6 -10
381348 1.40999 18 55 -0.2 0.15
381348 1.40999 18 0 -0.2 0.15
380575 1.45644 36 75 -0.6 0
378924 1.42083 24 65 10 1.2
378664 1.40571 18 45 -0.8 0
376182 1.69792 24 72.5 10 1.2
374773 1.40284 18 55 -0.2 0
371817 1.64887 60 70 10 1.5
371817 1.64887 100 70 10 1.5
371817 1.64887 48 70 10 1.5
371817 1.64887 36 70 10 1.5
371273 1.46709 48 80 10 0.75
371273 1.46709 36 80 10 0.75
371273 1.46709 36 80 10 0.9
371273 1.46709 60 80 10 0.9
371273 1.46709 60 80 10 0.75
371273 1.46709 100 80 10 0.75
371273 1.46709 48 80 10 0.9
371273 1.46709 100 80 10 0.9
370541 1.45404 100 77.5 1 -10
370541 1.45404 36 77.5 1 0
370541 1.45404 48 77.5 0.6 -10
370541 1.45404 48 77.5 1 0
370541 1.45404 60 77.5 0.6 -10
370541 1.45404 36 77.5 1 -10
370541 1.45404 60 77.5 1 0
370541 1.45404 100 77.5 0.6 -10
370541 1.45404 48 77.5 0.6 0
370541 1.45404 48 77.5 1 -10
370541 1.45404 100 77.5 1 0
370541 1.45404 60 77.5 0.6 0
370541 1.45404 60 77.5 1 -10
370541 1.45404 100 77.5 0.6 0
370367 1.40048 18 45 -0.4 0.15
368162 1.45072 100 77.5 -0.6 0
368162 1.45072 100 77.5 -0.6 -10
368162 1.45072 48 77.5 -0.6 0
368162 1.45072 60 77.5 -0.6 0
368162 1.45072 48 77.5 -0.6 -10
368162 1.45072 60 77.5 -0.6 -10
367851 1.60126 100 75 1.4 1.2
367851 1.60126 36 75 1 1.2
367851 1.60126 48 75 1 1.2
367851 1.60126 60 75 1.4 1.2
367851 1.60126 100 75 1 1.2
367851 1.60126 36 75 1.4 1.2
367851 1.60126 36 75 0.6 1.2
367851 1.60126 48 75 0.6 1.2
367851 1.60126 60 75 0.6 1.2
367851 1.60126 48 75 1.4 1.2
367851 1.60126 100 75 0.6 1.2
367851 1.60126 60 75 1 1.2
365515 1.53921 12 60 0.6 0.3
363981 1.39333 18 45 -0.4 0
363899 1.83408 9 0 10 0.6
363899 1.83408 9 45 10 0.6
362833 1.59492 100 80 -1 0.6
362833 1.59492 60 80 -1 0.6
362833 1.59492 48 80 -1 0.6
362151 1.43793 48 80 10 0.3
362151 1.43793 36 80 10 0
362151 1.43793 100 80 10 0
362151 1.43793 100 80 10 0.3
362151 1.43793 60 80 10 0.3
362151 1.43793 100 80 10 -10
362151 1.43793 48 80 10 0
362151 1.43793 48 80 10 -10
362151 1.43793 36 80 10 -10
362151 1.43793 60 80 10 -10
362151 1.43793 60 80 10 0
362151 1.43793 36 80 10 0.3
361871 1.59563 100 75 -0.6 1.2
361871 1.59563 60 75 -0.6 1.2
361871 1.59563 48 75 -0.6 1.2
361367 1.408 60 70 10 1.2
361367 1.408 48 70 10 1.2
361367 1.408 36 70 10 1.2
361367 1.408 100 70 10 1.2
360069 1.40007 18 67.5 10 0.9
358398 1.5907 48 80 -0.6 0.6
358398 1.5907 60 80 -0.2 0.6
358398 1.5907 100 80 -0.2 0.6
358398 1.5907 60 80 -0.6 0.6
358398 1.5907 100 80 -0.6 0.6
358398 1.5907 48 80 -0.2 0.6
357802 1.3889 24 70 10 0.3
357802 1.3889 24 70 10 -10
357802 1.3889 24 70 10 0
357391 1.90578 36 82.5 -0.6 0
357391 1.90578 36 82.5 -0.6 -0.45
357391 1.90578 36 82.5 -0.6 -0.15
357391 1.90578 36 82.5 -0.6 -0.3
357391 1.90578 36 82.5 -0.6 0.3
357391 1.90578 36 82.5 -0.6 -10
357271 1.6906 12 60 0.6 0.6
356980 1.4347 48 75 -0.6 0
356980 1.4347 60 75 -0.6 0
356980 1.4347 100 75 -0.6 -10
356980 1.4347 100 75 -0.6 0
356980 1.4347 36 75 -0.6 0.3
356980 1.4347 60 75 -0.6 -10
356980 1.4347 48 75 -0.6 -10
356915 1.58929 60 80 1 0.9
356915 1.58929 60 80 1 0.6
356915 1.58929 100 80 1 0.6
356915 1.58929 36 80 1 0.9
356915 1.58929 60 80 1 0.75
356915 1.58929 36 80 1 0.75
356915 1.58929 36 80 1 0.6
356915 1.58929 48 80 1 0.6
356915 1.58929 100 80 1 0.75
356915 1.58929 48 80 1 0.9
356915 1.58929 100 80 1 0.9
356915 1.58929 48 80 1 0.75
355746 1.67484 12 55 0.6 0.6
355553 1.45039 9 55 10 0.3
354671 1.40801 9 45 10 0
353630 1.38397 18 0 -0.6 0
353630 1.38397 18 55 -0.6 0
353576 1.41297 9 45 10 0.45
353576 1.41297 9 0 10 0.45
353140 1.40693 9 45 0.8 0
353140 1.40693 9 45 0.8 -0.15
353138 1.39243 24 72.5 10 0.9
353138 1.39243 18 72.5 10 0.9
353039 1.40061 12 60 10 0.45
353039 1.40061 12 60 10 0.6
350763 1.37361 24 0 -1 -10
350018 1.43055 60 80 1 -10
350018 1.43055 48 80 1 -10
350018 1.43055 60 80 1 0
350018 1.43055 100 80 1 0
350018 1.43055 48 80 1 0
350018 1.43055 36 80 1 -10
350018 1.43055 100 80 1 -10
350018 1.43055 36 80 1 0
349602 1.38817 18 70 10 0.9
348308 1.41172 24 70 1 0.9
346503 1.36938 24 45 -0.8 -10
346503 1.36938 24 0 -0.6 -10
346503 1.36938 24 55 -0.6 -10
345520 1.36882 18 0 -1 -10
345414 1.40961 24 70 0.6 0.9
345402 1.39198 12 67.5 10 0.3
344575 1.38536 12 72.5 10 0.3
344287 1.36777 18 55 -0.6 -10
344287 1.36777 18 0 -0.6 -10
344287 1.36777 18 45 -0.8 -10
343962 1.40855 24 70 1.4 0.9
343802 1.3899 12 60 1.4 0.6
343802 1.3899 12 60 1.4 0.45
343800 1.39667 9 45 10 0.15
342594 1.38926 12 65 10 0.3
341134 1.38698 12 67.5 10 0.45
340906 1.55777 100 77.5 1.4 1.05
340906 1.55777 60 77.5 1 0.9
340906 1.55777 36 77.5 1 0.75
340906 1.55777 48 77.5 1.4 1.05
340906 1.55777 60 77.5 1.4 0.6
340906 1.55777 60 77.5 1.4 0.9
340906 1.55777 60 77.5 1.4 1.05
340906 1.55777 48 77.5 0.6 0.75
340906 1.55777 60 77.5 1.4 0.75
340906 1.55777 60 77.5 0.6 0.6
340906 1.55777 60 77.5 0.6 0.9
340906 1.55777 60 77.5 0.6 1.05
340906 1.55777 60 77.5 0.6 0.75
340906 1.55777 100 77.5 1.4 0.9
340906 1.55777 100 77.5 1.4 0.75
340906 1.55777 100 77.5 1.4 0.6
340906 1.55777 60 77.5 1 0.75
340906 1.55777 100 77.5 0.6 0.6
340906 1.55777 48 77.5 1 1.05
340906 1.55777 48 77.5 1 0.9
340906 1.55777 60 77.5 1 1.05
340906 1.55777 48 77.5 1.4 0.9
340906 1.55777 100 77.5 1 0.75
340906 1.55777 100 77.5 1 1.05
340906 1.55777 100 77.5 1 0.9
340906 1.55777 100 77.5 1 0.6
340906 1.55777 48 77.5 1.4 0.6
340906 1.55777 48 77.5 1.4 0.75
340906 1.55777 60 77.5 1 0.6
340906 1.55777 48 77.5 0.6 0.6
340906 1.55777 48 77.5 1 0.75
340906 1.55777 36 77.5 1 1.05
340906 1.55777 36 77.5 1 0.9
340906 1.55777 100 77.5 0.6 0.75
340906 1.55777 36 77.5 1 0.6
340906 1.55777 48 77.5 1 0.6
340906 1.55777 100 77.5 0.6 0.9
340906 1.55777 100 77.5 0.6 1.05
340906 1.55777 48 77.5 0.6 0.9
340906 1.55777 48 77.5 0.6 1.05
340315 1.38036 12 72.5 10 0.45
339639 1.36256 36 55 -0.6 -0.45
339639 1.36256 36 55 -0.6 -0.3
339639 1.36256 36 0 -0.6 -0.3
339639 1.36256 36 0 -0.6 -0.15
339639 1.36256 36 0 -0.6 -0.45
339639 1.36256 36 55 -0.6 -0.15
339639 1.36256 36 55 -0.6 -10
339352 1.36355 18 45 -0.4 -10
339352 1.36355 18 55 -0.2 -10
338361 1.38426 12 65 10 0.45
338202 1.38938 9 45 10 -10
337663 1.44464 9 52.5 10 0.3
336939 1.44345 9 47.5 10 0.3
336939 1.44345 9 50 10 0.3
336746 1.38829 9 45 0.8 -0.45
336746 1.38829 9 45 0.8 -10
336746 1.38829 9 45 0.8 -0.3
335700 1.38062 12 67.5 10 0.15
335359 1.55214 60 77.5 -0.6 0.9
335359 1.55214 60 77.5 -0.6 1.05
335359 1.55214 48 77.5 -0.6 0.75
335359 1.55214 100 77.5 -0.6 0.9
335359 1.55214 60 77.5 -0.6 0.6
335359 1.55214 100 77.5 -0.6 0.6
335359 1.55214 48 77.5 -0.6 0.6
335359 1.55214 60 77.5 -0.6 0.75
335359 1.55214 100 77.5 -0.6 0.75
335359 1.55214 100 77.5 -0.6 1.05
335359 1.55214 48 77.5 -0.6 1.05
335359 1.55214 48 77.5 -0.6 0.9
335284 1.37445 12 72.5 10 0
335284 1.37445 12 72.5 10 -10
335284 1.37445 12 72.5 10 0.15
334943 1.43042 36 80 -1 -0.3
334943 1.43042 36 80 -1 0.3
334943 1.43042 36 80 -1 -10
334943 1.43042 36 80 -1 -0.45
334943 1.43042 36 80 -1 0
334943 1.43042 36 80 -1 -0.15
333269 1.3569 18 45 -0.8 -0.15
333269 1.3569 18 45 -0.8 -0.3
332202 1.37699 12 65 10 0.15
332202 1.37699 12 65 10 0
331824 1.37607 12 67.5 10 0
331824 1.37607 12 67.5 10 -10
330947 1.35379 24 65 -0.2 -10
330138 1.35303 36 45 -0.8 -10
330138 1.35303 36 45 -0.8 -0.15
330138 1.35303 36 45 -0.8 -0.45
330138 1.35303 36 45 -0.8 -0.3
329843 1.37494 12 70 10 0.3
329421 1.35169 36 0 -0.6 0
329421 1.35169 36 55 -0.6 0
329404 1.38255 12 0 10 -10
328188 1.35132 36 0 -1 -0.45
328188 1.35132 36 0 -1 -0.15
328188 1.35132 36 0 -1 -0.3
327280 1.38092 12 0 -0.2 -10
326280 1.349 24 45 -0.8 0
326280 1.349 24 45 -0.8 -0.3
326280 1.349 24 45 -0.8 -0.15
326171 1.3498 18 0 -1 -0.15
326171 1.3498 18 0 -1 -0.3
325767 1.36994 12 70 10 0.45
325168 1.53078 48 75 -0.6 0.6
325168 1.53078 60 75 -0.6 0.6
325168 1.53078 100 75 -0.6 0.75
325168 1.53078 100 75 -0.6 0.6
325168 1.53078 60 75 -0.6 0.9
325168 1.53078 60 75 -0.6 0.75
325168 1.53078 48 75 -0.6 0.75
325168 1.53078 48 75 -0.6 0.9
325168 1.53078 100 75 -0.6 0.9
324358 1.36482 24 72.5 0.6 0.45
324358 1.36482 24 72.5 0.6 0.3
324358 1.36482 24 72.5 0.6 0
324358 1.36482 24 72.5 0.6 -10
324358 1.36482 24 72.5 0.6 0.15
324230 1.3754 12 0 10 -0.3
324230 1.3754 12 0 10 -0.45
323027 1.37766 12 0 1 -10
322993 1.36376 24 72.5 1.4 0.3
322993 1.36376 24 72.5 1.4 0.45
322993 1.36376 24 72.5 1.4 0
322993 1.36376 24 72.5 1.4 0.15
322993 1.36376 24 72.5 1.4 -10
322983 1.36818 18 0 1 0.3
322635 1.36791 18 55 1 0.3
322104 1.34508 24 0 -1 -0.15
322104 1.34508 24 0 -1 -0.3
321525 1.36011 24 67.5 -0.2 0.45
321275 1.34465 18 65 1 -10
321275 1.34465 18 65 0.6 -10
320347 1.34452 18 45 -0.4 -0.3
320207 1.34216 36 45 -0.8 0
320150 1.35936 24 70 0.6 0.3
320150 1.35936 24 70 0.6 0
320150 1.35936 24 70 0.6 -10
319093 1.36176 12 70 10 0.15
319031 1.35769 36 70 -0.2 -0.3
319031 1.35769 36 70 -0.2 -0.15
319031 1.35769 36 70 -0.2 -0.45
319031 1.35769 36 70 -0.2 -10
318797 1.35831 24 70 1.4 0.3
318797 1.35831 24 70 1.4 -10
318797 1.35831 24 70 1.4 0
318650 1.36444 18 45 0.8 0.3
317985 1.3604 12 70 10 -10
317985 1.3604 12 70 10 0
317583 1.33983 36 65 -0.2 -0.3
317583 1.33983 36 65 -0.2 -0.15
317583 1.33983 36 65 -0.2 -0.45
317583 1.33983 36 65 -0.2 -10
316592 1.51563 100 75 -0.6 1.05
316592 1.51563 48 75 -0.6 1.05
316592 1.51563 60 75 -0.6 1.05
314820 1.35743 24 72.5 1 -10
314820 1.35743 24 72.5 1 0.15
314820 1.35743 24 72.5 1 0.45
314820 1.35743 24 72.5 1 0.3
314820 1.35743 24 72.5 1 0
314095 1.35709 9 0 10 0
312912 1.33477 24 65 -0.2 0
312912 1.33477 24 65 -0.2 -0.15
312912 1.33477 24 65 -0.2 -0.3
312912 1.33477 24 65 -0.2 0.3
312912 1.33477 24 65 -0.2 -0.45
312497 1.34596 24 67.5 -0.2 -10
312383 1.343 36 70 10 0
312383 1.343 100 70 10 -10
312383 1.343 36 70 10 -10
312383 1.343 48 70 10 0
312383 1.343 48 70 10 0.6
312383 1.343 100 70 10 0.9
312383 1.343 100 70 10 0.6
312383 1.343 100 70 10 0
312383 1.343 60 70 10 0.6
312383 1.343 60 70 10 -10
312383 1.343 60 70 10 0
312383 1.343 48 70 10 0.9
312383 1.343 36 70 10 0.6
312383 1.343 60 70 10 0.9
312383 1.343 36 70 10 0.9
312383 1.343 48 70 10 -10
312262 1.37217 18 0 -1 0.3
312262 1.37217 18 55 -1 0.3
311715 1.36837 12 45 0.8 0.6
311715 1.36837 12 0 1 0.6
311236 1.33516 18 55 -0.6 -0.45
311236 1.33516 18 55 -0.6 -0.3
311236 1.33516 18 0 -0.6 -0.45
311236 1.33516 18 0 -0.6 -0.15
311236 1.33516 18 0 -0.6 -0.3
311236 1.33516 18 55 -0.6 -0.15
310731 1.35198 24 70 1 -10
310731 1.35198 24 70 1 0.3
310731 1.35198 24 70 1 0
309438 1.34682 36 70 -0.2 0
309378 1.36036 24 67.5 -0.2 0.6
308994 1.32995 48 0 -0.6 0
308994 1.32995 48 0 -0.6 -0.15
308994 1.32995 48 55 -0.6 -0.3
308994 1.32995 100 0 -0.6 -0.15
308994 1.32995 100 0 -0.6 -0.3
308994 1.32995 60 0 -0.6 -0.45
308994 1.32995 48 55 -0.6 -0.15
308994 1.32995 60 0 -0.6 -0.15
308994 1.32995 48 55 -0.6 0
308994 1.32995 100 0 -0.6 -0.45
308994 1.32995 60 0 -0.6 0
308994 1.32995 48 55 -0.6 -0.45
308994 1.32995 48 55 -0.6 -10
308994 1.32995 60 55 -0.6 -0.45
308994 1.32995 60 55 -0.6 -0.15
308994 1.32995 48 0 -0.6 -0.3
308994 1.32995 100 55 -0.6 -10
308994 1.32995 60 0 -0.6 -0.3
308994 1.32995 60 55 -0.6 0
308994 1.32995 100 55 -0.6 -0.15
308994 1.32995 60 55 -0.6 -0.3
308994 1.32995 48 0 -0.6 -0.45
308994 1.32995 100 55 -0.6 -0.45
308994 1.32995 100 0 -0.6 0
308994 1.32995 100 55 -0.6 0
308994 1.32995 60 55 -0.6 -10
308994 1.32995 100 55 -0.6 -0.3
308879 1.35138 12 45 0.8 0.15
308030 1.32896 36 65 -0.2 0
308020 1.3522 9 0 1 0
307696 1.35253 12 65 10 -10
306984 1.35159 12 0 10 0
306984 1.35159 12 0 10 -0.15
306826 1.33078 18 0 -1 -0.45
306734 1.36734 18 45 -0.8 0.3
306609 1.34786 9 0 10 0.15
305727 1.32972 18 45 -0.8 -0.45
305074 1.54006 36 80 -0.6 0.6
304707 1.32726 24 55 -0.6 -0.15
304707 1.32726 24 55 -0.6 -0.3
304707 1.32726 24 55 -0.6 0
304707 1.32726 24 0 -0.6 -0.45
304707 1.32726 24 0 -0.6 -0.15
304707 1.32726 24 0 -0.6 0
304707 1.32726 24 0 -0.6 -0.3
304707 1.32726 24 55 -0.6 -0.45
304214 1.34758 12 0 1 0.15
304071 1.3245 60 45 -0.8 0
304071 1.3245 60 45 -0.8 -10
304071 1.3245 60 45 -0.8 -0.3
304071 1.3245 48 45 -0.8 -0.15
304071 1.3245 48 45 -0.8 -0.45
304071 1.3245 60 45 -0.8 -0.45
304071 1.3245 60 45 -0.8 -0.15
304071 1.3245 100 45 -0.8 -0.3
304071 1.3245 100 45 -0.8 -10
304071 1.3245 100 45 -0.8 -0.15
304071 1.3245 48 45 -0.8 0
304071 1.3245 100 45 -0.8 -0.45
304071 1.3245 48 45 -0.8 -10
304071 1.3245 48 45 -0.8 -0.3
304071 1.3245 100 45 -0.8 0
303591 1.53866 36 80 -1 0.6
303362 1.34391 12 55 10 0
303362 1.34391 12 55 10 -0.45
303362 1.34391 12 55 10 -10
303362 1.34391 12 55 10 -0.15
303362 1.34391 12 55 10 -0.3
303000 1.32606 24 0 -1 -0.45
302123 1.53725 36 80 -0.2 0.6
301911 1.34237 9 0 -0.2 -0.15
300875 1.51555 100 70 -0.6 1.35
300875 1.51555 48 70 -0.6 1.35
300875 1.51555 48 65 -0.6 1.35
300875 1.51555 100 65 -0.6 1.35
300875 1.51555 60 65 -0.6 1.35
300875 1.51555 60 70 -0.6 1.35
300676 1.34297 9 0 1 0.15
300570 1.32197 36 45 -0.4 -0.45
300570 1.32197 36 45 -0.4 -0.3
300570 1.32197 36 45 -0.4 -0.15
300570 1.32197 36 55 -0.2 -0.15
300570 1.32197 36 55 -0.2 -0.3
300570 1.32197 36 55 -0.2 -0.45
300570 1.32197 36 45 -0.4 -10
300570 1.32197 36 55 -0.2 -10
299316 1.32182 24 45 -0.8 -0.45
297615 1.33622 18 55 1 0
297499 1.3385 12 45 10 -0.3
297499 1.3385 12 45 10 -0.45
297499 1.3385 12 45 10 -0.15
297499 1.3385 12 45 10 -10
297499 1.3385 12 45 10 0
297211 1.35617 18 55 -0.6 0.3
297211 1.35617 18 0 -0.6 0.3
295668 1.32445 18 65 1.4 0.3
295668 1.32445 18 65 1.4 0.45
295668 1.32445 18 65 1.4 0.6
295470 1.32694 24 67.5 -0.2 0.3
295470 1.32694 24 67.5 -0.2 0.15
295470 1.32694 24 67.5 -0.2 0
295425 1.33319 12 55 1.4 -10
295425 1.33319 12 55 1.4 -0.15
295425 1.33319 12 55 1.4 0
295425 1.33319 12 55 1.4 -0.3
295425 1.33319 12 55 1.4 -0.45
295302 1.33424 9 0 10 -10
294563 1.50602 48 0 -0.2 1.35
294563 1.50602 60 0 -0.2 1.35
294563 1.50602 100 0 -0.2 1.35
293938 1.33275 18 45 0.8 0
293095 1.34763 18 55 -1 0.15
292095 1.35583 9 0 1 0.3
291542 1.33106 18 0 1 0
291528 1.3111 36 45 -0.4 0
291528 1.3111 36 55 -0.2 0
291446 1.32644 36 70 -0.2 0.3
291363 1.3268 24 65 -0.6 -10
290401 1.30975 24 45 -0.4 -10
290401 1.30975 24 55 -0.2 -10
290210 1.3542 9 45 0.8 0.3
290118 1.30858 36 65 -0.2 0.3
289589 1.32935 9 0 1 -0.3
289589 1.32935 9 0 1 -10
289506 1.31812 18 65 10 0.6
289506 1.31812 18 65 10 0.3
289506 1.31812 18 65 10 0.45
289382 1.32192 24 55 -1 -10
288927 1.30722 48 65 -0.2 -0.3
288927 1.30722 48 65 -0.2 0
288927 1.30722 48 65 -0.2 0.3
288927 1.30722 100 65 -0.2 0
288927 1.30722 60 65 -0.2 -0.45
288927 1.30722 60 65 -0.2 -0.15
288927 1.30722 60 65 -0.2 0
288927 1.30722 100 65 -0.2 0.3
288927 1.30722 100 65 -0.2 -0.3
288927 1.30722 100 65 -0.2 -0.15
288927 1.30722 60 65 -0.2 0.3
288927 1.30722 100 65 -0.2 -0.45
288927 1.30722 100 65 -0.2 -10
288927 1.30722 60 65 -0.2 -0.3
288927 1.30722 48 65 -0.2 -10
288927 1.30722 48 65 -0.2 -0.45
288927 1.30722 48 65 -0.2 -0.15
288927 1.30722 60 65 -0.2 -10
287633 1.32551 12 45 0.8 -10
287633 1.32551 12 45 0.8 0
287248 1.3192 24 45 -1.2 -10
285592 1.31998 36 65 -0.6 -0.3
285592 1.31998 36 65 -0.6 -10
285592 1.31998 36 65 -0.6 -0.15
285592 1.31998 36 65 -0.6 -0.45
285468 1.50151 36 77.5 -0.6 0.6
285250 1.32057 60 70 1 1.05
285250 1.32057 36 70 1 1.05
285250 1.32057 48 70 1 1.05
285250 1.32057 100 70 1 1.05
285056 1.31713 18 45 -1.2 -10
285056 1.31713 18 55 -1 -10
285013 1.32377 18 0 -0.2 0
284086 1.5001 36 77.5 -1 0.6
284074 1.33701 18 45 -1.2 0
283855 1.31951 9 0 -0.2 -10
283855 1.31951 9 0 -0.2 -0.45
283855 1.31951 9 0 -0.2 -0.3
283284 1.3217 12 0 1 0
282707 1.49869 36 77.5 -0.2 0.6
281910 1.33497 36 70 -0.6 -0.15
281910 1.33497 36 70 -0.6 -0.45
281910 1.33497 36 70 -0.6 -10
281910 1.33497 36 70 -0.6 -0.3
281851 1.31557 60 70 1 0.9
281851 1.31557 48 70 1 0.9
281851 1.31557 36 70 1 0.9
281851 1.31557 100 70 1 0.9
280159 1.31544 12 0 -0.2 -0.3
280159 1.31544 12 0 -0.2 -0.15
280159 1.31544 12 0 -0.2 -0.45
279993 1.7 24 67.5 1 1.5
279499 1.31347 100 70 0.6 0.6
279499 1.31347 60 70 0.6 0.45
279499 1.31347 48 70 0.6 0.3
279499 1.31347 48 70 0.6 -10
279499 1.31347 60 70 0.6 -10
279499 1.31347 60 70 0.6 0.3
279499 1.31347 100 70 0.6 0
279499 1.31347 48 70 0.6 0.15
279499 1.31347 48 70 0.6 0.45
279499 1.31347 60 70 0.6 0.9
279499 1.31347 60 70 0.6 0
279499 1.31347 48 70 0.6 0.9
279499 1.31347 60 70 0.6 0.15
279499 1.31347 48 70 0.6 0.6
279499 1.31347 48 70 0.6 0
279499 1.31347 100 70 0.6 0.9
279499 1.31347 100 70 0.6 0.3
279499 1.31347 100 70 0.6 0.45
279499 1.31347 100 70 0.6 0.15
279499 1.31347 60 70 0.6 0.6
279499 1.31347 100 70 0.6 -10
278324 1.31241 60 70 1.4 0.15
278324 1.31241 48 70 1.4 0.3
278324 1.31241 100 70 1.4 -10
278324 1.31241 100 70 1.4 0.3
278324 1.31241 100 70 1.4 0.9
278324 1.31241 48 70 1.4 -10
278324 1.31241 60 70 1.4 0.45
278324 1.31241 100 70 1.4 0.6
278324 1.31241 60 70 1.4 0
278324 1.31241 60 70 1.4 0.6
278324 1.31241 100 70 1.4 0.15
278324 1.31241 48 70 1.4 0.9
278324 1.31241 48 70 1.4 0.15
278324 1.31241 48 70 1.4 0.45
278324 1.31241 100 70 1.4 0
278324 1.31241 60 70 1.4 0.3
278324 1.31241 48 70 1.4 0.6
278324 1.31241 48 70 1.4 0
278324 1.31241 60 70 1.4 0.9
278324 1.31241 100 70 1.4 0.45
278324 1.31241 60 70 1.4 -10
277005 1.30911 36 65 -0.6 0
276839 1.29344 24 0 -0.2 0.45
276839 1.29344 36 0 -0.2 0.45
276800 1.48015 36 75 -0.6 0.6
274576 1.29072 24 0 -0.2 0.15
274576 1.29072 24 55 -0.2 -0.45
274576 1.29072 24 55 -0.2 0
274576 1.29072 24 0 -0.2 0.3
274576 1.29072 36 55 -0.2 0.3
274576 1.29072 24 55 -0.2 -0.15
274576 1.29072 24 55 -0.2 -0.3
274576 1.29072 36 0 -0.2 0.3
274576 1.29072 24 55 -0.2 0.3
274576 1.29072 36 0 -0.2 0.15
274359 1.30642 24 65 -0.6 0
274359 1.30642 24 65 -0.6 -0.45
274359 1.30642 24 65 -0.6 -0.3
274359 1.30642 24 65 -0.6 -0.15
274079 1.45963 24 67.5 1 1.2
274079 1.45963 24 67.5 1 1.35
273449 1.28936 48 45 -0.4 0.3
273449 1.28936 48 45 -0.4 -0.3
273449 1.28936 48 45 -0.4 -0.15
273449 1.28936 60 55 -0.2 -0.15
273449 1.28936 48 45 -0.4 -0.45
273449 1.28936 48 45 -0.4 -10
273449 1.28936 60 45 -0.4 -0.45
273449 1.28936 60 45 -0.4 0
273449 1.28936 48 45 -0.4 0
273449 1.28936 100 45 -0.4 0.3
273449 1.28936 100 55 -0.2 -10
273449 1.28936 100 45 -0.4 -0.3
273449 1.28936 48 55 -0.2 -10
273449 1.28936 60 55 -0.2 -0.45
273449 1.28936 60 55 -0.2 -10
273449 1.28936 100 45 -0.4 -0.15
273449 1.28936 60 45 -0.4 0.3
273449 1.28936 100 45 -0.4 -0.45
273449 1.28936 48 55 -0.2 -0.45
273449 1.28936 60 55 -0.2 -0.3
273449 1.28936 60 55 -0.2 0.3
273449 1.28936 48 55 -0.2 -0.15
273449 1.28936 60 55 -0.2 0
273449 1.28936 60 45 -0.4 -10
273449 1.28936 48 55 -0.2 -0.3
273449 1.28936 48 55 -0.2 0.3
273449 1.28936 100 45 -0.4 0
273449 1.28936 48 55 -0.2 0
273449 1.28936 100 45 -0.4 -10
273449 1.28936 60 45 -0.4 -0.3
273449 1.28936 100 55 -0.2 -0.45
273449 1.28936 100 55 -0.2 -0.15
273449 1.28936 100 55 -0.2 -0.3
273449 1.28936 60 45 -0.4 -0.15
273449 1.28936 100 55 -0.2 0.3
273449 1.28936 100 55 -0.2 0
273438 1.33998 9 0 10 0.3
273426 1.3241 36 70 -0.6 0
271961 1.29173 18 65 1.4 0.15
271961 1.29173 18 65 1.4 0
271871 1.47037 24 70 -0.6 0.9
271871 1.47037 24 70 -0.6 0.75
271871 1.47037 24 70 -0.6 0.6
271275 1.30608 48 70 1 0.3
271275 1.30608 36 70 1 -10
271275 1.30608 48 70 1 0.6
271275 1.30608 100 70 1 -10
271275 1.30608 48 70 1 0
271275 1.30608 36 70 1 0
271275 1.30608 36 70 1 0.6
271275 1.30608 60 70 1 0
271275 1.30608 60 70 1 0.6
271275 1.30608 48 70 1 0.75
271275 1.30608 36 70 1 0.3
271275 1.30608 36 70 1 0.75
271275 1.30608 100 70 1 0.3
271275 1.30608 100 70 1 0.75
271275 1.30608 60 70 1 0.3
271275 1.30608 60 70 1 0.75
271275 1.30608 48 70 1 -10
271275 1.30608 60 70 1 -10
271275 1.30608 100 70 1 0
271275 1.30608 100 70 1 0.6
271156 1.30204 18 65 -0.6 -10
271156 1.30204 18 65 -0.6 -0.3
271006 1.31034 12 0 10 0.6
271006 1.31034 12 45 10 0.6
270821 1.32141 24 72.5 -0.6 -10
270821 1.32141 24 70 -0.6 -10
270821 1.32141 24 70 -0.6 0.3
270821 1.32141 24 72.5 -0.6 0
270821 1.32141 24 72.5 -0.6 0.3
270821 1.32141 24 72.5 -0.6 -0.3
270821 1.32141 24 72.5 -0.6 -0.45
270821 1.32141 24 72.5 -0.6 -0.15
270821 1.32141 24 70 -0.6 0
270756 1.29963 36 55 -1 -0.3
270756 1.29963 36 55 -1 -0.15
270756 1.29963 36 55 -1 -0.45
270756 1.29963 36 55 -1 -10
270135 1.32009 36 70 -1 -0.3
270135 1.32009 36 70 -1 -0.15
270135 1.32009 36 70 -1 -0.45
270135 1.32009 36 70 -1 -10
269096 1.29811 18 55 -1 -0.3
268759 1.2969 36 45 -1.2 -0.3
268759 1.2969 36 45 -1.2 -0.15
268759 1.2969 36 45 -1.2 -0.45
268759 1.2969 36 45 -1.2 -10
268729 1.33563 9 45 10 0.3
268693 1.31738 18 55 -1 0
268693 1.31738 18 0 -1 0
267786 1.30508 12 45 0.8 0.45
266740 1.43373 60 55 -0.6 1.2
266740 1.43373 48 45 -0.4 1.2
266740 1.43373 100 70 -0.6 1.2
266740 1.43373 100 45 -0.4 1.2
266740 1.43373 100 0 -0.6 1.2
266740 1.43373 48 0 -0.6 1.2
266740 1.43373 100 55 -0.6 1.2
266740 1.43373 48 65 -0.6 1.2
266740 1.43373 48 55 -0.6 1.2
266740 1.43373 100 65 -0.6 1.2
266740 1.43373 60 70 -0.6 1.2
266740 1.43373 60 0 -0.6 1.2
266740 1.43373 48 70 -0.6 1.2
266740 1.43373 60 45 -0.4 1.2
266740 1.43373 60 65 -0.6 1.2
266670 1.28121 24 45 -0.4 0.3
266670 1.28121 36 45 -0.4 0.3
266670 1.28121 24 45 -0.4 -0.15
266670 1.28121 24 45 -0.4 -0.45
266670 1.28121 24 45 -0.4 0
266670 1.28121 24 45 -0.4 -0.3
266661 1.31965 12 0 10 0.3
266293 1.2854 18 65 10 0.15
266293 1.2854 18 65 10 0
265777 1.29095 18 45 10 0.9
265777 1.29095 18 55 10 0.9
265777 1.29095 18 0 10 0.9
265745 1.46028 24 67.5 -0.2 0.9
265737 1.29339 24 55 -1 -0.3
265737 1.29339 24 55 -1 -0.45
265737 1.29339 24 55 -1 -0.15
265479 1.81055 60 70 -0.6 1.5
265479 1.81055 100 65 -0.6 1.5
265479 1.81055 60 65 -0.6 1.5
265479 1.81055 100 70 -0.6 1.5
265479 1.81055 48 70 -0.6 1.5
265479 1.81055 48 65 -0.6 1.5
265370 1.30261 12 55 10 0.6
265101 1.43549 48 45 -1.2 1.05
265101 1.43549 100 45 -1.2 1.05
265101 1.43549 60 45 -1.2 1.05
264943 1.30081 24 65 -0.2 0.6
264317 1.30693 24 67.5 -1 -10
263419 1.27471 100 0 10 1.65
263419 1.27471 100 45 10 1.65
263419 1.27471 48 55 10 1.65
263419 1.27471 60 45 10 1.65
263419 1.27471 100 55 10 1.65
263419 1.27471 36 0 10 1.65
263419 1.27471 36 55 10 1.65
263419 1.27471 60 0 10 1.65
263419 1.27471 60 55 10 1.65
263419 1.27471 36 45 10 1.65
263419 1.27471 48 0 10 1.65
263419 1.27471 48 45 10 1.65
263016 1.30588 24 67.5 -0.6 -10
262493 1.42525 48 45 -0.8 1.2
262493 1.42525 100 45 -0.8 1.2
262493 1.42525 60 45 -0.8 1.2
262252 1.28996 18 45 -1.2 -0.15
262252 1.28996 18 45 -1.2 -0.3
262252 1.28996 18 45 -1.2 -0.45
262012 1.30922 36 70 -1 0
261937 1.28741 18 55 1 -10
261595 1.27244 100 65 10 1.65
261595 1.27244 60 65 10 1.65
261595 1.27244 48 65 10 1.65
261595 1.27244 36 65 10 1.65
261335 1.29599 12 0 1 0.45
261145 1.4242 100 0 -0.2 1.2
261145 1.4242 48 55 -0.2 1.2
261145 1.4242 48 0 -0.2 1.2
261145 1.4242 100 65 -0.2 1.2
261145 1.4242 60 55 -0.2 1.2
261145 1.4242 100 55 -0.2 1.2
261145 1.4242 60 0 -0.2 1.2
261145 1.4242 48 65 -0.2 1.2
261145 1.4242 60 65 -0.2 1.2
260687 1.29508 12 55 1.4 0.6
260660 1.63095 24 45 0.8 1.5
260660 1.63095 24 55 1 1.5
260660 1.63095 24 65 1 1.5
260660 1.63095 24 0 1 1.5
260566 1.30148 24 65 -1 -10
260496 1.31328 18 45 -1.2 0.3
260207 1.3015 24 67.5 -1 0
260207 1.3015 24 67.5 -1 -0.3
260207 1.3015 24 67.5 -1 -0.15
260207 1.3015 24 67.5 -1 0.3
260207 1.3015 24 67.5 -1 -0.45
259824 1.28737 100 65 -0.6 -10
259824 1.28737 48 65 -0.6 -10
259824 1.28737 60 65 -0.6 -10
259824 1.28737 60 65 -0.6 0
259824 1.28737 48 65 -0.6 0
259824 1.28737 100 65 -0.6 0
258701 1.28394 18 45 0.8 -10
258503 1.30618 12 55 10 0.3
257772 1.41731 60 0 -1 1.2
257772 1.41731 48 0 -1 1.2
257772 1.41731 60 55 -1 1.2
257772 1.41731 100 0 -1 1.2
257772 1.41731 48 45 -1.2 1.2
257772 1.41731 48 65 -1 1.2
257772 1.41731 100 45 -1.2 1.2
257772 1.41731 100 55 -1 1.2
257772 1.41731 60 45 -1.2 1.2
257772 1.41731 100 65 -1 1.2
257772 1.41731 48 55 -1 1.2
257772 1.41731 60 65 -1 1.2
257400 1.42303 24 70 10 1.2
257111 1.30483 12 60 10 -10
257111 1.30483 12 60 10 0
257111 1.30483 12 60 10 0.3
257111 1.30483 12 60 10 0.15
257070 1.28251 24 45 -1.2 -0.3
257070 1.28251 24 45 -1.2 -0.45
257070 1.28251 24 45 -1.2 -0.15
256933 1.30243 36 70 -1 0.3
256592 1.28225 18 0 1 -10
256510 1.29605 24 65 -1 0.3
256510 1.29605 24 65 -1 0.15
256473 1.30236 48 70 -0.6 0
256473 1.30236 48 70 -0.6 -10
256473 1.30236 60 70 -0.6 -10
256473 1.30236 100 70 -0.6 -10
256473 1.30236 100 70 -0.6 0
256473 1.30236 60 70 -0.6 0
256473 1.30236 36 70 -0.6 0.3
256197 1.76509 100 0 -0.2 1.5
256197 1.76509 48 0 -0.2 1.5
256197 1.76509 60 0 -0.2 1.5
256063 1.26682 60 45 10 1.35
256063 1.26682 48 55 10 1.35
256063 1.26682 60 0 10 1.35
256063 1.26682 60 55 10 1.35
256063 1.26682 100 0 10 1.35
256063 1.26682 100 45 10 1.35
256063 1.26682 48 0 10 1.35
256063 1.26682 36 0 10 1.35
256063 1.26682 36 45 10 1.35
256063 1.26682 100 55 10 1.35
256063 1.26682 36 55 10 1.35
256063 1.26682 48 45 10 1.35
255155 1.4136 24 65 1 1.2
255155 1.4136 24 65 1 1.35
254559 1.37478 9 50 -0.2 -0.3
254559 1.37478 9 52.5 -0.6 -0.15
254559 1.37478 9 50 -0.2 0
254559 1.37478 9 50 -0.6 -0.45
254559 1.37478 9 52.5 -0.2 0
254559 1.37478 9 52.5 -0.6 -0.45
254559 1.37478 9 52.5 -0.6 -0.3
254559 1.37478 9 50 -0.6 -0.15
254559 1.37478 9 50 -0.6 -0.3
254559 1.37478 9 50 -0.2 -0.45
254559 1.37478 9 50 -0.2 -0.15
254559 1.37478 9 50 -0.6 0
254559 1.37478 9 52.5 -0.2 -0.45
254559 1.37478 9 52.5 -0.6 0
254559 1.37478 9 52.5 -0.2 -0.15
254559 1.37478 9 52.5 -0.2 -0.3
254288 1.26454 100 65 10 1.35
254288 1.26454 60 65 10 1.35
254288 1.26454 48 65 10 1.35
254288 1.26454 36 65 10 1.35
254088 1.37972 18 45 -0.4 0.45
252405 1.26206 60 45 10 1.5
252405 1.26206 100 55 10 1.5
252405 1.26206 36 45 10 1.5
252405 1.26206 60 55 10 1.5
252405 1.26206 48 0 10 1.5
252405 1.26206 100 0 10 1.5
252405 1.26206 60 0 10 1.5
252405 1.26206 100 45 10 1.5
252405 1.26206 48 45 10 1.5
252405 1.26206 36 55 10 1.5
252405 1.26206 48 55 10 1.5
252405 1.26206 36 0 10 1.5
252158 1.2703 100 65 -0.2 0.6
252158 1.2703 48 65 -0.2 0.6
252158 1.2703 60 65 -0.2 0.6
252009 1.29574 12 0 1 0.3
251897 1.26727 18 65 1.4 -10
251740 1.29547 12 55 1.4 0.3
251251 1.27513 36 0 -1 -10
251113 1.26187 48 0 10 1.2
251113 1.26187 100 0 10 1.2
251113 1.26187 60 45 10 1.2
251113 1.26187 60 0 10 1.2
251113 1.26187 48 45 10 1.2
251113 1.26187 100 45 10 1.2
251018 1.29745 12 45 10 0.3
250846 1.27496 18 0 -0.2 -10
250655 1.25978 48 65 10 1.5
250655 1.25978 60 65 10 1.5
250655 1.25978 100 65 10 1.5
250655 1.25978 36 65 10 1.5
250587 1.40249 24 0 1 1.35
250587 1.40249 24 55 1 1.35
250587 1.40249 24 0 1 1.2
250587 1.40249 24 45 0.8 1.2
250587 1.40249 24 55 1 1.2
250587 1.40249 24 45 0.8 1.35
250385 1.29411 12 60 1.4 0.15
250385 1.29411 12 60 1.4 -10
250385 1.29411 12 45 0.8 0.3
250385 1.29411 12 60 1.4 0.3
250385 1.29411 12 60 1.4 0
250350 1.28695 24 55 -1 0.3
250350 1.28695 24 0 -1 0.3
249968 1.40801 100 70 1 1.2
249968 1.40801 60 70 1 1.2
249968 1.40801 48 70 1 1.2
249968 1.40801 60 70 1.4 1.2
249968 1.40801 48 70 1.4 1.2
249968 1.40801 36 70 1 1.2
249968 1.40801 100 70 1.4 1.2
249968 1.40801 48 70 0.6 1.2
249968 1.40801 60 70 0.6 1.2
249968 1.40801 100 70 0.6 1.2
249385 1.2711 48 55 -1 -10
249385 1.2711 100 55 -1 -10
249385 1.2711 60 55 -1 -10
249345 1.36634 9 47.5 -0.6 -0.15
249345 1.36634 9 45 -0.4 0
249345 1.36634 9 45 -0.4 -0.15
249345 1.36634 9 47.5 -0.2 0
249345 1.36634 9 47.5 -0.2 -0.15
249345 1.36634 9 47.5 -0.6 0
248313 1.63842 18 55 10 1.2
248313 1.63842 18 45 10 1.2
248313 1.63842 18 0 10 1.2
248197 1.27089 36 0 -0.6 -10
247682 1.25732 48 55 10 1.2
247682 1.25732 36 55 10 1.2
247682 1.25732 36 45 10 1.2
247682 1.25732 36 0 10 1.2
247682 1.25732 60 55 10 1.2
247682 1.25732 100 55 10 1.2
247664 1.2855 24 67.5 -0.6 -0.15
247664 1.2855 24 67.5 -0.6 0.3
247664 1.2855 24 67.5 -0.6 -0.3
247664 1.2855 24 67.5 -0.6 0
247664 1.2855 24 67.5 -0.6 -0.45
247651 1.36271 9 47.5 -0.2 -0.45
247651 1.36271 9 47.5 -0.6 -0.45
247651 1.36271 9 47.5 -0.6 -0.3
247651 1.36271 9 47.5 -0.2 -0.3
247611 1.36353 9 0 -0.6 0
247611 1.36353 9 0 -0.6 -0.15
247543 1.26837 48 45 -1.2 -10
247543 1.26837 100 45 -1.2 -10
247543 1.26837 60 45 -1.2 -10
246733 1.31843 9 0 1 0.45
246649 1.26094 18 65 10 -10
245968 1.25505 100 65 10 1.2
245968 1.25505 60 65 10 1.2
245968 1.25505 36 65 10 1.2
245968 1.25505 48 65 10 1.2
245081 1.28076 24 45 -1.2 0
244667 1.27346 36 70 -0.2 0.6
244146 1.28004 24 65 -0.6 0.3
243807 1.27895 24 45 -0.8 0.3
243795 1.27918 36 65 -1 -10
243795 1.27918 36 65 -1 -0.3
243795 1.27918 36 65 -1 -0.45
243795 1.27918 36 65 -1 -0.15
243233 1.26514 18 65 10 0.9
242668 1.4037 24 67.5 -0.6 0.6
242668 1.4037 24 65 -0.6 0.6
241231 1.40169 24 67.5 -1 0.6
241231 1.40169 24 65 -1 0.6
241054 1.24997 36 65 1 0.3
241054 1.24997 48 65 1 -10
241054 1.24997 48 65 1 0.15
241054 1.24997 48 65 1 0.45
241054 1.24997 48 65 1 0.3
241054 1.24997 48 65 1 0.6
241054 1.24997 100 65 1 0.6
241054 1.24997 24 65 1 0
241054 1.24997 48 65 1 0
241054 1.24997 24 65 1 0.6
241054 1.24997 24 65 1 -10
241054 1.24997 36 65 1 0.6
241054 1.24997 36 65 1 0
241054 1.24997 100 65 1 -10
241054 1.24997 100 65 1 0.15
241054 1.24997 100 65 1 0.45
241054 1.24997 100 65 1 0.3
241054 1.24997 100 65 1 0
241054 1.24997 60 65 1 -10
241054 1.24997 60 65 1 0.6
241054 1.24997 60 65 1 0.15
241054 1.24997 60 65 1 0
241054 1.24997 36 65 1 -10
241054 1.24997 36 65 1 0.15
241054 1.24997 60 65 1 0.45
241054 1.24997 60 65 1 0.3
241054 1.24997 36 65 1 0.45
239277 1.27295 24 65 -1 0
238649 1.25245 100 0 -0.2 0.6
238649 1.25245 48 0 -0.2 0.6
238649 1.25245 60 55 -0.2 0.6
238649 1.25245 48 55 -0.2 0.6
238649 1.25245 100 55 -0.2 0.6
238649 1.25245 60 0 -0.2 0.6
237768 1.3415 9 45 -0.4 -0.3
237768 1.3415 9 45 -0.4 -0.45
237184 1.34665 9 52.5 -1 -0.45
237184 1.34665 9 50 -1 -0.3
237184 1.34665 9 50 -1 -0.45
237184 1.34665 9 52.5 -1 -0.3
236580 1.34031 12 45 -0.4 0
236462 1.26831 36 65 -1 0
236233 1.26777 24 0 -0.6 0.3
236233 1.26777 24 55 -0.6 0.3
235607 1.3385 12 0 -0.6 0
235607 1.3385 12 45 -0.8 0
235572 1.34302 9 47.5 -1 -0.45
235572 1.34302 9 47.5 -1 -0.3
233620 1.35433 100 65 -0.6 0.6
233620 1.35433 100 65 -0.6 0.9
233620 1.35433 60 70 -0.6 0.9
233620 1.35433 60 65 -0.6 0.6
233620 1.35433 48 70 -0.6 0.9
233620 1.35433 48 65 -0.6 0.6
233620 1.35433 48 70 -0.6 0.6
233620 1.35433 60 65 -0.6 0.9
233620 1.35433 48 65 -0.6 0.9
233620 1.35433 60 70 -0.6 0.6
233620 1.35433 100 70 -0.6 0.6
233620 1.35433 100 70 -0.6 0.9
233529 1.26386 24 55 -1 0
233529 1.26386 24 0 -1 0
233125 1.27015 6 0 0.6 0
233068 1.33428 12 55 -0.6 -10
233068 1.33428 12 55 -0.6 0
233068 1.33428 12 55 -0.6 -0.3
233068 1.33428 12 55 -0.6 -0.15
233068 1.33428 12 55 -0.6 -0.45
232798 1.33306 9 0 -0.6 -0.45
232798 1.33306 9 0 -1 -0.3
232798 1.33306 9 0 -1 -0.45
232798 1.33306 9 0 -0.6 -0.3
232117 1.26906 6 0 1.4 0
231879 1.26152 36 65 -1 0.3
231415 1.24659 100 0 -1 -10
231415 1.24659 60 0 -1 -10
231415 1.24659 48 0 -1 -10
231257 1.26834 6 0 10 0
231212 1.261 36 65 -0.6 0.3
230785 1.25922 36 0 -1 0
230785 1.25922 36 55 -1 0
230318 1.23593 48 55 1 0.75
230318 1.23593 36 55 1 0.9
230318 1.23593 60 0 1 0.9
230318 1.23593 48 0 1 0.9
230318 1.23593 24 0 1 0.9
230318 1.23593 100 55 1 0.9
230318 1.23593 36 0 1 0.75
230318 1.23593 24 55 1 0.9
230318 1.23593 60 0 1 0.75
230318 1.23593 48 0 1 0.75
230318 1.23593 100 0 1 0.9
230318 1.23593 100 55 1 0.75
230318 1.23593 36 0 1 0.9
230318 1.23593 48 55 1 0.9
230318 1.23593 36 55 1 0.75
230318 1.23593 60 55 1 0.9
230318 1.23593 100 0 1 0.75
230318 1.23593 60 55 1 0.75
229847 1.26662 6 0 1 0
228488 1.34255 18 75 10 0.9
227709 1.24084 60 45 -0.4 0.6
227709 1.24084 100 45 -0.4 0.6
227709 1.24084 48 45 -0.4 0.6
226824 1.25439 36 45 -1.2 0
226311 1.25243 36 0 -1 0.3
226311 1.25243 36 55 -1 0.3
226172 1.32181 9 45 -0.8 -0.3
226172 1.32181 9 45 -0.8 -0.45
226129 1.23314 24 65 10 0
226129 1.23314 24 65 10 -10
226129 1.23314 24 65 10 0.9
226129 1.23314 24 65 10 0.6
225803 1.23828 60 0 -0.6 -10
225803 1.23828 100 0 -0.6 -10
225803 1.23828 48 0 -0.6 -10
225518 1.33731 60 65 -1 1.05
225518 1.33731 100 65 -1 0.75
225518 1.33731 100 65 -1 1.05
225518 1.33731 100 55 -1 0.9
225518 1.33731 100 65 -1 0.9
225518 1.33731 60 65 -1 0.9
225518 1.33731 48 0 -1 0.9
225518 1.33731 60 65 -1 0.75
225518 1.33731 60 0 -1 0.9
225518 1.33731 60 0 -1 1.05
225518 1.33731 60 55 -1 0.9
225518 1.33731 60 65 -1 0.6
225518 1.33731 48 65 -1 0.6
225518 1.33731 100 55 -1 1.05
225518 1.33731 48 55 -1 0.9
225518 1.33731 60 55 -1 1.05
225518 1.33731 48 65 -1 0.75
225518 1.33731 100 65 -1 0.6
225518 1.33731 48 65 -1 1.05
225518 1.33731 48 65 -1 0.9
225518 1.33731 48 0 -1 1.05
225518 1.33731 48 55 -1 1.05
225518 1.33731 100 0 -1 0.9
225518 1.33731 100 0 -1 1.05
225015 1.23257 18 55 10 0.75
224789 1.33549 100 45 -1.2 0.9
224789 1.33549 60 45 -1.2 0.9
224789 1.33549 48 45 -1.2 0.9
224548 1.25065 48 65 -1 -10
224548 1.25065 100 65 -1 0
224548 1.25065 48 65 -1 0
224548 1.25065 60 65 -1 -10
224548 1.25065 100 65 -1 -10
224548 1.25065 60 65 -1 0
224432 1.25037 36 45 -0.8 0.3
224139 1.25133 6 0 10 -0.3
223853 1.22787 60 45 0.8 0.75
223853 1.22787 60 45 0.8 0.9
223853 1.22787 100 45 0.8 0.9
223853 1.22787 100 45 0.8 0.75
223853 1.22787 48 45 0.8 0.75
223853 1.22787 36 45 0.8 0.75
223853 1.22787 48 45 0.8 0.9
223853 1.22787 36 45 0.8 0.9
223853 1.22787 24 45 0.8 0.9
223718 1.24872 48 55 -0.6 0.3
223718 1.24872 100 0 -0.6 0.3
223718 1.24872 36 55 -0.6 0.3
223718 1.24872 60 0 -0.6 0.3
223718 1.24872 48 0 -0.6 0.3
223718 1.24872 36 0 -0.6 0.3
223718 1.24872 60 55 -0.6 0.3
223718 1.24872 100 55 -0.6 0.3
222934 1.24997 6 0 0.6 -0.3
221965 1.24888 6 0 1.4 -0.3
220826 1.24587 6 0 10 -10
220826 1.24587 6 0 10 -0.45
220126 1.2236 24 67.5 10 0.6
220126 1.2236 24 67.5 10 0
220126 1.2236 24 67.5 10 0.9
220126 1.2236 24 67.5 10 -10
219800 1.24644 6 0 1 -0.3
219640 1.24452 6 0 0.6 -10
219640 1.24452 6 0 0.6 -0.45
219156 1.24156 100 55 -1 0
219156 1.24156 60 0 -1 0
219156 1.24156 60 55 -1 0
219156 1.24156 100 0 -1 0
219156 1.24156 48 55 -1 0
219156 1.24156 48 0 -1 0
219066 1.24222 48 45 -0.8 0.3
219066 1.24222 100 45 -0.8 0.3
219066 1.24222 60 45 -0.8 0.3
218685 1.24343 6 0 1.4 -10
218685 1.24343 6 0 1.4 -0.45
217044 1.24181 6 0 0.6 -0.15
216552 1.24098 6 0 1 -0.45
216552 1.24098 6 0 1 -10
216108 1.24072 6 0 1.4 -0.15
215922 1.21691 100 0 1 0.6
215922 1.21691 24 0 1 0.6
215922 1.21691 36 55 1 0.6
215922 1.21691 24 55 1 0.6
215922 1.21691 36 0 1 0.6
215922 1.21691 48 55 1 0.6
215922 1.21691 60 0 1 0.6
215922 1.21691 60 55 1 0.6
215922 1.21691 100 55 1 0.6
215922 1.21691 48 0 1 0.6
215391 1.23672 48 45 -1.2 0
215391 1.23672 60 45 -1.2 0
215391 1.23672 100 45 -1.2 0
213997 1.23827 6 0 1 -0.15
213405 1.23789 6 0 10 -0.15
212562 1.21867 36 65 -0.2 0.6
212480 1.33502 24 0 -1 0.6
212480 1.33502 24 55 -1 0.6
211678 1.33219 24 55 -0.6 0.6
211678 1.33219 24 0 -0.6 0.6
211324 1.34243 24 80 -0.2 0
211324 1.34243 24 80 -0.2 0.3
211324 1.34243 24 80 -0.2 -10
211324 1.34243 24 80 -0.2 -0.3
211324 1.34243 24 80 -0.2 -0.15
211324 1.34243 24 80 -0.2 -0.45
210950 1.21355 18 55 10 0.6
210910 1.33139 24 45 -1.2 0.6
210859 1.30994 12 67.5 1 0.3
210859 1.30994 12 67.5 1.4 0.3
209863 1.20885 60 45 0.8 0.6
209863 1.20885 36 45 0.8 0.6
209863 1.20885 24 45 0.8 0.6
209863 1.20885 100 45 0.8 0.6
209863 1.20885 48 45 0.8 0.6
209274 1.30347 9 60 10 0.45
208814 1.21165 48 0 -0.2 0
208814 1.21165 24 0 -0.2 -0.3
208814 1.21165 60 0 -0.2 0
208814 1.21165 36 0 -0.2 0
208814 1.21165 36 0 -0.2 -0.3
208814 1.21165 24 0 -0.2 -10
208814 1.21165 100 0 -0.2 0
208814 1.21165 24 0 -0.2 0
208745 1.32709 24 65 -1 0.45
208600 1.32797 24 45 -0.8 0.6
208288 1.30451 12 72.5 1.4 0.3
208288 1.30451 12 70 1.4 0.3
208253 1.30327 12 67.5 1.4 0.45
208253 1.30327 12 67.5 1 0.45
208008 1.33518 24 80 -0.6 -0.3
208008 1.33518 24 80 -0.6 0.3
208008 1.33518 24 80 -0.6 -0.15
208008 1.33518 24 80 -0.6 0
208008 1.33518 24 80 -0.6 -10
208008 1.33518 24 80 -0.6 -0.45
207309 1.22534 24 45 -1.2 0.3
205910 1.44403 9 52.5 -1 0
205910 1.44403 9 52.5 -1 -0.15
205910 1.44403 9 0 -1 0
205910 1.44403 9 47.5 -1 0
205910 1.44403 9 50 -1 0
205713 1.29784 12 70 1.4 0.45
205713 1.29784 12 72.5 1.4 0.45
204975 1.19951 48 65 10 0.9
204975 1.19951 48 65 10 0.6
204975 1.19951 100 65 10 0.9
204975 1.19951 48 65 10 -10
204975 1.19951 100 65 10 0.6
204975 1.19951 48 65 10 0
204975 1.19951 100 65 10 0
204975 1.19951 36 65 10 0
204975 1.19951 36 65 10 -10
204975 1.19951 100 65 10 -10
204975 1.19951 36 65 10 0.6
204975 1.19951 60 65 10 0
204975 1.19951 60 65 10 0.6
204975 1.19951 60 65 10 0.9
204975 1.19951 60 65 10 -10
204975 1.19951 36 65 10 0.9
204936 1.29479 12 67.5 1 0.15
204936 1.29479 12 67.5 1.4 0.15
204420 1.21767 18 65 1.4 0.9
204023 1.34005 24 70 1.4 1.05
203783 1.28282 48 55 -0.6 0.6
203783 1.28282 100 55 -0.6 0.6
203783 1.28282 100 0 -0.6 0.6
203783 1.28282 60 55 -0.6 0.6
203783 1.28282 60 0 -0.6 0.6
203783 1.28282 48 0 -0.6 0.6
203181 1.33864 24 70 1 1.05
202671 1.28996 12 72.5 1.4 -10
202671 1.28996 12 72.5 1.4 0
202671 1.28996 12 72.5 1.4 -0.3
202671 1.28996 12 72.5 1.4 0.15
202568 1.28873 12 67.5 1.4 -10
202568 1.28873 12 67.5 1 -10
202568 1.28873 12 67.5 1.4 -0.3
202568 1.28873 12 67.5 1.4 0
202568 1.28873 12 67.5 1 -0.3
202568 1.28873 12 67.5 1 0
201501 1.28693 12 70 1.4 0.15
201495 1.33583 24 70 0.6 1.05
201174 1.20081 36 55 -0.2 0.6
201174 1.20081 24 0 -0.2 0.6
201174 1.20081 36 0 -0.2 0.6
201174 1.20081 24 55 -0.2 0.6
201060 1.28493 9 52.5 1 -0.45
201060 1.28493 9 52.5 1 -0.3
201060 1.28493 9 50 1 -0.45
201060 1.28493 9 50 1 0
201060 1.28493 9 52.5 1 0
201060 1.28493 9 52.5 1 -0.15
201060 1.28493 9 50 1 -0.3
201060 1.28493 9 50 1 -0.15
200880 1.19933 48 65 1 0.9
200880 1.19933 24 67.5 1 0.9
200880 1.19933 100 65 1 0.9
200880 1.19933 24 65 1 0.9
200880 1.19933 60 65 1 0.9
200880 1.19933 36 65 1 0.9
200804 1.19302 36 0 10 0.9
200804 1.19302 36 45 10 0.9
200798 1.28511 12 70 1.4 -10
200798 1.28511 12 70 1.4 -0.3
200798 1.28511 12 70 1.4 0
200573 1.2882 12 70 1 0.3
200573 1.2882 12 72.5 1 0.3
200539 1.27434 48 45 -0.8 0.6
200539 1.27434 100 45 -0.8 0.6
200539 1.27434 60 45 -0.8 0.6
198864 1.3037 36 65 -0.6 0.6
198864 1.3037 36 70 -0.6 0.6
198648 1.18967 18 45 10 0.75
198648 1.18967 18 0 10 0.75
198642 1.27065 60 55 -1 0.6
198642 1.27065 60 0 -1 0.6
198642 1.27065 48 55 -1 0.75
198642 1.27065 48 55 -1 0.6
198642 1.27065 60 55 -1 0.75
198642 1.27065 48 0 -1 0.6
198642 1.27065 100 55 -1 0.6
198642 1.27065 48 0 -1 0.75
198642 1.27065 60 0 -1 0.75
198642 1.27065 100 55 -1 0.75
198642 1.27065 100 0 -1 0.75
198642 1.27065 100 0 -1 0.6
198094 1.28153 12 72.5 1 0.45
198094 1.28153 12 70 1 0.45
197776 1.1888 60 55 10 0.9
197776 1.1888 48 55 10 0.9
197776 1.1888 36 55 10 0.9
197776 1.1888 100 55 10 0.9
197177 1.26701 100 45 -1.2 0.6
197177 1.26701 60 45 -1.2 0.6
197177 1.26701 100 45 -1.2 0.75
197177 1.26701 60 45 -1.2 0.75
197177 1.26701 48 45 -1.2 0.75
197177 1.26701 48 45 -1.2 0.6
196944 1.27649 9 47.5 1 -0.15
196944 1.27649 9 47.5 1 0
195605 1.27285 9 47.5 1 -0.45
195605 1.27285 9 47.5 1 -0.3
195520 1.18438 60 45 10 0.9
195520 1.18438 100 0 10 0.9
195520 1.18438 100 45 10 0.9
195520 1.18438 48 45 10 0.9
195520 1.18438 60 0 10 0.9
195520 1.18438 48 0 10 0.9
195314 1.28864 24 80 10 0.3
195314 1.28864 18 80 10 0.3
195314 1.28864 18 80 10 0
195314 1.28864 24 80 10 0
195314 1.28864 24 80 10 -0.3
195314 1.28864 18 80 10 -0.3
195314 1.28864 18 80 10 -0.15
195314 1.28864 18 80 10 -10
195314 1.28864 24 80 10 -0.45
195314 1.28864 24 80 10 -10
195314 1.28864 24 80 10 -0.15
195314 1.28864 18 80 10 -0.45
195163 1.27366 12 72.5 1 -10
195163 1.27366 12 72.5 1 0
195163 1.27366 12 72.5 1 -0.3
195163 1.27366 12 72.5 1 0.15
194036 1.27063 12 70 1 0.15
193954 1.18846 48 0 1 1.05
193954 1.18846 36 0 1 1.05
193954 1.18846 60 0 1 1.05
193954 1.18846 100 0 1 1.05
193954 1.18846 48 55 1 1.05
193954 1.18846 100 55 1 1.05
193954 1.18846 36 55 1 1.05
193954 1.18846 60 55 1 1.05
193891 1.27078 9 0 -0.2 0
193837 1.19193 36 45 -0.4 0.6
193837 1.19193 24 45 -0.4 0.6
193360 1.26881 12 70 1 0
193360 1.26881 12 70 1 -10
193360 1.26881 12 70 1 -0.3
193348 1.18984 24 67.5 1 0
193348 1.18984 24 67.5 1 0.6
193348 1.18984 24 67.5 1 -10
193211 1.29706 18 75 -0.6 0
193211 1.29706 24 75 -0.6 -0.45
193211 1.29706 18 75 -0.6 -0.3
193211 1.29706 18 75 -0.6 -0.15
193211 1.29706 24 75 -0.6 -10
193211 1.29706 24 75 -0.6 -0.3
193211 1.29706 24 75 -0.6 -0.15
193211 1.29706 24 75 -0.6 0
193211 1.29706 18 75 -0.6 -10
193211 1.29706 18 75 -0.6 0.3
193211 1.29706 18 75 -0.6 -0.45
193211 1.29706 24 75 -0.6 0.3
192881 1.19258 18 55 10 -10
192881 1.19258 18 55 10 0
192841 1.28066 18 75 1 0.9
192841 1.28066 18 75 0.6 0.9
192841 1.28066 24 75 1 0.9
192841 1.28066 24 75 0.6 0.9
192662 1.18 24 0 10 0.9
192662 1.18 24 45 10 0.9
192662 1.18 24 55 10 0.9
192029 1.27926 24 75 1.4 0.9
192029 1.27926 18 75 1.4 0.9
191657 1.18485 48 0 1 0.3
191657 1.18485 36 0 1 0.3
191657 1.18485 100 0 1 0.3
191657 1.18485 60 0 1 0.3
191450 1.18457 24 55 1 0
191450 1.18457 36 55 1 -10
191450 1.18457 48 55 1 0
191450 1.18457 36 55 1 0
191450 1.18457 24 55 1 -10
191450 1.18457 60 55 1 0
191450 1.18457 100 55 1 0.3
191450 1.18457 48 55 1 0.3
191450 1.18457 60 55 1 0.3
191450 1.18457 36 55 1 0.3
191450 1.18457 60 55 1 -10
191450 1.18457 100 55 1 0
191450 1.18457 48 55 1 -10
191450 1.18457 100 55 1 -10
190707 1.261 9 55 1 -10
190707 1.261 9 55 1.4 -10
190707 1.261 9 55 1 -0.15
190707 1.261 9 55 1 0
190707 1.261 9 55 1.4 0
190707 1.261 9 55 1.4 -0.45
190707 1.261 9 55 1 -0.45
190707 1.261 9 55 1.4 -0.15
190707 1.261 9 55 1.4 -0.3
190707 1.261 9 55 1 -0.3
189535 1.26893 18 72.5 1 0.9
189535 1.26893 24 72.5 1 0.9
189478 1.25882 9 55 0.6 -0.15
189478 1.25882 9 55 0.6 -0.3
189478 1.25882 9 55 0.6 -10
189478 1.25882 9 55 0.6 -0.45
189478 1.25882 9 55 0.6 0
188775 1.27879 18 80 1.4 -0.45
188775 1.27879 18 80 1.4 -10
188775 1.27879 18 80 0.6 0
188775 1.27879 18 80 1.4 -0.15
188775 1.27879 24 80 1 -10
188775 1.27879 18 80 1.4 -0.3
188775 1.27879 18 80 1.4 0.3
188775 1.27879 18 80 1.4 0
188775 1.27879 18 80 0.6 0.3
188775 1.27879 18 80 0.6 -0.3
188775 1.27879 18 80 0.6 -0.15
188775 1.27879 18 80 0.6 -0.45
188775 1.27879 24 80 1 -0.45
188775 1.27879 18 80 0.6 -10
188775 1.27879 24 80 1 -0.15
188775 1.27879 24 80 1 -0.3
188775 1.27879 18 80 1 -0.3
188775 1.27879 24 80 1 0.3
188775 1.27879 24 80 1 0
188775 1.27879 18 80 1 -10
188775 1.27879 18 80 1 -0.45
188775 1.27879 18 80 1 -0.15
188775 1.27879 18 80 1 0
188775 1.27879 18 80 1 0.3
188700 1.28105 36 65 -1 0.6
188700 1.28105 36 70 -1 0.6
188262 1.1804 100 45 0.8 1.05
188262 1.1804 48 45 0.8 1.05
188262 1.1804 36 45 0.8 1.05
188262 1.1804 60 45 0.8 1.05
187960 1.26612 24 72.5 0.6 0.9
187960 1.26612 18 72.5 0.6 0.9
187549 1.27216 9 65 1.4 0.3
187544 1.17941 48 0 1 0
187544 1.17941 36 0 1 0
187544 1.17941 24 0 1 0
187544 1.17941 24 0 1 -10
187544 1.17941 100 0 1 0
187544 1.17941 60 0 1 0
187402 1.19081 36 45 -1.2 0.3
187167 1.26471 18 72.5 1.4 0.9
187167 1.26471 24 72.5 1.4 0.9
187074 1.26166 18 67.5 1 0.9
187074 1.26166 18 70 1 0.9
186902 1.26994 12 75 10 0.3
186644 1.27075 9 65 10 0.3
186233 1.17065 18 45 10 0.6
186233 1.17065 18 0 10 0.6
186005 1.26853 12 75 1.4 0.3
185521 1.27496 9 65 0.6 0.3
185519 1.25884 18 70 0.6 0.9
185519 1.25884 18 67.5 0.6 0.9
185264 1.27342 12 72.5 -0.6 -0.3
185264 1.27342 12 72.5 -0.6 0.3
185264 1.27342 12 72.5 -0.6 -0.15
185264 1.27342 12 67.5 -0.6 -10
185264 1.27342 12 67.5 -0.6 -0.3
185264 1.27342 12 72.5 -0.6 0
185264 1.27342 12 67.5 -0.6 -0.45
185264 1.27342 12 72.5 -0.6 -0.45
185264 1.27342 12 70 -0.6 0
185264 1.27342 12 70 -0.6 0.3
185264 1.27342 12 70 -0.6 -0.3
185264 1.27342 12 70 -0.6 -0.15
185264 1.27342 12 67.5 -0.6 0.3
185264 1.27342 12 70 -0.6 -0.45
185264 1.27342 12 65 -0.6 0.3
185264 1.27342 12 70 -0.6 -10
185264 1.27342 12 67.5 -0.6 -0.15
185264 1.27342 12 67.5 -0.6 0
185264 1.27342 12 72.5 -0.6 -10
185231 1.26549 9 65 1.4 0.45
185080 1.17515 36 45 0.8 0
185080 1.17515 60 45 0.8 0
185080 1.17515 24 45 0.8 -10
185080 1.17515 100 45 0.8 0.3
185080 1.17515 60 45 0.8 0.3
185080 1.17515 60 45 0.8 -10
185080 1.17515 100 45 0.8 -10
185080 1.17515 24 45 0.8 0
185080 1.17515 48 45 0.8 -10
185080 1.17515 100 45 0.8 0
185080 1.17515 36 45 0.8 -10
185080 1.17515 36 45 0.8 0.3
185080 1.17515 48 45 0.8 0.3
185080 1.17515 48 45 0.8 0
184803 1.26388 12 75 10 0.15
184803 1.26388 12 75 10 0
184803 1.26388 12 75 10 -10
184803 1.26388 12 75 10 -0.3
184737 1.25744 18 67.5 1.4 0.9
184737 1.25744 18 70 1.4 0.9
184593 1.26327 12 75 10 0.45
184491 1.26628 9 65 1 0.15
184339 1.26408 9 65 10 0.45
184201 1.25317 18 65 1 0.9
183914 1.26247 12 75 1.4 0.15
183914 1.26247 12 75 1.4 0
183914 1.26247 12 75 1.4 -0.3
183914 1.26247 12 75 1.4 -10
183705 1.26187 12 75 1.4 0.45
182964 1.23433 100 0 -0.2 0.9
182964 1.23433 60 0 -0.2 0.9
182964 1.23433 48 0 -0.2 0.9
182722 1.23741 60 0 1 1.2
182722 1.23741 36 0 1 1.2
182722 1.23741 100 45 0.8 1.2
182722 1.23741 100 55 1 1.2
182722 1.23741 100 65 1 1.2
182722 1.23741 48 0 1 1.2
182722 1.23741 60 45 0.8 1.2
182722 1.23741 60 65 1 1.2
182722 1.23741 100 0 1 1.2
182722 1.23741 48 45 0.8 1.2
182722 1.23741 36 45 0.8 1.2
182722 1.23741 60 55 1 1.2
182722 1.23741 48 55 1 1.2
182722 1.23741 48 65 1 1.2
182722 1.23741 36 65 1 1.2
182722 1.23741 36 55 1 1.2
182670 1.25036 18 65 0.6 0.9
182282 1.25701 9 65 1.4 -10
182282 1.25701 9 65 1.4 -0.3
182282 1.25701 9 65 1.4 0
182282 1.25701 9 65 1.4 0.15
182218 1.42212 12 67.5 10 0.9
182218 1.42212 12 60 10 0.9
182218 1.42212 12 65 10 0.9
181403 1.2556 9 65 10 0
181403 1.2556 9 65 10 -0.3
181403 1.2556 9 65 10 -10
181403 1.2556 9 65 10 0.15
180973 1.80978 12 72.5 10 0.9
180184 1.24023 6 37.5 -0.6 -10
180184 1.24023 6 40 -0.6 -10
180184 1.24023 6 42.5 -0.6 -10
180184 1.24023 6 0 -0.6 -10
180172 1.26131 12 75 0.6 0.3
179919 1.23487 12 0 -0.2 0
179479 1.1609 36 45 10 0.6
179479 1.1609 36 0 10 0.6
179372 1.248 18 45 -0.4 0.6
179352 1.25585 12 55 -0.6 0.3
179352 1.25585 12 60 -0.6 0.3
179352 1.25585 12 60 -0.6 -0.3
179352 1.25585 12 0 -0.6 0.3
179352 1.25585 12 60 -0.6 -0.45
179352 1.25585 12 60 -0.6 -0.15
179352 1.25585 12 60 -0.6 -10
179352 1.25585 12 60 -0.6 0
179081 1.2387 24 70 10 1.05
178519 1.2565 12 0 -0.2 0.3
178308 1.25484 12 45 -0.4 0.3
178149 1.25525 12 75 0.6 -10
178149 1.25525 12 75 0.6 -0.3
178149 1.25525 12 75 0.6 0
178149 1.25525 12 75 0.6 0.15
178048 1.44515 24 70 0.6 1.2
178048 1.44515 24 70 1 1.2
178048 1.44515 24 70 1.4 1.2
177945 1.25464 12 75 0.6 0.45
176354 1.26118 9 65 1 0.3
176155 1.39284 12 70 10 0.9
175986 1.15549 100 55 10 0.6
175986 1.15549 48 55 10 0.6
175986 1.15549 60 55 10 0.6
175986 1.15549 36 55 10 0.6
175888 1.24554 12 65 -0.6 0
175888 1.24554 12 65 -0.6 -0.3
175888 1.24554 12 65 -0.6 0.15
175888 1.24554 12 65 -0.6 -10
175505 1.24679 9 47.5 -1 -0.15
175505 1.24679 9 50 -1 -0.15
175505 1.24679 9 45 -0.8 -0.15
175505 1.24679 9 0 -1 -0.15
175505 1.24679 9 45 -0.8 0
174656 1.4261 36 80 -1 1.2
174656 1.4261 36 80 -0.2 1.2
174656 1.4261 36 80 -0.6 1.2
174232 1.42372 36 77.5 -0.6 1.2
174232 1.42372 36 77.5 -0.2 1.2
174232 1.42372 36 77.5 -1 1.2
173831 1.7384 36 82.5 -0.6 1.2
173740 1.24597 12 67.5 0.6 0.3
173740 1.24597 12 70 0.6 0.3
173469 1.23219 36 0 -0.6 0.6
173469 1.23219 36 55 -0.6 0.6
173213 1.24513 12 72.5 0.6 0.3
172788 1.24319 12 75 1 0.3
172777 1.23729 9 65 1 -10
172777 1.23729 9 65 1 0
172777 1.23729 9 65 1 -0.3
172203 1.14788 24 45 10 0.6
172203 1.14788 24 0 10 0.6
171568 1.30987 36 55 10 1.8
171568 1.30987 48 55 10 1.8
171568 1.30987 60 45 10 1.8
171568 1.30987 100 55 10 1.8
171568 1.30987 60 55 10 1.8
171568 1.30987 100 0 10 1.8
171568 1.30987 36 0 10 1.8
171568 1.30987 48 0 10 1.8
171568 1.30987 60 0 10 1.8
171568 1.30987 48 45 10 1.8
171568 1.30987 100 45 10 1.8
171568 1.30987 36 45 10 1.8
171438 1.14669 24 55 10 0.6
171330 1.30896 48 65 10 1.8
171330 1.30896 60 65 10 1.8
171330 1.30896 36 65 10 1.8
171330 1.30896 100 65 10 1.8
171072 1.23846 12 72.5 0.6 0.45
171072 1.23846 12 70 0.6 0.45
171072 1.23846 12 67.5 0.6 0.45
170846 1.23713 12 75 1 0
170846 1.23713 12 75 1 0.15
170846 1.23713 12 75 1 -0.3
170846 1.23713 12 75 1 -10
170727 1.25325 24 80 -1 0.3
170727 1.25325 24 80 -1 -10
170727 1.25325 24 80 -1 -0.15
170727 1.25325 24 80 -1 -0.45
170727 1.25325 24 80 -1 0
170727 1.25325 24 80 -1 -0.3
170653 1.23653 12 75 1 0.45
170629 1.25082 24 80 10 0.6
170063 1.33116 9 75 0.6 0.45
168857 1.24209 9 65 0.6 0.15
168541 1.23058 12 72.5 0.6 -0.3
168541 1.23058 12 72.5 0.6 -10
168541 1.23058 12 72.5 0.6 0.15
168541 1.23058 12 72.5 0.6 0
168078 1.2284 12 70 0.6 0.15
167783 1.22214 12 0 -1 0
167493 1.22658 12 70 0.6 -0.3
167493 1.22658 12 70 0.6 -10
167493 1.22658 12 70 0.6 0
166214 1.14005 18 0 10 0
166214 1.14005 18 0 10 -10
166211 1.21439 36 55 -1 0.6
166211 1.21439 36 0 -1 0.6
166163 1.21527 36 45 -0.8 0.6
166088 1.11781 60 0 1 -10
166088 1.11781 48 0 1 -10
166088 1.11781 100 0 1 -10
166088 1.11781 36 0 1 -10
165681 1.13923 18 45 10 0
165681 1.13923 18 45 10 -10
164983 1.21075 36 45 -1.2 0.6
164813 1.13408 48 45 10 0.6
164813 1.13408 48 0 10 0.6
164689 1.14498 60 0 -0.2 -10
164689 1.14498 100 0 -0.2 -10
164689 1.14498 48 0 -0.2 -10
164689 1.14498 36 0 -0.2 -10
164483 1.36896 36 75 -0.6 1.2
164315 1.13317 60 45 10 0.6
164315 1.13317 100 0 10 0.6
164315 1.13317 60 0 10 0.6
164315 1.13317 100 45 10 0.6
162018 1.62025 18 45 0.8 1.2
162018 1.62025 18 55 1 1.2
162018 1.62025 18 0 1 1.2
161904 1.20846 12 45 -1.2 -0.15
161847 1.20619 9 50 1 0.3
161847 1.20619 9 47.5 1 0.3
161847 1.20619 9 52.5 1 0.3
161671 1.20583 9 55 1.4 0.3
161671 1.20583 9 55 1 0.3
161493 1.20542 9 60 10 0.3
160631 1.20365 9 55 0.6 0.3
159676 1.12948 36 45 10 0
159676 1.12948 36 45 10 -10
158139 1.2131 9 65 0.6 -0.3
158139 1.2131 12 67.5 0.6 0.15
158139 1.2131 9 65 0.6 0
158139 1.2131 9 65 0.6 -10
157740 1.12411 24 0 10 -10
156957 1.19027 9 60 10 -10
156957 1.19027 9 60 10 0
156957 1.19027 9 60 10 0.15
156957 1.19027 9 60 10 -0.3
156492 1.18996 6 40 -0.2 0
156492 1.18996 6 37.5 -0.2 0
156492 1.18996 6 42.5 -0.2 -0.15
156492 1.18996 6 42.5 -0.2 0
156492 1.18996 6 40 -0.2 -0.15
156492 1.18996 6 37.5 -0.2 -0.15
156311 1.20704 12 67.5 0.6 -10
156311 1.20704 12 67.5 0.6 0
156311 1.20704 12 67.5 0.6 -0.3
156040 1.12315 36 55 10 -10
156040 1.12315 48 55 10 0
156040 1.12315 60 55 10 -10
156040 1.12315 100 55 10 -10
156040 1.12315 48 55 10 -10
156040 1.12315 60 55 10 0
156040 1.12315 100 55 10 0
156040 1.12315 36 55 10 0
155570 1.19215 12 45 -1.2 0
155503 1.32914 24 80 -0.6 0.6
155484 1.18795 6 42.5 1 -0.45
155484 1.18795 6 42.5 1 -10
155484 1.18795 6 42.5 1 -0.3
154818 1.18651 6 37.5 10 -0.3
154818 1.18651 6 37.5 10 -10
154818 1.18651 6 40 10 -10
154818 1.18651 6 40 10 -0.3
154818 1.18651 6 42.5 10 -0.3
154818 1.18651 6 40 10 -0.45
154818 1.18651 6 42.5 10 -0.45
154818 1.18651 6 42.5 10 -10
154818 1.18651 6 37.5 10 -0.45
154791 1.18659 6 45 0.4 0
154791 1.18659 6 45 0.4 -0.15
154791 1.18659 6 45 0.4 -10
154791 1.18659 6 45 0.4 -0.45
154791 1.18659 6 45 0.4 -0.3
154747 1.32703 24 80 -1 0.6
154651 1.18614 6 40 1 -0.45
154651 1.18614 6 40 1 -10
154651 1.18614 6 40 1 -0.3
153997 1.32493 24 80 -0.2 0.6
153818 1.18433 6 40 -0.2 -10
153818 1.18433 6 37.5 -0.2 -0.3
153818 1.18433 6 40 -0.2 -0.3
153818 1.18433 6 37.5 -0.2 -0.45
153818 1.18433 6 42.5 -0.2 -0.3
153818 1.18433 6 40 -0.2 -0.45
153818 1.18433 6 37.5 -0.2 -10
153818 1.18433 6 42.5 -0.2 -10
153818 1.18433 6 42.5 -0.2 -0.45
153554 1.19204 9 75 10 0.3
153202 1.11646 24 45 10 -10
153202 1.11646 24 45 10 0
152821 1.19064 9 75 1.4 0.3
152101 1.18092 6 45 1.2 -0.15
152101 1.18092 6 45 1.2 0
152101 1.18092 6 42.5 1 -0.15
152101 1.18092 6 42.5 1 0
152101 1.18092 6 45 1.2 -0.45
152101 1.18092 6 45 1.2 -10
152101 1.18092 6 45 1.2 -0.3
152008 1.11435 24 55 10 0
152008 1.11435 24 55 10 -10
151981 1.11604 36 0 10 0
151828 1.18598 9 75 10 -10
151828 1.18598 9 75 10 0
151828 1.18598 9 75 10 0.15
151828 1.18598 9 75 10 -0.3
151655 1.18538 9 75 10 0.45
151616 1.17902 9 60 1 -0.15
151616 1.17902 9 60 1 -0.45
151616 1.17902 9 60 1.4 -10
151616 1.17902 9 60 1 -0.3
151616 1.17902 9 60 1.4 0
151616 1.17902 9 60 1.4 -0.3
151616 1.17902 9 60 1.4 -0.15
151616 1.17902 9 60 1.4 -0.45
151616 1.17902 9 60 1 -10
151616 1.17902 9 60 1 0
151452 1.17866 9 60 0.6 -0.15
151452 1.17866 9 60 0.6 -10
151452 1.17866 9 60 0.6 0
151452 1.17866 9 60 0.6 -0.3
151452 1.17866 9 60 0.6 -0.45
151287 1.17911 6 40 1 0
151287 1.17911 6 40 1 -0.15
151104 1.18457 9 75 1.4 -10
151104 1.18457 9 75 1.4 -0.3
151104 1.18457 9 75 1.4 0
151104 1.18457 9 75 1.4 0.15
150933 1.18397 9 75 1.4 0.45
150823 1.17781 6 37.5 1 -0.3
150823 1.17781 6 37.5 1 -0.45
150823 1.17781 6 37.5 1 -10
150798 1.17802 6 45 0.8 -0.3
150798 1.17802 6 45 0.8 -0.15
150798 1.17802 6 45 0.8 -0.45
150798 1.17802 6 45 0.8 0
150798 1.17802 6 45 0.8 -10
150221 1.31438 24 80 1 0.6
149815 1.29642 18 75 -0.6 0.6
149815 1.29642 24 75 -0.6 0.6
149776 1.11041 24 0 10 0
149429 1.17525 6 40 10 -0.15
149429 1.17525 6 42.5 10 -0.15
149429 1.17525 6 42.5 10 0
149429 1.17525 6 37.5 10 -0.15
149429 1.17525 6 40 10 0
149429 1.17525 6 37.5 10 0
148821 1.22147 9 55 -0.6 -0.45
148821 1.22147 9 55 -0.6 0
148821 1.22147 9 55 -0.6 -0.15
148821 1.22147 9 55 -0.6 -0.3
148821 1.22147 9 55 -0.6 -10
147634 1.29009 18 45 -0.8 0.6
147543 1.17078 6 37.5 1 0
147543 1.17078 6 37.5 1 -0.15
146626 1.10266 48 45 10 -10
146626 1.10266 48 45 10 0
146184 1.10176 60 45 10 0
146184 1.10176 100 45 10 0
146184 1.10176 60 45 10 -10
146184 1.10176 100 45 10 -10
146059 1.17761 9 75 1 0.3
146022 1.2746 18 65 -0.6 0.45
146022 1.2746 18 55 -0.6 0.6
146022 1.2746 18 70 -0.6 0.6
146022 1.2746 18 67.5 -0.6 0.6
146022 1.2746 18 72.5 -0.6 0.6
146022 1.2746 18 0 -0.6 0.6
146022 1.2746 24 72.5 -0.6 0.6
146022 1.2746 18 65 -0.6 0.6
145879 1.16733 6 45 10 -0.45
145879 1.16733 6 45 10 -0.3
145879 1.16733 6 45 10 0
145879 1.16733 6 45 10 -0.15
145879 1.16733 6 45 10 -10
145023 1.3204 24 65 -1 0.9
144581 1.17399 9 75 0.6 0.3
144418 1.17155 9 75 1 -10
144418 1.17155 9 75 1 0.15
144418 1.17155 9 75 1 0
144418 1.17155 9 75 1 -0.3
144254 1.17095 9 75 1 0.45
142957 1.16793 9 75 0.6 -10
142957 1.16793 9 75 0.6 -0.3
142957 1.16793 9 75 0.6 0
142957 1.16793 9 75 0.6 0.15
142941 1.16745 9 60 1.4 0.3
142298 1.09513 60 0 10 0
142298 1.09513 100 0 10 0
141933 1.16564 9 65 0.6 0.45
140538 1.24674 18 0 -0.2 0.9
140538 1.24674 18 55 -0.2 0.9
139561 1.08922 48 0 10 0
136714 1.15632 9 65 1 0.45
136195 1.15358 9 60 0.6 0.3
132897 1.05424 36 0 10 -10
131519 1.31522 12 75 -0.6 -10
131519 1.31522 12 75 -0.6 -0.45
131519 1.31522 12 75 -0.6 -0.15
131519 1.31522 12 75 -0.6 0
131519 1.31522 12 75 -0.6 -0.3
131519 1.31522 12 75 -0.6 0.3
130308 1.15582 12 67.5 1 0.6
130308 1.15582 12 67.5 1.4 0.6
129609 1.14016 9 60 1 0.3
128039 1.04657 60 0 10 -10
127659 1.14223 12 70 1.4 0.6
127659 1.14223 12 72.5 1.4 0.6
123951 1.12321 12 72.5 1 0.6
123951 1.12321 12 70 1 0.6
121245 1.1261 36 45 -0.4 1.2
121245 1.1261 36 55 -0.6 1.2
121245 1.1261 36 0 -0.6 1.2
121245 1.1261 36 70 -0.6 1.2
121245 1.1261 36 65 -0.6 1.2
121098 1.03505 48 0 10 -10
119020 1.19022 6 55 -0.6 -10
118983 1.18987 18 72.5 10 1.2
118983 1.18987 18 65 10 1.2
118983 1.18987 18 75 10 1.2
118983 1.18987 18 70 10 1.2
118983 1.18987 18 67.5 10 1.2
118702 1.11181 36 65 -0.2 1.2
118702 1.11181 36 0 -0.2 1.2
118702 1.11181 36 55 -0.2 1.2
117854 1.10705 36 45 -0.8 1.2
117510 1.08878 6 55 -0.2 -0.45
117510 1.08878 6 55 -0.2 -0.3
117510 1.08878 6 50 -0.2 -0.45
117510 1.08878 6 50 -0.2 -0.15
117510 1.08878 6 55 -0.2 -10
117510 1.08878 6 50 -0.2 -10
117510 1.08878 6 55 -0.2 -0.15
117510 1.08878 6 50 -0.2 -0.3
117006 1.10229 36 70 -0.2 1.2
116265 1.10823 18 80 -0.6 -0.15
116265 1.10823 18 80 -0.6 0.3
116265 1.10823 18 80 -0.6 0
116265 1.10823 18 80 -0.6 -0.3
116265 1.10823 18 80 -0.6 -10
116265 1.10823 18 80 -0.6 -0.45
116030 1.16034 18 45 10 1.5
116030 1.16034 18 55 10 1.5
116030 1.16034 18 0 10 1.5
115734 1.09515 36 0 -1 1.2
115734 1.09515 36 55 -1 1.2
115734 1.09515 36 65 -1 1.2
115734 1.09515 36 70 -1 1.2
115734 1.09515 36 45 -1.2 1.2
115503 1.09582 12 75 10 0.6
114764 1.10377 9 52.5 -0.2 0.3
114764 1.10377 9 0 -0.2 0.3
114764 1.10377 9 50 -0.2 0.3
114764 1.10377 9 47.5 -0.2 0.3
114499 1.07612 6 50 -0.6 -10
109463 1.04802 6 50 -0.2 0
109463 1.04802 6 55 -0.2 0
109318 1.06746 9 65 -0.6 -0.3
109318 1.06746 9 65 -0.6 -0.15
109318 1.06746 9 65 -0.6 -0.45
109318 1.06746 9 65 -0.6 -10
109318 1.06746 9 60 -0.6 0
109318 1.06746 9 65 -0.6 0
109318 1.06746 9 60 -0.6 -0.3
109318 1.06746 9 60 -0.6 -0.15
109318 1.06746 9 60 -0.6 -10
109318 1.06746 9 60 -0.6 -0.45
108926 1.0453 6 45 0.4 0.3
107934 1.07935 9 45 -0.4 0.3
105619 1.02839 9 60 10 0.6
103373 1.03376 48 85 -1 0.9
103373 1.03376 48 85 -1 -10
103373 1.03376 48 85 -1 0.75
103373 1.03376 48 85 -1 1.05
103373 1.03376 48 85 -1 0
103373 1.03376 48 85 -1 0.6
103373 1.03376 48 85 -1 1.2
101686 1.01688 12 75 1.4 0.6
101194 1.00598 6 55 10 0.3
101194 1.00598 6 55 10 -10
101194 1.00598 6 55 10 -0.3
101194 1.00598 6 55 10 -0.45
101194 1.00598 6 55 10 0
101194 1.00598 6 55 10 -0.15
100018 1.00019 6 42.5 1 0.3
100018 1.00019 6 45 1.2 0.3
100018 1.00019 6 0 1 0.3
100018 1.00019 6 40 1 0.3
100018 1.00019 6 37.5 1 0.3
100018 1.00019 6 0 1.4 0.3
100000 1 18 80 0.6 0.6
100000 1 18 80 0.6 1.2
100000 1 18 80 0.6 1.8
100000 1 18 80 1.4 3
100000 1 18 80 1.4 2.4
100000 1 18 80 1.4 1.8
100000 1 18 80 1.4 1.2
100000 1 18 80 1.4 0.6
100000 1 18 80 0.6 2.4
100000 1 18 80 0.6 3
100000 1 18 80 10 0.6
100000 1 18 80 10 1.2
100000 1 18 80 10 1.8
100000 1 18 80 10 2.4
100000 1 18 80 -0.6 3
100000 1 18 80 -0.6 2.4
100000 1 18 80 -0.6 1.8
100000 1 18 80 -0.6 1.2
100000 1 18 80 -0.6 0.6
100000 1 18 80 10 3
100000 1 18 70 1 1.2
100000 1 18 70 1 1.8
100000 1 18 70 1 2.4
100000 1 18 70 1 3
100000 1 18 70 -0.6 1.2
100000 1 18 80 1 3
100000 1 18 80 1 2.4
100000 1 18 80 1 1.8
100000 1 18 80 1 1.2
100000 1 18 80 1 0.6
100000 1 18 70 -0.6 1.8
100000 1 18 95 10 -10
100000 1 18 95 10 2.55
100000 1 18 95 10 2.85
100000 1 18 95 10 2.7
100000 1 18 95 10 3.3
100000 1 18 95 10 3
100000 1 18 95 10 2.4
100000 1 18 95 10 1.8
100000 1 18 95 10 1.2
100000 1 18 95 10 0.6
100000 1 18 95 10 0
100000 1 18 95 -1 -10
100000 1 18 95 -1 2.55
100000 1 18 95 -1 2.85
100000 1 18 95 -1 2.7
100000 1 18 95 -1 3.3
100000 1 18 95 -1 3
100000 1 18 95 -1 2.4
100000 1 18 95 -1 1.8
100000 1 18 95 -1 1.2
100000 1 18 95 -1 0.6
100000 1 18 95 -1 0
100000 1 18 95 -0.2 -10
100000 1 18 95 -0.2 2.55
100000 1 18 95 -0.2 2.85
100000 1 18 95 -0.2 2.7
100000 1 18 95 -0.2 3.3
100000 1 18 95 -0.2 3
100000 1 18 95 -0.2 2.4
100000 1 18 95 -0.2 1.8
100000 1 18 95 -0.2 1.2
100000 1 18 95 -0.2 0.6
100000 1 18 95 -0.2 0
100000 1 18 95 -0.6 -10
100000 1 18 95 -0.6 2.55
100000 1 18 95 -0.6 2.85
100000 1 18 95 -0.6 2.7
100000 1 18 95 -0.6 3.3
100000 1 18 95 -0.6 3
100000 1 18 95 -0.6 2.4
100000 1 18 95 -0.6 1.8
100000 1 18 95 -0.6 1.2
100000 1 18 95 -0.6 0.6
100000 1 18 95 -0.6 0
100000 1 18 95 1 -10
100000 1 18 95 1 2.55
100000 1 18 95 1 2.85
100000 1 18 95 1 2.7
100000 1 18 95 1 3.3
100000 1 18 95 1 3
100000 1 18 95 1 2.4
100000 1 18 95 1 1.8
100000 1 18 95 1 1.2
100000 1 18 95 1 0.6
100000 1 18 95 1 0
100000 1 18 85 10 -10
100000 1 18 85 10 2.55
100000 1 18 85 10 2.85
100000 1 18 85 10 2.7
100000 1 18 85 10 3.3
100000 1 18 85 10 3
100000 1 18 85 10 2.4
100000 1 18 85 10 1.8
100000 1 18 85 10 1.2
100000 1 18 85 10 0.6
100000 1 18 85 10 0
100000 1 18 85 -1 -10
100000 1 18 85 -1 2.55
100000 1 18 85 -1 2.85
100000 1 18 85 -1 2.7
100000 1 18 85 -1 3.3
100000 1 18 85 -1 3
100000 1 18 85 -1 2.4
100000 1 18 85 -1 1.8
100000 1 18 85 -1 1.2
100000 1 18 85 -1 0.6
100000 1 18 85 -1 0
100000 1 18 85 -0.2 -10
100000 1 18 85 -0.2 2.55
100000 1 18 85 -0.2 2.85
100000 1 18 85 -0.2 2.7
100000 1 18 85 -0.2 3.3
100000 1 18 85 -0.2 3
100000 1 18 85 -0.2 2.4
100000 1 18 85 -0.2 1.8
100000 1 18 85 -0.2 1.2
100000 1 18 85 -0.2 0.6
100000 1 18 85 -0.2 0
100000 1 18 85 -0.6 -10
100000 1 18 85 -0.6 2.55
100000 1 18 85 -0.6 2.85
100000 1 18 85 -0.6 2.7
100000 1 18 85 -0.6 3.3
100000 1 18 85 -0.6 3
100000 1 18 85 -0.6 2.4
100000 1 18 85 -0.6 1.8
100000 1 18 85 -0.6 1.2
100000 1 18 85 -0.6 0.6
100000 1 18 85 -0.6 0
100000 1 18 85 1 -10
100000 1 18 85 1 2.55
100000 1 18 85 1 2.85
100000 1 18 85 1 2.7
100000 1 18 85 1 3.3
100000 1 18 85 1 3
100000 1 18 85 1 2.4
100000 1 18 85 1 1.8
100000 1 18 85 1 1.2
100000 1 18 85 1 0.6
100000 1 18 85 1 0
100000 1 18 70 -0.6 2.4
100000 1 18 70 -0.6 3
100000 1 18 70 1.4 1.2
100000 1 18 70 1.4 1.8
100000 1 18 70 1.4 2.4
100000 1 18 75 10 3
100000 1 18 75 10 2.4
100000 1 18 75 10 1.8
100000 1 18 70 1.4 3
100000 1 18 70 0.6 1.2
100000 1 18 70 0.6 1.8
100000 1 18 70 0.6 2.4
100000 1 18 70 0.6 3
100000 1 18 70 10 1.8
100000 1 18 70 10 2.4
100000 1 18 70 10 3
100000 1 18 75 0.6 3
100000 1 18 75 0.6 2.4
100000 1 18 75 0.6 1.8
100000 1 18 75 0.6 1.2
100000 1 18 72.5 1 1.2
100000 1 18 72.5 1 1.8
100000 1 18 72.5 1 2.4
100000 1 18 72.5 1 3
100000 1 18 72.5 -0.6 1.2
100000 1 18 72.5 -0.6 1.8
100000 1 18 72.5 -0.6 2.4
100000 1 18 75 1.4 3
100000 1 18 75 1.4 2.4
100000 1 18 75 1.4 1.8
100000 1 18 75 1.4 1.2
100000 1 18 72.5 -0.6 3
100000 1 18 72.5 1.4 1.2
100000 1 18 72.5 1.4 1.8
100000 1 18 72.5 1.4 2.4
100000 1 18 72.5 1.4 3
100000 1 18 72.5 0.6 1.2
100000 1 18 72.5 0.6 1.8
100000 1 18 75 -0.6 3
100000 1 18 75 -0.6 2.4
100000 1 18 75 -0.6 1.8
100000 1 18 75 -0.6 1.2
100000 1 18 72.5 0.6 2.4
100000 1 18 72.5 0.6 3
100000 1 18 72.5 10 1.8
100000 1 18 72.5 10 2.4
100000 1 18 72.5 10 3
100000 1 18 67.5 1 1.2
100000 1 18 67.5 1 1.8
100000 1 18 75 1 3
100000 1 18 75 1 2.4
100000 1 18 75 1 1.8
100000 1 18 75 1 1.2
100000 1 18 67.5 1 2.4
100000 1 18 67.5 1 3
100000 1 18 67.5 -0.6 1.2
100000 1 18 67.5 -0.6 1.8
100000 1 18 67.5 -0.6 2.4
100000 1 18 67.5 -0.6 3
100000 1 18 67.5 1.4 1.2
100000 1 18 65 10 3
100000 1 18 65 10 2.4
100000 1 18 65 10 1.8
100000 1 18 67.5 1.4 1.8
100000 1 18 67.5 1.4 2.4
100000 1 18 67.5 1.4 3
100000 1 18 67.5 0.6 1.2
100000 1 18 67.5 0.6 1.8
100000 1 18 67.5 0.6 2.4
100000 1 18 67.5 0.6 3
100000 1 18 67.5 10 1.8
100000 1 18 65 0.6 3
100000 1 18 65 0.6 2.4
100000 1 18 65 0.6 1.8
100000 1 18 65 0.6 1.2
100000 1 18 67.5 10 2.4
100000 1 18 67.5 10 3
100000 1 18 0 1 1.8
100000 1 18 0 1 2.4
100000 1 18 0 1 3
100000 1 18 0 -0.6 1.2
100000 1 18 0 -0.6 1.8
100000 1 18 65 1.4 3
100000 1 18 65 1.4 2.4
100000 1 18 65 1.4 1.8
100000 1 18 65 1.4 1.2
100000 1 18 0 -0.6 2.4
100000 1 18 0 -0.6 3
100000 1 18 0 -0.2 1.2
100000 1 18 0 -0.2 1.8
100000 1 18 0 -0.2 2.4
100000 1 18 0 -0.2 3
100000 1 18 0 -1 0.6
100000 1 18 65 -0.6 3
100000 1 18 65 -0.6 2.4
100000 1 18 65 -0.6 1.8
100000 1 18 65 -0.6 1.2
100000 1 18 0 -1 1.2
100000 1 18 0 -1 1.8
100000 1 18 0 -1 2.4
100000 1 18 0 -1 3
100000 1 18 0 10 1.8
100000 1 18 0 10 2.4
100000 1 18 0 10 3
100000 1 18 65 1 3
100000 1 18 65 1 2.4
100000 1 18 65 1 1.8
100000 1 18 65 1 1.2
100000 1 6 45 0.8 0.6
100000 1 6 45 0.8 1.2
100000 1 6 45 0.8 1.8
100000 1 6 45 0.8 2.4
100000 1 6 45 0.8 3
100000 1 6 45 0.8 0.3
100000 1 6 45 -0.8 0
100000 1 18 55 10 3
100000 1 18 55 10 2.4
100000 1 18 55 10 1.8
100000 1 6 45 -0.8 0.6
100000 1 6 45 -0.8 1.2
100000 1 6 45 -0.8 1.8
100000 1 6 45 -0.8 2.4
100000 1 6 45 -0.8 3
100000 1 18 55 -1 0.45
100000 1 6 45 -0.8 3.3
100000 1 6 45 -0.8 2.7
100000 1 18 55 -1 3
100000 1 18 55 -1 2.4
100000 1 18 55 -1 1.8
100000 1 18 55 -1 1.2
100000 1 18 55 -1 0.6
100000 1 6 45 -0.8 2.85
100000 1 6 45 -0.8 2.55
100000 1 6 45 -0.8 -10
100000 1 6 45 1.2 0.6
100000 1 6 45 1.2 1.2
100000 1 6 45 1.2 1.8
100000 1 18 55 -0.2 3
100000 1 18 55 -0.2 2.4
100000 1 18 55 -0.2 1.8
100000 1 18 55 -0.2 1.2
100000 1 6 45 1.2 2.4
100000 1 6 45 1.2 3
100000 1 6 45 0.4 0.6
100000 1 6 45 0.4 1.2
100000 1 6 45 0.4 1.8
100000 1 6 45 0.4 2.4
100000 1 6 45 0.4 3
100000 1 18 55 -0.6 3
100000 1 18 55 -0.6 2.4
100000 1 18 55 -0.6 1.8
100000 1 18 55 -0.6 1.2
100000 1 6 45 10 0.6
100000 1 6 45 10 1.2
100000 1 6 45 10 1.8
100000 1 6 45 10 2.4
100000 1 6 45 10 3
100000 1 6 45 10 0.3
100000 1 6 55 1 0
100000 1 18 55 1 3
100000 1 18 55 1 2.4
100000 1 18 55 1 1.8
100000 1 6 55 1 0.6
100000 1 6 55 1 1.2
100000 1 6 55 1 1.8
100000 1 6 55 1 2.4
100000 1 6 55 1 3
100000 1 6 55 1 3.3
100000 1 6 55 1 2.7
100000 1 6 55 1 2.85
100000 1 18 45 10 3
100000 1 18 45 10 2.4
100000 1 18 45 10 1.8
100000 1 6 55 1 2.55
100000 1 6 55 1 -10
100000 1 6 55 -0.6 0
100000 1 6 55 -0.6 0.6
100000 1 6 55 -0.6 1.2
100000 1 6 55 -0.6 1.8
100000 1 6 55 -0.6 2.4
100000 1 6 55 -0.6 3
100000 1 18 45 -1.2 3
100000 1 18 45 -1.2 2.4
100000 1 18 45 -1.2 1.8
100000 1 18 45 -1.2 1.2
100000 1 18 45 -1.2 0.6
100000 1 6 55 -0.6 3.3
100000 1 6 55 -0.6 2.7
100000 1 6 55 -0.6 2.85
100000 1 6 55 -0.6 2.55
100000 1 6 55 -0.2 0.6
100000 1 6 55 -0.2 1.2
100000 1 18 45 -0.4 3
100000 1 18 45 -0.4 2.4
100000 1 18 45 -0.4 1.8
100000 1 18 45 -0.4 1.2
100000 1 6 55 -0.2 1.8
100000 1 6 55 -0.2 2.4
100000 1 6 55 -0.2 3
100000 1 6 55 -0.2 0.3
100000 1 6 55 -1 0
100000 1 6 55 -1 0.6
100000 1 6 55 -1 1.2
100000 1 18 45 -0.8 3
100000 1 18 45 -0.8 2.4
100000 1 18 45 -0.8 1.8
100000 1 18 45 -0.8 1.2
100000 1 6 55 -1 1.8
100000 1 6 55 -1 2.4
100000 1 6 55 -1 3
100000 1 6 55 -1 3.3
100000 1 6 55 -1 2.7
100000 1 6 55 -1 2.85
100000 1 6 55 -1 2.55
100000 1 18 45 0.8 3
100000 1 18 45 0.8 2.4
100000 1 18 45 0.8 1.8
100000 1 6 55 -1 -10
100000 1 6 55 10 0.6
100000 1 6 55 10 1.2
100000 1 6 55 10 1.8
100000 1 6 55 10 2.4
100000 1 6 55 10 3
100000 1 6 65 1 0
100000 1 6 65 1 0.6
100000 1 60 0 10 3
100000 1 60 0 10 2.4
100000 1 6 65 1 1.2
100000 1 6 65 1 1.8
100000 1 6 65 1 2.4
100000 1 6 65 1 3
100000 1 6 65 1 3.3
100000 1 6 65 1 2.7
100000 1 6 65 1 2.85
100000 1 6 65 1 2.55
100000 1 60 0 -1 1.5
100000 1 60 0 -1 3
100000 1 60 0 -1 2.4
100000 1 60 0 -1 1.8
100000 1 6 65 1 -10
100000 1 6 65 -0.6 0
100000 1 6 65 -0.6 0.6
100000 1 6 65 -0.6 1.2
100000 1 6 65 -0.6 1.8
100000 1 60 0 -0.2 1.65
100000 1 6 65 -0.6 2.4
100000 1 6 65 -0.6 3
100000 1 60 0 -0.2 3
100000 1 60 0 -0.2 2.4
100000 1 60 0 -0.2 1.8
100000 1 6 65 -0.6 3.3
100000 1 6 65 -0.6 2.7
100000 1 6 65 -0.6 2.85
100000 1 6 65 -0.6 2.55
100000 1 6 65 -0.6 -10
100000 1 6 65 -0.2 0
100000 1 6 65 -0.2 0.6
100000 1 6 65 -0.2 1.2
100000 1 60 0 -0.6 3
100000 1 60 0 -0.6 2.4
100000 1 60 0 -0.6 1.8
100000 1 6 65 -0.2 1.8
100000 1 6 65 -0.2 2.4
100000 1 6 65 -0.2 3
100000 1 6 65 -0.2 3.3
100000 1 6 65 -0.2 2.7
100000 1 6 65 -0.2 2.85
100000 1 6 65 -0.2 2.55
100000 1 6 65 -0.2 -10
100000 1 60 0 1 3
100000 1 60 0 1 2.4
100000 1 60 0 1 1.8
100000 1 6 65 -1 0
100000 1 6 65 -1 0.6
100000 1 6 65 -1 1.2
100000 1 6 65 -1 1.8
100000 1 6 65 -1 2.4
100000 1 6 65 -1 3
100000 1 6 65 -1 3.3
100000 1 60 77.5 10 1.5
100000 1 60 77.5 10 3
100000 1 60 77.5 10 2.4
100000 1 60 77.5 10 1.8
100000 1 6 65 -1 2.7
100000 1 6 65 -1 2.85
100000 1 6 65 -1 2.55
100000 1 6 65 -1 -10
100000 1 6 65 10 0
100000 1 6 65 10 0.6
100000 1 6 65 10 1.2
100000 1 60 77.5 0.6 1.5
100000 1 60 77.5 0.6 3
100000 1 60 77.5 0.6 2.4
100000 1 60 77.5 0.6 1.8
100000 1 6 65 10 1.8
100000 1 6 65 10 2.4
100000 1 6 65 10 3
100000 1 6 65 10 3.3
100000 1 6 65 10 2.7
100000 1 6 65 10 2.85
100000 1 6 65 10 2.55
100000 1 60 77.5 1.4 1.5
100000 1 60 77.5 1.4 3
100000 1 60 77.5 1.4 2.4
100000 1 60 77.5 1.4 1.8
100000 1 6 65 10 -10
100000 1 6 75 1 0
100000 1 6 75 1 0.6
100000 1 6 75 1 1.2
100000 1 6 75 1 1.8
100000 1 6 75 1 2.4
100000 1 6 75 1 3
100000 1 60 77.5 -0.6 1.5
100000 1 60 77.5 -0.6 3
100000 1 60 77.5 -0.6 2.4
100000 1 60 77.5 -0.6 1.8
100000 1 6 75 1 3.3
100000 1 6 75 1 2.7
100000 1 6 75 1 2.85
100000 1 6 75 1 2.55
100000 1 6 75 1 -10
100000 1 6 75 -0.6 0
100000 1 6 75 -0.6 0.6
100000 1 60 77.5 1 1.5
100000 1 60 77.5 1 3
100000 1 60 77.5 1 2.4
100000 1 60 77.5 1 1.8
100000 1 6 75 -0.6 1.2
100000 1 6 75 -0.6 1.8
100000 1 6 75 -0.6 2.4
100000 1 6 75 -0.6 3
100000 1 6 75 -0.6 3.3
100000 1 6 75 -0.6 2.7
100000 1 6 75 -0.6 2.85
100000 1 6 75 -0.6 2.55
100000 1 60 82.5 10 3
100000 1 60 82.5 10 2.4
100000 1 60 82.5 10 1.8
100000 1 60 82.5 10 1.2
100000 1 60 82.5 10 0.6
100000 1 6 75 -0.6 -10
100000 1 6 75 -0.2 0
100000 1 6 75 -0.2 0.6
100000 1 6 75 -0.2 1.2
100000 1 6 75 -0.2 1.8
100000 1 6 75 -0.2 2.4
100000 1 60 82.5 -1 3
100000 1 60 82.5 -1 2.4
100000 1 60 82.5 -1 1.8
100000 1 60 82.5 -1 1.2
100000 1 60 82.5 -1 0.6
100000 1 6 75 -0.2 3
100000 1 6 75 -0.2 3.3
100000 1 6 75 -0.2 2.7
100000 1 6 75 -0.2 2.85
100000 1 6 75 -0.2 2.55
100000 1 6 75 -0.2 -10
100000 1 60 82.5 -0.2 3
100000 1 60 82.5 -0.2 2.4
100000 1 60 82.5 -0.2 1.8
100000 1 60 82.5 -0.2 1.2
100000 1 60 82.5 -0.2 0.6
100000 1 6 75 -1 0
100000 1 6 75 -1 0.6
100000 1 6 75 -1 1.2
100000 1 6 75 -1 1.8
100000 1 6 75 -1 2.4
100000 1 6 75 -1 3
100000 1 60 82.5 -0.6 3
100000 1 60 82.5 -0.6 2.4
100000 1 60 82.5 -0.6 1.8
100000 1 60 82.5 -0.6 1.2
100000 1 60 82.5 -0.6 0.6
100000 1 6 75 -1 3.3
100000 1 6 75 -1 2.7
100000 1 6 75 -1 2.85
100000 1 6 75 -1 2.55
100000 1 6 75 -1 -10
100000 1 6 75 10 0
100000 1 60 82.5 1 3
100000 1 60 82.5 1 2.4
100000 1 60 82.5 1 1.8
100000 1 60 82.5 1 1.2
100000 1 60 82.5 1 0.6
100000 1 6 75 10 0.6
100000 1 6 75 10 1.2
100000 1 6 75 10 1.8
100000 1 6 75 10 2.4
100000 1 6 75 10 3
100000 1 6 75 10 3.3
100000 1 60 70 10 3
100000 1 60 70 10 2.4
100000 1 60 70 10 1.8
100000 1 6 75 10 2.7
100000 1 6 75 10 2.85
100000 1 6 75 10 2.55
100000 1 6 75 10 -10
100000 1 6 85 1 0
100000 1 6 85 1 0.6
100000 1 6 85 1 1.2
100000 1 6 85 1 1.8
100000 1 60 70 0.6 3
100000 1 60 70 0.6 2.4
100000 1 60 70 0.6 1.8
100000 1 6 85 1 2.4
100000 1 6 85 1 3
100000 1 6 85 1 3.3
100000 1 6 85 1 2.7
100000 1 6 85 1 2.85
100000 1 6 85 1 2.55
100000 1 6 85 1 -10
100000 1 6 85 -0.6 0
100000 1 60 70 1.4 3
100000 1 60 70 1.4 2.4
100000 1 60 70 1.4 1.8
100000 1 6 85 -0.6 0.6
100000 1 6 85 -0.6 1.2
100000 1 6 85 -0.6 1.8
100000 1 6 85 -0.6 2.4
100000 1 6 85 -0.6 3
100000 1 60 70 -0.6 1.65
100000 1 6 85 -0.6 3.3
100000 1 6 85 -0.6 2.7
100000 1 60 70 -0.6 3
100000 1 60 70 -0.6 2.4
100000 1 60 70 -0.6 1.8
100000 1 6 85 -0.6 2.85
100000 1 6 85 -0.6 2.55
100000 1 6 85 -0.6 -10
100000 1 6 85 -0.2 0
100000 1 6 85 -0.2 0.6
100000 1 6 85 -0.2 1.2
100000 1 6 85 -0.2 1.8
100000 1 6 85 -0.2 2.4
100000 1 60 70 1 3
100000 1 60 70 1 2.4
100000 1 60 70 1 1.8
100000 1 6 85 -0.2 3
100000 1 6 85 -0.2 3.3
100000 1 6 85 -0.2 2.7
100000 1 6 85 -0.2 2.85
100000 1 6 85 -0.2 2.55
100000 1 6 85 -0.2 -10
100000 1 6 85 -1 0
100000 1 6 85 -1 0.6
100000 1 60 80 10 3
100000 1 60 80 10 2.4
100000 1 60 80 10 1.8
100000 1 6 85 -1 1.2
100000 1 6 85 -1 1.8
100000 1 6 85 -1 2.4
100000 1 6 85 -1 3
100000 1 6 85 -1 3.3
100000 1 6 85 -1 2.7
100000 1 6 85 -1 2.85
100000 1 6 85 -1 2.55
100000 1 60 80 -1 3
100000 1 60 80 -1 2.4
100000 1 60 80 -1 1.8
100000 1 6 85 -1 -10
100000 1 6 85 10 0
100000 1 6 85 10 0.6
100000 1 6 85 10 1.2
100000 1 6 85 10 1.8
100000 1 6 85 10 2.4
100000 1 6 85 10 3
100000 1 6 85 10 3.3
100000 1 60 80 -0.2 3
100000 1 60 80 -0.2 2.4
100000 1 60 80 -0.2 1.8
100000 1 6 85 10 2.7
100000 1 6 85 10 2.85
100000 1 6 85 10 2.55
100000 1 6 85 10 -10
100000 1 6 95 1 0
100000 1 6 95 1 0.6
100000 1 6 95 1 1.2
100000 1 6 95 1 1.8
100000 1 60 80 -0.6 3
100000 1 60 80 -0.6 2.4
100000 1 60 80 -0.6 1.8
100000 1 6 95 1 2.4
100000 1 6 95 1 3
100000 1 6 95 1 3.3
100000 1 6 95 1 2.7
100000 1 6 95 1 2.85
100000 1 6 95 1 2.55
100000 1 6 95 1 -10
100000 1 60 80 1 1.5
100000 1 60 80 1 3
100000 1 60 80 1 2.4
100000 1 60 80 1 1.8
100000 1 6 95 -0.6 0
100000 1 6 95 -0.6 0.6
100000 1 6 95 -0.6 1.2
100000 1 60 95 10 -10
100000 1 60 95 10 2.55
100000 1 60 95 10 2.85
100000 1 60 95 10 2.7
100000 1 60 95 10 3.3
100000 1 60 95 10 3
100000 1 60 95 10 2.4
100000 1 60 95 10 1.8
100000 1 60 95 10 1.2
100000 1 60 95 10 0.6
100000 1 60 95 10 0
100000 1 60 95 -1 -10
100000 1 60 95 -1 2.55
100000 1 60 95 -1 2.85
100000 1 60 95 -1 2.7
100000 1 60 95 -1 3.3
100000 1 60 95 -1 3
100000 1 60 95 -1 2.4
100000 1 60 95 -1 1.8
100000 1 60 95 -1 1.2
100000 1 60 95 -1 0.6
100000 1 60 95 -1 0
100000 1 60 95 -0.2 -10
100000 1 60 95 -0.2 2.55
100000 1 60 95 -0.2 2.85
100000 1 60 95 -0.2 2.7
100000 1 60 95 -0.2 3.3
0
799620 24 75 10 0.3