424765 1.10446 0 20 0 0.15
424765 1.10446 0 20 0 0.3
424765 1.10446 0 20 0 10
424765 1.10446 0 20 0 0.45
423620 1.09857 0 25 -0.8 -0.375
397274 1.10081 0 25 0 0.3
397274 1.10081 0 25 0 10
397274 1.10081 0 25 0 0.45
397274 1.10081 0 25 0 0.15
380044 1.09726 0 20 -0.4 0.375
380044 1.09726 0 20 -0.4 10
380044 1.09726 0 20 -0.4 0.525
380044 1.09726 0 20 -0.4 0.225
374096 1.08631 0 55 0.4 10
372765 1.09706 0 22.5 -0.8 0.375
372765 1.09706 0 22.5 -0.8 0.525
372765 1.09706 0 22.5 -0.8 0.225
372765 1.09706 0 22.5 -0.8 10
371971 1.09096 0 25 -0.8 -0.075
371971 1.09096 0 25 -0.8 -0.225
371971 1.09096 0 25 -0.8 10
371971 1.09096 0 25 -0.8 0.375
368620 1.08983 0 22.5 -0.4 0.375
368620 1.08983 0 22.5 -0.4 0.225
368620 1.08983 0 22.5 -0.4 0.525
368620 1.08983 0 22.5 -0.4 10
368091 1.09503 0 25 -0.4 10
368091 1.09503 0 25 -0.4 0.525
368091 1.09503 0 25 -0.4 0.375
368091 1.09503 0 25 -0.4 0.225
362758 1.09526 0 20 -0.8 0.525
362758 1.09526 0 20 -0.8 0.375
362758 1.09526 0 20 -0.8 10
362758 1.09526 0 20 -0.8 0.225
362249 1.09516 0 20 -1.2 0.525
362249 1.09516 0 20 -1.2 10
362249 1.09516 0 20 -1.2 0.375
362249 1.09516 0 20 -1.2 0.225
361720 1.09818 0 20 0 -0.3
346120 1.09179 0 22.5 0 0.3
346120 1.09179 0 22.5 0 0.15
346120 1.09179 0 22.5 0 0.45
346120 1.09179 0 22.5 0 10
345076 1.11034 0 17.5 -0.8 -0.375
344633 1.0856 0 55 0.4 0.375
344603 1.11023 0 17.5 -1.2 -0.375
344538 1.11031 0 17.5 -0.8 -0.225
344065 1.11019 0 17.5 -1.2 -0.225
343560 1.08683 0 25 -1.2 -0.375
335115 1.10812 0 17.5 -0.8 0.375
335115 1.10812 0 17.5 -0.8 10
335115 1.10812 0 17.5 -0.8 -0.075
334658 1.108 0 17.5 -1.2 10
334658 1.108 0 17.5 -1.2 0.375
334658 1.108 0 17.5 -1.2 -0.075
329586 1.11319 0 15 -0.8 -0.375
329136 1.11306 0 15 -1.2 -0.375
326180 1.08275 0 55 0.4 0.525
325256 1.08722 0 55 0.4 0.225
324337 1.08701 0 45 0.4 0.225
324337 1.08701 0 45 0.4 0.375
324337 1.08701 0 45 0.4 10
324337 1.08701 0 45 0.4 0.525
322936 1.08764 0 20 -10 0.225
322936 1.08764 0 20 -10 0.375
322936 1.08764 0 20 -10 10
322936 1.08764 0 20 -10 0.525
320475 1.10332 0 17.5 -0.4 -0.375
320058 1.10329 0 17.5 -0.4 -0.225
314675 1.10279 0 17.5 -10 -0.375
314167 1.10276 0 17.5 -10 -0.225
313260 1.10897 0 15 -10 -0.375
311733 1.08523 0 100 0 -0.3
311733 1.08523 0 55 0 -0.15
311733 1.08523 0 55 0 -0.3
311733 1.08523 0 45 0 -0.15
311733 1.08523 0 100 0 -0.15
311732 1.08523 0 35 0 10
311732 1.08523 0 35 0 -0.15
311732 1.08523 0 35 0 -0.3
311732 1.08523 0 35 0 0.3
311732 1.08523 0 45 0 -0.3
311236 1.1011 0 17.5 -0.4 0.375
311236 1.1011 0 17.5 -0.4 -0.075
311236 1.1011 0 17.5 -0.4 10
308346 1.08729 0 20 -0.4 -0.225
305617 1.10057 0 17.5 -10 10
305617 1.10057 0 17.5 -10 -0.075
305617 1.10057 0 17.5 -10 0.375
303238 1.08084 0 22.5 -0.4 -0.225
301677 1.07922 0 25 -1.2 0.375
301677 1.07922 0 25 -1.2 -0.075
301677 1.07922 0 25 -1.2 -0.225
301677 1.07922 0 25 -1.2 10
301161 1.10538 0 15 -0.8 -0.225
300741 1.10525 0 15 -1.2 -0.225
298805 1.08553 0 22.5 0 -0.3
294380 1.08516 0 20 -0.8 -0.225
293972 1.08506 0 20 -1.2 -0.225
293769 1.07956 0 25 0 -0.3
292865 1.10302 0 15 -0.8 0.375
292865 1.10302 0 15 -0.8 10
292865 1.10302 0 15 -0.8 -0.075
292453 1.10289 0 15 -1.2 0.375
292453 1.10289 0 15 -1.2 10
292453 1.10289 0 15 -1.2 -0.075
287493 1.07947 0 100 -0.4 -0.375
287230 1.07849 0 22.5 -0.8 -0.225
286273 1.10117 0 15 -10 -0.225
285380 1.07909 0 35 -0.4 -0.375
284910 1.08079 0 22.5 -1.2 10
284910 1.08079 0 22.5 -1.2 0.225
284910 1.08079 0 22.5 -1.2 0.375
284910 1.08079 0 22.5 -1.2 0.525
283881 1.06916 0 55 0.8 10
278364 1.0988 0 15 -10 10
278364 1.0988 0 15 -10 -0.075
278364 1.0988 0 15 -10 0.375
270559 1.07342 0 25 -0.4 -0.225
268435 1.07256 0 25 -10 -0.375
264411 1.06772 0 55 0 0.3
263550 1.0685 0 55 1.2 10
262049 1.07703 0 20 -10 -0.225
254404 1.07238 0 45 0 10
254403 1.07238 0 45 0 0.3
254186 1.07008 0 35 -0.8 -0.375
252554 1.06967 0 45 -0.8 -0.375
252239 1.0696 0 100 -0.8 -0.375
252239 1.0696 0 55 -0.8 -0.375
251306 1.06544 0 55 0 10
251142 1.07659 0 20 0.8 10
251142 1.07659 0 20 0.8 0.525
251142 1.07659 0 20 0.8 0.375
251142 1.07659 0 20 0.8 0.225
248022 1.07054 0 35 -0.4 -0.225
247540 1.0643 0 100 0.8 0.375
247540 1.0643 0 55 0.8 0.525
247540 1.0643 0 55 0.8 0.375
242598 1.06688 0 35 -0.8 10
242598 1.06688 0 35 -0.8 0.375
242598 1.06688 0 35 -0.8 -0.225
242598 1.06688 0 35 -0.8 -0.075
237913 1.06623 0 55 0.4 -0.225
236645 1.06921 0 22.5 -10 0.525
236645 1.06921 0 22.5 -10 10
236645 1.06921 0 22.5 -10 0.225
236645 1.06921 0 22.5 -10 0.375
233571 1.0646 0 55 0.8 0.225
233571 1.0646 0 100 0.8 0.225
232645 1.06427 0 35 0.8 10
232645 1.06427 0 35 0.8 0.375
232645 1.06427 0 35 0.8 0.525
232645 1.06427 0 35 0.8 0.225
232017 1.06405 0 45 0.8 0.525
232017 1.06405 0 45 0.8 10
232017 1.06405 0 45 0.8 0.225
232017 1.06405 0 45 0.8 0.375
231395 1.06317 0 100 -0.4 -0.075
229792 1.06327 0 45 1.2 0.225
229792 1.06327 0 45 1.2 0.525
229792 1.06327 0 55 1.2 0.225
229792 1.06327 0 45 1.2 10
229792 1.06327 0 55 1.2 0.375
229792 1.06327 0 45 1.2 0.375
229792 1.06327 0 55 1.2 0.525
229707 1.06564 0 35 -0.4 0.375
229707 1.06564 0 35 -0.4 -0.075
229707 1.06564 0 35 -0.4 10
225002 1.06176 0 35 -1.2 -0.375
224123 1.06242 0 25 -10 10
224123 1.06242 0 25 -10 -0.225
224123 1.06242 0 25 -10 0.375
224123 1.06242 0 25 -10 -0.075
219938 1.05819 0 100 0 0.3
219562 1.06222 0 22.5 -1.2 -0.225
217388 1.0721 0 17.5 0 -0.3
216693 1.06023 0 55 0 -0.45
216693 1.06023 0 100 0 -0.45
216693 1.06023 0 35 0 -0.45
216693 1.06023 0 45 0 -0.45
210119 1.06923 0 17.5 0 -0.45
209582 1.06023 0 100 -0.4 -0.225
207927 1.07233 0 15 -0.4 -0.375
204684 1.05361 0 100 -0.4 0.375
204309 1.07105 0 15 0 -0.3
204019 1.05349 0 35 -10 -0.375
201992 1.06001 0 25 0.8 0.525
201992 1.06001 0 25 0.8 0.375
201992 1.06001 0 25 0.8 0.225
201992 1.06001 0 25 0.8 10
201664 1.06998 0 15 0 -0.45
201604 1.05157 0 100 0.8 0.525
201469 1.05571 0 100 -0.8 -0.075
201465 1.06574 0 17.5 0 -0.15
201465 1.06574 0 17.5 0 10
201465 1.06574 0 17.5 0 0.3
201186 1.05565 0 100 -0.8 -0.225
201186 1.05565 0 55 -0.8 -0.225
201186 1.05565 0 55 -0.8 -0.075
201089 1.05479 0 35 -1.2 10
201089 1.05479 0 35 -1.2 0.375
201089 1.05479 0 35 -1.2 -0.075
201089 1.05479 0 35 -1.2 -0.225
200030 1.05529 0 45 -0.8 -0.225
200029 1.05529 0 45 -0.8 -0.075
199498 1.05909 0 22.5 0.8 10
199498 1.05909 0 22.5 0.8 0.225
199498 1.05909 0 22.5 0.8 0.525
199498 1.05909 0 22.5 0.8 0.375
197708 1.05155 0 55 -0.8 0.375
192996 1.05787 0 20 0.8 -0.225
192303 1.05027 0 55 -0.8 10
190405 1.04953 0 45 -10 -0.375
190004 1.06382 0 15 -0.4 -0.225
189443 1.048 0 100 -0.8 0.375
185958 1.02166 0 100 -0.8 10
184783 1.06124 0 15 -0.4 10
184783 1.06124 0 15 -0.4 0.375
184783 1.06124 0 15 -0.4 -0.075
182428 1.0247 0 100 0.8 10
182340 1.05063 0 22.5 -10 -0.225
182156 1.04678 0 35 -10 -0.075
182156 1.04678 0 35 -10 0.375
182156 1.04678 0 35 -10 -0.225
182156 1.04678 0 35 -10 10
181254 1.04614 0 45 0.4 -0.225
180553 1.06147 0 20 1.6 -0.075
180553 1.06147 0 20 1.6 -0.225
179295 1.01931 0 100 -1.2 10
179228 1.0449 0 35 0.8 -0.225
179201 1.05888 0 15 0 -0.15
179201 1.05888 0 15 0 0.3
179201 1.05888 0 15 0 10
176353 1.06565 0 20 1.6 -0.375
172912 1.0426 0 45 0.8 -0.225
172912 1.0426 0 55 0.8 -0.225
172912 1.0426 0 100 0.8 -0.225
172147 1.0391 0 100 1.6 0.525
171872 1.04069 0 100 -1.2 0.375
171172 1.04646 0 45 -0.8 10
171171 1.04646 0 45 -0.8 0.375
170632 1.03792 0 100 -1.2 0.525
168781 1.04009 0 45 1.6 0.375
168781 1.04009 0 45 1.6 10
168781 1.04009 0 45 1.6 0.525
168781 1.04009 0 45 1.6 0.225
168534 1.04295 0 100 -1.2 -0.225
167598 1.04435 0 100 -1.2 0.225
166900 1.02008 0 100 -0.4 10
166814 1.05875 0 22.5 1.6 -0.375
165395 1.05772 0 25 1.6 -0.375
163727 1.05152 0 20 1.6 10
163727 1.05152 0 20 1.6 0.375
161602 1.03723 0 100 1.6 0.225
161602 1.03723 0 100 1.6 0.375
161602 1.03723 0 55 1.6 0.525
161602 1.03723 0 55 1.6 0.225
161602 1.03723 0 55 1.6 10
161602 1.03723 0 55 1.6 0.375
159895 1.05499 0 17.5 0.8 10
159895 1.05499 0 17.5 0.8 0.375
159895 1.05499 0 17.5 0.8 0.525
159895 1.05499 0 17.5 0.8 0.225
159804 1.02004 0 100 0 10
159522 1.03852 0 35 1.6 0.225
159522 1.03852 0 35 1.6 10
159522 1.03852 0 35 1.6 0.375
159522 1.03852 0 35 1.6 0.525
159323 1.06952 0 17.5 1.6 0.375
159323 1.06952 0 17.5 1.6 -0.225
159323 1.06952 0 17.5 1.6 10
159323 1.06952 0 17.5 1.6 -0.375
159323 1.06952 0 17.5 1.6 -0.075
158906 1.05432 0 17.5 0.8 -0.225
158790 1.03854 0 25 0.8 -0.225
158494 1.03544 0 55 -10 0.375
158366 1.03801 0 45 -10 -0.225
157839 1.03786 0 45 -10 -0.075
157075 1.01988 0 100 1.6 10
155687 1.03638 0 35 1.6 -0.225
155687 1.03638 0 45 1.6 -0.225
155395 1.04 0 22.5 0.8 -0.225
154146 1.03423 0 55 -10 10
153869 1.07515 0 10 -0.4 10
153869 1.07515 0 10 -0.8 -0.075
153869 1.07515 0 10 -0.8 10
153869 1.07515 0 10 -0.4 -0.075
153869 1.07515 0 10 -0.4 -0.375
153869 1.07515 0 10 -0.4 -0.225
153869 1.07515 0 10 -0.8 0.375
153869 1.07515 0 10 -0.8 -0.225
153869 1.07515 0 10 -0.4 0.375
153869 1.07515 0 10 -0.8 -0.375
153651 1.07489 0 10 -1.2 -0.075
153651 1.07489 0 10 -1.2 -0.375
153651 1.07489 0 10 -1.2 10
153651 1.07489 0 10 -1.2 -0.225
153651 1.07489 0 10 -1.2 0.375
153522 1.03399 0 55 -10 0.525
153513 1.04969 0 15 0.8 0.375
153513 1.04969 0 15 0.8 0.225
153513 1.04969 0 15 0.8 10
153513 1.04969 0 15 0.8 0.525
152566 1.04902 0 15 0.8 -0.225
151780 1.03501 0 55 -10 0.225
150255 1.08537 0 10 0 -0.3
150255 1.08537 0 10 0 0.3
150255 1.08537 0 10 0 -0.45
150255 1.08537 0 10 0 -0.15
150255 1.08537 0 10 0 10
149662 1.03368 0 55 -10 -0.225
149204 1.05909 0 15 1.6 0.375
149204 1.05909 0 15 1.6 10
149204 1.05909 0 15 1.6 -0.225
149204 1.05909 0 15 1.6 -0.075
149204 1.05909 0 15 1.6 -0.375
148891 1.03322 0 55 1.6 -0.225
148891 1.03322 0 100 1.6 -0.225
146484 1.06644 0 10 -10 -0.075
146484 1.06644 0 10 -10 10
146484 1.06644 0 10 -10 -0.375
146484 1.06644 0 10 -10 0.375
146484 1.06644 0 10 -10 -0.225
146364 1.04028 0 22.5 1.6 -0.075
146364 1.04028 0 22.5 1.6 -0.225
145121 1.03936 0 25 1.6 -0.225
145121 1.03936 0 25 1.6 -0.075
144519 1.02879 0 100 -10 0.525
142786 1.03279 0 45 -10 0.375
142786 1.03279 0 45 -10 10
142091 1.02821 0 55 1.2 -0.225
142091 1.02821 0 45 1.2 -0.225
136876 1.02762 0 100 -10 0.375
135870 1.02902 0 100 -10 0.225
134790 1.0271 0 100 -10 -0.225
132849 1.0741 0 10 0.8 -0.075
132849 1.0741 0 10 0.8 10
132849 1.0741 0 10 0.8 0.375
132849 1.0741 0 10 0.8 -0.225
132849 1.0741 0 10 0.8 -0.375
132733 1.03033 0 22.5 1.6 10
132733 1.03033 0 22.5 1.6 0.375
131609 1.0294 0 25 1.6 10
131609 1.0294 0 25 1.6 0.375
124617 1.04567 0 100 3.2 10
123529 1.05488 0 100 3.2 0.375
123529 1.05488 0 55 3.2 0.375
123529 1.05488 0 100 3.2 0.525
123529 1.05488 0 100 3.2 0.225
123529 1.05488 0 55 3.2 10
123529 1.05488 0 55 3.2 0.225
123529 1.05488 0 35 3.2 0.375
123529 1.05488 0 45 3.2 10
123529 1.05488 0 35 3.2 0.525
123529 1.05488 0 35 3.2 0.225
123529 1.05488 0 35 3.2 10
123529 1.05488 0 55 3.2 0.525
123529 1.05488 0 45 3.2 0.375
123529 1.05488 0 45 3.2 0.525
123529 1.05488 0 45 3.2 0.225
119474 1.09311 30 100 -10 -0.375
119474 1.09311 30 60 0 -0.3
119474 1.09311 30 45 -0.8 0.375
119474 1.09311 30 45 -0.8 -0.225
119474 1.09311 30 100 -10 -0.075
119474 1.09311 30 100 -10 -0.225
119474 1.09311 30 100 -1.2 10
119474 1.09311 30 45 -0.8 -0.075
119474 1.09311 30 100 -1.2 -0.375
119474 1.09311 30 100 -1.2 -0.075
119474 1.09311 30 100 -1.2 -0.225
119474 1.09311 30 100 -1.2 0.375
119474 1.09311 30 100 -0.4 10
119474 1.09311 30 100 -0.4 -0.375
119474 1.09311 30 100 -0.4 -0.075
119474 1.09311 30 100 -0.4 -0.225
119474 1.09311 30 100 -0.4 0.375
119474 1.09311 30 100 -0.8 10
119474 1.09311 30 100 -0.8 -0.375
119474 1.09311 30 45 0 0.3
119474 1.09311 30 35 -10 10
119474 1.09311 30 35 -10 -0.375
119474 1.09311 30 35 -10 -0.075
119474 1.09311 30 35 -10 -0.225
119474 1.09311 30 35 -10 0.375
119474 1.09311 30 35 -1.2 10
119474 1.09311 30 35 -1.2 -0.375
119474 1.09311 30 35 -1.2 -0.075
119474 1.09311 30 35 -1.2 -0.225
119474 1.09311 30 35 -1.2 0.375
119474 1.09311 30 35 -0.4 10
119474 1.09311 30 35 -0.4 -0.375
119474 1.09311 30 35 -0.4 -0.075
119474 1.09311 30 35 -0.4 -0.225
119474 1.09311 30 35 -0.4 0.375
119474 1.09311 30 35 -0.8 10
119474 1.09311 30 35 -0.8 -0.375
119474 1.09311 30 35 -0.8 -0.075
119474 1.09311 30 35 -0.8 -0.225
119474 1.09311 30 35 -0.8 0.375
119474 1.09311 30 100 -0.8 -0.075
119474 1.09311 30 100 -0.8 -0.225
119474 1.09311 30 100 -0.8 0.375
119474 1.09311 30 100 0 10
119474 1.09311 30 100 0 -0.45
119474 1.09311 30 100 0 -0.15
119474 1.09311 30 100 0 -0.3
119474 1.09311 30 100 0 0.3
119474 1.09311 30 47.5 -10 10
119474 1.09311 30 45 -0.8 -0.375
119474 1.09311 30 45 -0.8 10
119474 1.09311 30 45 -0.4 0.375
119474 1.09311 30 45 -0.4 -0.225
119474 1.09311 30 45 -0.4 -0.075
119474 1.09311 30 45 -0.4 -0.375
119474 1.09311 30 45 -0.4 10
119474 1.09311 30 45 -1.2 0.375
119474 1.09311 30 45 -1.2 -0.225
119474 1.09311 30 45 -1.2 -0.075
119474 1.09311 30 45 -1.2 -0.375
119474 1.09311 30 45 -1.2 10
119474 1.09311 30 45 -10 0.375
119474 1.09311 30 45 -10 -0.225
119474 1.09311 30 45 -10 -0.075
119474 1.09311 30 47.5 -10 -0.375
119474 1.09311 30 47.5 -10 -0.075
119474 1.09311 30 45 0 -0.3
119474 1.09311 30 47.5 -10 -0.225
119474 1.09311 30 45 0 -0.15
119474 1.09311 30 47.5 -10 0.375
119474 1.09311 30 47.5 -1.2 10
119474 1.09311 30 47.5 -1.2 -0.375
119474 1.09311 30 47.5 -1.2 -0.075
119474 1.09311 30 47.5 -1.2 -0.225
119474 1.09311 30 47.5 -1.2 0.375
119474 1.09311 30 35 0 10
119474 1.09311 30 35 0 -0.45
119474 1.09311 30 35 0 -0.15
119474 1.09311 30 35 0 -0.3
119474 1.09311 30 45 0 -0.45
119474 1.09311 30 45 0 10
119474 1.09311 30 47.5 -0.4 10
119474 1.09311 30 47.5 -0.4 -0.375
119474 1.09311 30 47.5 -0.4 -0.075
119474 1.09311 30 47.5 -0.4 -0.225
119474 1.09311 30 47.5 -0.4 0.375
119474 1.09311 30 47.5 -0.8 10
119474 1.09311 30 47.5 -0.8 -0.375
119474 1.09311 30 47.5 -0.8 -0.075
119474 1.09311 30 47.5 -0.8 -0.225
119474 1.09311 30 47.5 -0.8 0.375
119474 1.09311 30 35 0 0.3
119474 1.09311 30 25 -10 10
119474 1.09311 30 25 -10 -0.375
119474 1.09311 30 25 -10 -0.075
119474 1.09311 30 25 -10 -0.225
119474 1.09311 30 25 -10 0.375
119474 1.09311 30 25 -1.2 10
119474 1.09311 30 25 -1.2 -0.375
119474 1.09311 30 25 -1.2 -0.075
119474 1.09311 30 25 -1.2 -0.225
119474 1.09311 30 25 -1.2 0.375
119474 1.09311 30 25 -0.4 10
119474 1.09311 30 25 -0.4 -0.375
119474 1.09311 30 45 -10 -0.375
119474 1.09311 30 45 -10 10
119474 1.09311 30 55 0 0.3
119474 1.09311 30 55 0 -0.3
119474 1.09311 30 55 0 -0.15
119474 1.09311 30 55 0 -0.45
119474 1.09311 30 55 0 10
119474 1.09311 30 47.5 0 10
119474 1.09311 30 47.5 0 -0.45
119474 1.09311 30 47.5 0 -0.15
119474 1.09311 30 47.5 0 -0.3
119474 1.09311 30 47.5 0 0.3
119474 1.09311 30 52.5 -10 10
119474 1.09311 30 52.5 -10 -0.375
119474 1.09311 30 52.5 -10 -0.075
119474 1.09311 30 52.5 -10 -0.225
119474 1.09311 30 52.5 -10 0.375
119474 1.09311 30 52.5 -1.2 10
119474 1.09311 30 52.5 -1.2 -0.375
119474 1.09311 30 52.5 -1.2 -0.075
119474 1.09311 30 52.5 -1.2 -0.225
119474 1.09311 30 25 -0.4 -0.075
119474 1.09311 30 25 -0.4 -0.225
119474 1.09311 30 52.5 -1.2 0.375
119474 1.09311 30 52.5 -0.4 10
119474 1.09311 30 52.5 -0.4 -0.375
119474 1.09311 30 52.5 -0.4 -0.075
119474 1.09311 30 52.5 -0.4 -0.225
119474 1.09311 30 52.5 -0.4 0.375
119474 1.09311 30 25 -0.4 0.375
119474 1.09311 30 25 -0.8 10
119474 1.09311 30 25 -0.8 -0.375
119474 1.09311 30 25 -0.8 -0.075
119474 1.09311 30 25 -0.8 -0.225
119474 1.09311 30 25 -0.8 0.375
119474 1.09311 30 52.5 -0.8 10
119474 1.09311 30 52.5 -0.8 -0.375
119474 1.09311 30 52.5 -0.8 -0.075
119474 1.09311 30 52.5 -0.8 -0.225
119474 1.09311 30 52.5 -0.8 0.375
119474 1.09311 30 52.5 0 10
119474 1.09311 30 52.5 0 -0.45
119474 1.09311 30 52.5 0 -0.15
119474 1.09311 30 52.5 0 -0.3
119474 1.09311 30 52.5 0 0.3
119474 1.09311 30 50 -10 10
119474 1.09311 30 50 -10 -0.375
119474 1.09311 30 50 -10 -0.075
119474 1.09311 30 50 -10 -0.225
119474 1.09311 30 50 -10 0.375
119474 1.09311 30 50 -1.2 10
119474 1.09311 30 50 -1.2 -0.375
119474 1.09311 30 50 -1.2 -0.075
119474 1.09311 30 50 -1.2 -0.225
119474 1.09311 30 50 -1.2 0.375
119474 1.09311 30 50 -0.4 10
119474 1.09311 30 50 -0.4 -0.375
119474 1.09311 30 50 -0.4 -0.075
119474 1.09311 30 50 -0.4 -0.225
119474 1.09311 30 50 -0.4 0.375
119474 1.09311 30 50 -0.8 10
119474 1.09311 30 50 -0.8 -0.375
119474 1.09311 30 55 -0.8 0.375
119474 1.09311 30 55 -0.8 -0.225
119474 1.09311 30 55 -0.8 -0.075
119474 1.09311 30 55 -0.8 -0.375
119474 1.09311 30 55 -0.8 10
119474 1.09311 30 55 -0.4 0.375
119474 1.09311 30 55 -0.4 -0.225
119474 1.09311 30 55 -0.4 -0.075
119474 1.09311 30 55 -0.4 -0.375
119474 1.09311 30 55 -0.4 10
119474 1.09311 30 55 -1.2 0.375
119474 1.09311 30 55 -1.2 -0.225
119474 1.09311 30 55 -1.2 -0.075
119474 1.09311 30 50 -0.8 -0.075
119474 1.09311 30 50 -0.8 -0.225
119474 1.09311 30 50 -0.8 0.375
119474 1.09311 30 50 0 10
119474 1.09311 30 25 0 10
119474 1.09311 30 25 0 -0.45
119474 1.09311 30 25 0 -0.15
119474 1.09311 30 25 0 -0.3
119474 1.09311 30 25 0 0.3
119474 1.09311 30 50 0 -0.45
119474 1.09311 30 55 -1.2 -0.375
119474 1.09311 30 55 -1.2 10
119474 1.09311 30 55 -10 0.375
119474 1.09311 30 55 -10 -0.225
119474 1.09311 30 55 -10 -0.075
119474 1.09311 30 55 -10 -0.375
119474 1.09311 30 55 -10 10
119474 1.09311 30 60 0 0.3
119474 1.09311 30 50 0 -0.15
119474 1.09311 30 60 0 -0.15
119474 1.09311 30 60 0 -0.45
119474 1.09311 30 60 0 10
119474 1.09311 30 50 0 -0.3
119474 1.09311 30 50 0 0.3
119474 1.09311 30 60 -10 10
119474 1.09311 30 60 -10 -0.375
119474 1.09311 30 60 -10 -0.075
119474 1.09311 30 60 -10 -0.225
119474 1.09311 30 60 -10 0.375
119474 1.09311 30 60 -1.2 10
119474 1.09311 30 60 -1.2 -0.375
119474 1.09311 30 60 -1.2 -0.075
119474 1.09311 30 60 -1.2 -0.225
119474 1.09311 30 60 -1.2 0.375
119474 1.09311 30 60 -0.4 10
119474 1.09311 30 60 -0.4 -0.375
119474 1.09311 30 60 -0.4 -0.225
119474 1.09311 30 60 -0.4 -0.075
119474 1.09311 30 60 -0.8 0.375
119474 1.09311 30 60 -0.8 -0.225
119474 1.09311 30 60 -0.8 -0.075
119474 1.09311 30 60 -0.8 -0.375
119474 1.09311 30 60 -0.8 10
119474 1.09311 30 60 -0.4 0.375
118156 1.08708 30 60 0.8 10
118156 1.08708 30 60 0.8 -0.375
118156 1.08708 30 60 0.8 -0.075
118156 1.08708 30 60 0.8 -0.225
118156 1.08708 30 60 0.8 0.375
118156 1.08708 30 45 0.8 -0.075
118156 1.08708 30 45 0.8 -0.225
118156 1.08708 30 45 0.8 0.375
118156 1.08708 30 45 0.8 -0.375
118156 1.08708 30 35 0.8 10
118156 1.08708 30 47.5 0.8 0.375
118156 1.08708 30 47.5 0.8 -0.225
118156 1.08708 30 47.5 0.8 -0.075
118156 1.08708 30 47.5 0.8 -0.375
118156 1.08708 30 47.5 0.8 10
118156 1.08708 30 45 0.8 10
118156 1.08708 30 25 0.8 10
118156 1.08708 30 25 0.8 -0.375
118156 1.08708 30 25 0.8 -0.075
118156 1.08708 30 25 0.8 -0.225
118156 1.08708 30 25 0.8 0.375
118156 1.08708 30 52.5 0.8 10
118156 1.08708 30 52.5 0.8 -0.375
118156 1.08708 30 35 0.8 -0.375
118156 1.08708 30 35 0.8 -0.075
118156 1.08708 30 100 0.8 10
118156 1.08708 30 100 0.8 -0.375
118156 1.08708 30 100 0.8 -0.075
118156 1.08708 30 50 0.8 0.375
118156 1.08708 30 50 0.8 -0.225
118156 1.08708 30 50 0.8 -0.075
118156 1.08708 30 50 0.8 -0.375
118156 1.08708 30 50 0.8 10
118156 1.08708 30 52.5 0.8 -0.075
118156 1.08708 30 52.5 0.8 -0.225
118156 1.08708 30 52.5 0.8 0.375
118156 1.08708 30 55 0.8 10
118156 1.08708 30 35 0.8 -0.225
118156 1.08708 30 55 0.8 -0.375
118156 1.08708 30 55 0.8 -0.075
118156 1.08708 30 55 0.8 -0.225
118156 1.08708 30 55 0.8 0.375
118156 1.08708 30 100 0.8 -0.225
118156 1.08708 30 100 0.8 0.375
118156 1.08708 30 35 0.8 0.375
116225 1.07828 30 100 1.6 -0.375
116225 1.07828 30 100 1.6 -0.075
116225 1.07828 30 100 1.6 -0.225
116225 1.07828 30 100 1.6 0.375
116225 1.07828 30 100 1.6 10
116225 1.07828 30 25 1.6 10
116225 1.07828 30 55 1.6 10
116225 1.07828 30 50 1.6 -0.375
116225 1.07828 30 35 1.6 10
116225 1.07828 30 35 1.6 -0.375
116225 1.07828 30 35 1.6 -0.075
116225 1.07828 30 35 1.6 -0.225
116225 1.07828 30 35 1.6 0.375
116225 1.07828 30 52.5 1.6 0.375
116225 1.07828 30 52.5 1.6 -0.225
116225 1.07828 30 52.5 1.6 -0.075
116225 1.07828 30 52.5 1.6 -0.375
116225 1.07828 30 52.5 1.6 10
116225 1.07828 30 45 1.6 0.375
116225 1.07828 30 45 1.6 -0.225
116225 1.07828 30 45 1.6 -0.075
116225 1.07828 30 45 1.6 -0.375
116225 1.07828 30 45 1.6 10
116225 1.07828 30 25 1.6 -0.375
116225 1.07828 30 25 1.6 -0.075
116225 1.07828 30 25 1.6 -0.225
116225 1.07828 30 50 1.6 10
116225 1.07828 30 55 1.6 -0.375
116225 1.07828 30 50 1.6 -0.075
116225 1.07828 30 50 1.6 -0.225
116225 1.07828 30 50 1.6 0.375
116225 1.07828 30 25 1.6 0.375
116225 1.07828 30 55 1.6 -0.075
116225 1.07828 30 60 1.6 0.375
116225 1.07828 30 60 1.6 -0.225
116225 1.07828 30 60 1.6 -0.075
116225 1.07828 30 60 1.6 -0.375
116225 1.07828 30 55 1.6 0.375
116225 1.07828 30 60 1.6 10
116225 1.07828 30 47.5 1.6 10
116225 1.07828 30 47.5 1.6 -0.375
116225 1.07828 30 55 1.6 -0.225
116225 1.07828 30 47.5 1.6 -0.075
116225 1.07828 30 47.5 1.6 -0.225
116225 1.07828 30 47.5 1.6 0.375
114150 1.04578 0 35 3.2 -0.225
114150 1.04578 0 45 3.2 -0.225
114150 1.04578 0 55 3.2 -0.225
114150 1.04578 0 100 3.2 -0.225
112608 1.06183 0 25 3.2 0.375
112608 1.06183 0 20 3.2 -0.225
112608 1.06183 0 20 3.2 -0.075
112608 1.06183 0 25 3.2 10
112608 1.06183 0 20 3.2 10
112608 1.06183 0 25 3.2 -0.075
112608 1.06183 0 25 3.2 -0.225
112608 1.06183 0 20 3.2 0.375
112608 1.06183 0 17.5 3.2 -0.225
112608 1.06183 0 17.5 3.2 0.375
112608 1.06183 0 22.5 3.2 0.375
112608 1.06183 0 22.5 3.2 -0.225
112608 1.06183 0 22.5 3.2 -0.075
112608 1.06183 0 22.5 3.2 10
112608 1.06183 0 17.5 3.2 10
112608 1.06183 0 17.5 3.2 -0.075
109791 1.09798 30 35 3.2 -0.225
109791 1.09798 0 17.5 3.2 -0.375
109791 1.09798 30 47.5 3.2 10
109791 1.09798 30 47.5 3.2 -0.375
109791 1.09798 0 22.5 3.2 -0.375
109791 1.09798 30 47.5 3.2 -0.075
109791 1.09798 30 47.5 3.2 -0.225
109791 1.09798 30 47.5 3.2 0.375
109791 1.09798 30 52.5 3.2 10
109791 1.09798 30 52.5 3.2 -0.375
109791 1.09798 30 52.5 3.2 -0.075
109791 1.09798 30 52.5 3.2 -0.225
109791 1.09798 30 52.5 3.2 0.375
109791 1.09798 30 25 3.2 10
109791 1.09798 30 25 3.2 -0.375
109791 1.09798 30 25 3.2 -0.075
109791 1.09798 30 25 3.2 -0.225
109791 1.09798 30 60 3.2 10
109791 1.09798 30 35 3.2 0.375
109791 1.09798 30 60 3.2 -0.375
109791 1.09798 30 45 3.2 0.375
109791 1.09798 30 45 3.2 -0.075
109791 1.09798 30 55 3.2 0.375
109791 1.09798 30 35 3.2 -0.075
109791 1.09798 30 35 3.2 -0.375
109791 1.09798 30 35 3.2 10
109791 1.09798 30 45 3.2 -0.225
109791 1.09798 30 60 3.2 -0.075
109791 1.09798 30 60 3.2 -0.225
109791 1.09798 30 25 3.2 0.375
109791 1.09798 30 45 3.2 10
109791 1.09798 30 55 3.2 -0.225
109791 1.09798 30 55 3.2 -0.075
109791 1.09798 30 100 3.2 0.375
109791 1.09798 30 100 3.2 -0.225
109791 1.09798 30 100 3.2 -0.075
109791 1.09798 30 100 3.2 -0.375
109791 1.09798 30 100 3.2 10
109791 1.09798 30 55 3.2 -0.375
109791 1.09798 30 55 3.2 10
109791 1.09798 30 50 3.2 10
109791 1.09798 30 45 3.2 -0.375
109791 1.09798 30 50 3.2 -0.375
109791 1.09798 30 50 3.2 -0.075
109791 1.09798 30 50 3.2 -0.225
109791 1.09798 30 50 3.2 0.375
109791 1.09798 30 60 3.2 0.375
109791 1.09798 0 25 3.2 -0.375
109791 1.09798 0 20 3.2 -0.375
108853 1.08857 0 100 4.8 10
108853 1.08857 0 100 4.8 0.225
108853 1.08857 0 55 4.8 10
108853 1.08857 0 100 4.8 0.375
108853 1.08857 0 100 4.8 0.525
108853 1.08857 0 55 4.8 0.375
108853 1.08857 0 55 4.8 0.525
108853 1.08857 0 55 4.8 0.225
108853 1.08857 0 45 4.8 0.375
108853 1.08857 0 45 4.8 0.525
108853 1.08857 0 45 4.8 0.225
108853 1.08857 0 45 4.8 10
108819 1.08824 30 5 0 0.3
108819 1.08824 30 5 0 -0.3
108819 1.08824 30 5 0 -0.15
108819 1.08824 30 5 0 -0.45
108819 1.08824 30 5 0 10
108819 1.08824 30 15 -0.4 -0.075
108819 1.08824 0 5 0 0.3
108819 1.08824 0 5 0 -0.3
108819 1.08824 0 5 0 -0.15
108819 1.08824 0 5 0 -0.45
108819 1.08824 30 5 -0.8 0.375
108819 1.08824 30 5 -0.8 -0.225
108819 1.08824 30 5 -0.8 -0.075
108819 1.08824 30 5 -0.8 -0.375
108819 1.08824 30 5 -0.8 10
108819 1.08824 30 5 -0.4 0.375
108819 1.08824 30 5 -0.4 -0.225
108819 1.08824 30 5 -0.4 -0.075
108819 1.08824 30 5 -0.4 -0.375
108819 1.08824 30 5 -0.4 10
108819 1.08824 30 5 -1.2 0.375
108819 1.08824 30 5 -1.2 -0.225
108819 1.08824 30 5 -1.2 -0.075
108819 1.08824 30 5 -1.2 -0.375
108819 1.08824 30 5 -1.2 10
108819 1.08824 30 5 -10 0.375
108819 1.08824 30 5 -10 -0.225
108819 1.08824 30 5 -10 -0.075
108819 1.08824 30 5 -10 -0.375
108819 1.08824 30 5 -10 10
108819 1.08824 30 15 0 0.3
108819 1.08824 30 15 0 -0.3
108819 1.08824 30 15 0 -0.15
108819 1.08824 30 15 0 -0.45
108819 1.08824 30 15 0 10
108819 1.08824 0 5 0 10
108819 1.08824 0 5 -0.8 0.375
108819 1.08824 0 5 -0.8 -0.225
108819 1.08824 0 5 -0.8 -0.075
108819 1.08824 0 5 -0.8 -0.375
108819 1.08824 0 5 -0.8 10
108819 1.08824 0 5 -0.4 0.375
108819 1.08824 0 5 -0.4 -0.225
108819 1.08824 0 5 -0.4 -0.075
108819 1.08824 0 5 -0.4 -0.375
108819 1.08824 30 15 -0.8 0.375
108819 1.08824 30 15 -0.8 -0.225
108819 1.08824 30 15 -0.8 -0.075
108819 1.08824 30 15 -0.8 -0.375
108819 1.08824 30 15 -0.8 10
108819 1.08824 30 15 -0.4 0.375
108819 1.08824 30 15 -0.4 -0.225
108819 1.08824 0 5 -0.4 10
108819 1.08824 30 15 -0.4 -0.375
108819 1.08824 30 15 -0.4 10
108819 1.08824 30 15 -1.2 0.375
108819 1.08824 30 15 -1.2 -0.225
108819 1.08824 30 15 -10 10
108819 1.08824 30 15 -1.2 -0.075
108819 1.08824 30 15 -1.2 -0.375
108819 1.08824 30 15 -1.2 10
108819 1.08824 30 15 -10 0.375
108819 1.08824 30 15 -10 -0.225
108819 1.08824 30 15 -10 -0.075
108819 1.08824 30 15 -10 -0.375
108667 1.08671 0 5 -1.2 0.375
108667 1.08671 0 5 -10 -0.075
108667 1.08671 0 5 -10 0.375
108667 1.08671 0 5 -1.2 -0.225
108667 1.08671 0 5 -1.2 -0.075
108667 1.08671 0 5 -1.2 -0.375
108667 1.08671 0 5 -10 10
108667 1.08671 0 5 -10 -0.375
108667 1.08671 0 5 -1.2 10
108667 1.08671 0 5 -10 -0.225
108454 1.04158 0 10 1.6 -0.375
108454 1.04158 0 10 1.6 10
108454 1.04158 0 10 1.6 0.375
108454 1.04158 0 10 1.6 -0.225
108454 1.04158 0 10 1.6 -0.075
107617 1.07618 30 5 0.8 0.375
107617 1.07618 30 15 0.8 10
107617 1.07618 30 15 0.8 -0.375
107617 1.07618 30 15 0.8 -0.075
107617 1.07618 30 15 0.8 -0.225
107617 1.07618 30 15 0.8 0.375
107617 1.07618 0 5 0.8 -0.225
107617 1.07618 0 5 0.8 0.375
107617 1.07618 30 5 0.8 -0.225
107617 1.07618 30 5 0.8 -0.075
107617 1.07618 30 5 0.8 -0.375
107617 1.07618 0 5 0.8 10
107617 1.07618 0 5 0.8 -0.375
107617 1.07618 0 5 0.8 -0.075
107617 1.07618 30 5 0.8 10
105856 1.05858 30 15 1.6 -0.375
105856 1.05858 30 15 1.6 0.375
105856 1.05858 30 15 1.6 10
105856 1.05858 30 15 1.6 -0.225
105856 1.05858 30 15 1.6 -0.075
100000 1 81 52.5 3.2 10
100000 1 81 60 6.4 -0.375
100000 1 81 60 6.4 -0.075
100000 1 81 60 6.4 -0.225
100000 1 81 60 6.4 0.375
100000 1 81 60 4.8 10
100000 1 81 60 4.8 -0.375
100000 1 81 60 4.8 -0.075
100000 1 81 60 4.8 -0.225
100000 1 81 60 4.8 0.375
100000 1 81 60 3.2 10
100000 1 81 60 3.2 -0.375
100000 1 81 60 3.2 -0.075
100000 1 81 60 3.2 -0.225
100000 1 81 60 3.2 0.375
100000 1 81 60 1.6 10
100000 1 81 60 1.6 -0.375
100000 1 81 60 1.6 -0.075
100000 1 81 60 1.6 -0.225
100000 1 81 60 1.6 0.375
100000 1 81 60 0 10
100000 1 81 60 0 -0.45
100000 1 81 60 0 -0.15
100000 1 81 60 0 -0.3
100000 1 81 60 0 0.3
100000 1 81 55 -10 10
100000 1 81 55 -10 -0.375
100000 1 81 55 -10 -0.075
100000 1 81 55 -10 -0.225
100000 1 81 55 -10 0.375
100000 1 81 55 6.8 10
100000 1 81 55 6.8 -0.375
100000 1 81 55 6.8 -0.075
100000 1 81 55 6.8 -0.225
100000 1 81 55 6.8 0.375
100000 1 81 55 7.6 10
100000 1 81 55 7.6 -0.375
100000 1 81 55 7.6 -0.075
100000 1 81 55 7.6 -0.225
100000 1 81 55 7.6 0.375
100000 1 81 55 7.2 10
100000 1 81 55 7.2 -0.375
100000 1 81 55 7.2 -0.075
100000 1 81 55 7.2 -0.225
100000 1 81 55 7.2 0.375
100000 1 81 55 8.8 10
100000 1 81 55 8.8 -0.375
100000 1 81 55 8.8 -0.075
100000 1 81 55 8.8 -0.225
100000 1 81 55 8.8 0.375
100000 1 81 55 8 10
100000 1 81 55 8 -0.375
100000 1 81 55 8 -0.075
100000 1 81 55 8 -0.225
100000 1 81 55 8 0.375
100000 1 81 55 6.4 10
100000 1 81 55 6.4 -0.375
100000 1 81 55 6.4 -0.075
100000 1 81 55 6.4 -0.225
100000 1 81 55 6.4 0.375
100000 1 81 55 4.8 10
100000 1 81 55 4.8 -0.375
100000 1 81 55 4.8 -0.075
100000 1 81 55 4.8 -0.225
100000 1 81 55 4.8 0.375
100000 1 81 55 3.2 10
100000 1 81 55 3.2 -0.375
100000 1 81 55 3.2 -0.075
100000 1 81 55 3.2 -0.225
100000 1 81 55 3.2 0.375
100000 1 81 55 1.6 10
100000 1 81 55 1.6 -0.375
100000 1 81 55 1.6 -0.075
100000 1 81 55 1.6 -0.225
100000 1 81 55 1.6 0.375
100000 1 81 55 0 10
100000 1 81 55 0 -0.45
100000 1 81 55 0 -0.15
100000 1 81 55 0 -0.3
100000 1 81 55 0 0.3
100000 1 81 45 -10 10
100000 1 81 45 -10 -0.375
100000 1 81 45 -10 -0.075
100000 1 81 45 -10 -0.225
100000 1 81 45 -10 0.375
100000 1 81 45 6.8 10
100000 1 81 45 6.8 -0.375
100000 1 81 45 6.8 -0.075
100000 1 81 45 6.8 -0.225
100000 1 81 45 6.8 0.375
100000 1 81 45 7.6 10
100000 1 81 45 7.6 -0.375
100000 1 81 45 7.6 -0.075
100000 1 81 45 7.6 -0.225
100000 1 81 45 7.6 0.375
100000 1 81 45 7.2 10
100000 1 81 45 7.2 -0.375
100000 1 81 45 7.2 -0.075
100000 1 81 45 7.2 -0.225
100000 1 81 45 7.2 0.375
100000 1 81 45 8.8 10
100000 1 81 45 8.8 -0.375
100000 1 81 45 8.8 -0.075
100000 1 81 45 8.8 -0.225
100000 1 81 45 8.8 0.375
100000 1 81 45 8 10
100000 1 81 45 8 -0.375
100000 1 81 45 8 -0.075
100000 1 81 45 8 -0.225
100000 1 81 45 8 0.375
100000 1 81 45 6.4 10
100000 1 81 45 6.4 -0.375
100000 1 81 45 6.4 -0.075
100000 1 81 45 6.4 -0.225
100000 1 81 45 6.4 0.375
100000 1 81 45 4.8 10
100000 1 81 45 4.8 -0.375
100000 1 81 45 4.8 -0.075
100000 1 81 45 4.8 -0.225
100000 1 81 45 4.8 0.375
100000 1 81 45 3.2 10
100000 1 81 45 3.2 -0.375
100000 1 81 45 3.2 -0.075
100000 1 81 45 3.2 -0.225
100000 1 81 45 3.2 0.375
100000 1 81 45 1.6 10
100000 1 81 45 1.6 -0.375
100000 1 81 45 1.6 -0.075
100000 1 81 45 1.6 -0.225
100000 1 81 45 1.6 0.375
100000 1 81 45 0 10
100000 1 81 45 0 -0.45
100000 1 81 45 0 -0.15
100000 1 81 45 0 -0.3
100000 1 81 45 0 0.3
100000 1 81 35 -10 10
100000 1 81 35 -10 -0.375
100000 1 81 35 -10 -0.075
100000 1 81 35 -10 -0.225
100000 1 81 35 -10 0.375
100000 1 81 35 6.8 10
100000 1 81 35 6.8 -0.375
100000 1 81 35 6.8 -0.075
100000 1 81 35 6.8 -0.225
100000 1 81 35 6.8 0.375
100000 1 81 35 7.6 10
100000 1 81 35 7.6 -0.375
100000 1 81 35 7.6 -0.075
100000 1 81 35 7.6 -0.225
100000 1 81 35 7.6 0.375
100000 1 81 35 7.2 10
100000 1 81 35 7.2 -0.375
100000 1 81 35 7.2 -0.075
100000 1 81 35 7.2 -0.225
100000 1 81 35 7.2 0.375
100000 1 81 35 8.8 10
100000 1 81 35 8.8 -0.375
100000 1 81 35 8.8 -0.075
100000 1 81 35 8.8 -0.225
100000 1 81 35 8.8 0.375
100000 1 81 35 8 10
100000 1 81 35 8 -0.375
100000 1 81 35 8 -0.075
100000 1 81 35 8 -0.225
100000 1 81 35 8 0.375
100000 1 81 35 6.4 10
100000 1 81 35 6.4 -0.375
100000 1 81 35 6.4 -0.075
100000 1 81 35 6.4 -0.225
100000 1 81 35 6.4 0.375
100000 1 81 35 4.8 10
100000 1 81 35 4.8 -0.375
100000 1 81 35 4.8 -0.075
100000 1 81 35 4.8 -0.225
100000 1 81 35 4.8 0.375
100000 1 81 35 3.2 10
100000 1 81 35 3.2 -0.375
100000 1 81 35 3.2 -0.075
100000 1 81 35 3.2 -0.225
100000 1 81 35 3.2 0.375
100000 1 81 35 1.6 10
100000 1 81 35 1.6 -0.375
100000 1 81 35 1.6 -0.075
100000 1 81 35 1.6 -0.225
100000 1 81 35 1.6 0.375
100000 1 81 35 0 10
100000 1 81 35 0 -0.45
100000 1 81 35 0 -0.15
100000 1 81 35 0 -0.3
100000 1 81 35 0 0.3
100000 1 81 25 -10 10
100000 1 81 25 -10 -0.375
100000 1 81 25 -10 -0.075
100000 1 81 25 -10 -0.225
100000 1 81 25 -10 0.375
100000 1 81 25 6.8 10
100000 1 81 25 6.8 -0.375
100000 1 81 25 6.8 -0.075
100000 1 81 25 6.8 -0.225
100000 1 81 25 6.8 0.375
100000 1 81 25 7.6 10
100000 1 81 25 7.6 -0.375
100000 1 81 25 7.6 -0.075
100000 1 81 25 7.6 -0.225
100000 1 81 25 7.6 0.375
100000 1 81 25 7.2 10
100000 1 81 25 7.2 -0.375
100000 1 81 25 7.2 -0.075
100000 1 81 25 7.2 -0.225
100000 1 81 25 7.2 0.375
100000 1 81 25 8.8 10
100000 1 81 25 8.8 -0.375
100000 1 81 25 8.8 -0.075
100000 1 81 25 8.8 -0.225
100000 1 81 25 8.8 0.375
100000 1 81 25 8 10
100000 1 81 25 8 -0.375
100000 1 81 25 8 -0.075
100000 1 81 25 8 -0.225
100000 1 81 25 8 0.375
100000 1 81 25 6.4 10
100000 1 81 25 6.4 -0.375
100000 1 81 25 6.4 -0.075
100000 1 81 25 6.4 -0.225
100000 1 81 25 6.4 0.375
100000 1 81 25 4.8 10
100000 1 81 25 4.8 -0.375
100000 1 81 25 4.8 -0.075
100000 1 81 25 4.8 -0.225
100000 1 81 25 4.8 0.375
100000 1 81 25 3.2 10
100000 1 81 25 3.2 -0.375
100000 1 81 25 3.2 -0.075
100000 1 81 25 3.2 -0.225
100000 1 81 25 3.2 0.375
100000 1 81 25 1.6 10
100000 1 81 25 1.6 -0.375
100000 1 81 25 1.6 -0.075
100000 1 81 25 1.6 -0.225
100000 1 81 25 1.6 0.375
100000 1 81 25 0 10
100000 1 81 25 0 -0.45
100000 1 81 25 0 -0.15
100000 1 81 25 0 -0.3
100000 1 81 25 0 0.3
100000 1 81 15 -10 10
100000 1 81 15 -10 -0.375
100000 1 81 15 -10 -0.075
100000 1 81 15 -10 -0.225
100000 1 81 15 -10 0.375
100000 1 81 15 6.8 10
100000 1 81 15 6.8 -0.375
100000 1 81 15 6.8 -0.075
100000 1 81 15 6.8 -0.225
100000 1 81 15 6.8 0.375
100000 1 81 15 7.6 10
100000 1 81 15 7.6 -0.375
100000 1 81 15 7.6 -0.075
100000 1 81 15 7.6 -0.225
100000 1 81 15 7.6 0.375
100000 1 81 15 7.2 10
100000 1 81 15 7.2 -0.375
100000 1 81 15 7.2 -0.075
100000 1 81 15 7.2 -0.225
100000 1 81 15 7.2 0.375
100000 1 81 15 8.8 10
100000 1 81 15 8.8 -0.375
100000 1 81 15 8.8 -0.075
100000 1 81 15 8.8 -0.225
100000 1 81 15 8.8 0.375
100000 1 81 15 8 10
100000 1 81 15 8 -0.375
100000 1 81 15 8 -0.075
100000 1 81 15 8 -0.225
100000 1 81 15 8 0.375
100000 1 81 15 6.4 10
100000 1 81 15 6.4 -0.375
100000 1 81 15 6.4 -0.075
100000 1 81 15 6.4 -0.225
100000 1 81 15 6.4 0.375
100000 1 81 15 4.8 10
100000 1 81 15 4.8 -0.375
100000 1 81 15 4.8 -0.075
100000 1 81 15 4.8 -0.225
100000 1 81 15 4.8 0.375
100000 1 81 15 3.2 10
100000 1 81 15 3.2 -0.375
100000 1 81 15 3.2 -0.075
100000 1 81 15 3.2 -0.225
100000 1 81 15 3.2 0.375
100000 1 81 15 1.6 10
100000 1 81 15 1.6 -0.375
100000 1 81 15 1.6 -0.075
100000 1 81 15 1.6 -0.225
100000 1 81 15 1.6 0.375
100000 1 81 15 0 10
100000 1 81 15 0 -0.45
100000 1 81 15 0 -0.15
100000 1 81 15 0 -0.3
100000 1 81 15 0 0.3
100000 1 81 5 -10 10
100000 1 81 5 -10 -0.375
100000 1 81 5 -10 -0.075
100000 1 81 5 -10 -0.225
100000 1 81 5 -10 0.375
100000 1 81 5 6.8 10
100000 1 81 5 6.8 -0.375
100000 1 81 5 6.8 -0.075
100000 1 81 5 6.8 -0.225
100000 1 81 5 6.8 0.375
100000 1 81 5 7.6 10
100000 1 81 5 7.6 -0.375
100000 1 81 5 7.6 -0.075
100000 1 81 5 7.6 -0.225
100000 1 81 5 7.6 0.375
100000 1 81 5 7.2 10
100000 1 81 5 7.2 -0.375
100000 1 81 5 7.2 -0.075
100000 1 81 5 7.2 -0.225
100000 1 81 5 7.2 0.375
100000 1 81 5 8.8 10
100000 1 81 5 8.8 -0.375
100000 1 81 5 8.8 -0.075
100000 1 81 5 8.8 -0.225
100000 1 81 5 8.8 0.375
100000 1 81 5 8 10
100000 1 81 5 8 -0.375
100000 1 81 5 8 -0.075
100000 1 81 5 8 -0.225
100000 1 81 5 8 0.375
100000 1 81 5 6.4 10
100000 1 81 5 6.4 -0.375
100000 1 81 5 6.4 -0.075
100000 1 81 5 6.4 -0.225
100000 1 81 5 6.4 0.375
100000 1 81 5 4.8 10
100000 1 81 5 4.8 -0.375
100000 1 81 5 4.8 -0.075
100000 1 81 5 4.8 -0.225
100000 1 81 5 4.8 0.375
100000 1 81 5 3.2 10
100000 1 81 5 3.2 -0.375
100000 1 81 5 3.2 -0.075
100000 1 81 5 3.2 -0.225
100000 1 81 5 3.2 0.375
100000 1 81 5 1.6 10
100000 1 81 5 1.6 -0.375
100000 1 81 5 1.6 -0.075
100000 1 81 5 1.6 -0.225
100000 1 81 5 1.6 0.375
100000 1 81 5 0 10
100000 1 81 5 0 -0.45
100000 1 81 5 0 -0.15
100000 1 81 5 0 -0.3
100000 1 81 5 0 0.3
100000 1 87 100 -10 10
100000 1 87 100 -10 -0.375
100000 1 87 100 -10 -0.075
100000 1 87 100 -10 -0.225
100000 1 87 100 -10 0.375
100000 1 87 100 6.8 10
100000 1 87 100 6.8 -0.375
100000 1 87 100 6.8 -0.075
100000 1 87 100 6.8 -0.225
100000 1 87 100 6.8 0.375
100000 1 87 100 7.6 10
100000 1 87 100 7.6 -0.375
100000 1 87 100 7.6 -0.075
100000 1 87 100 7.6 -0.225
100000 1 87 100 7.6 0.375
100000 1 87 100 7.2 10
100000 1 87 100 7.2 -0.375
100000 1 87 100 7.2 -0.075
100000 1 87 100 7.2 -0.225
100000 1 87 100 7.2 0.375
100000 1 87 100 8.8 10
100000 1 87 100 8.8 -0.375
100000 1 87 100 8.8 -0.075
100000 1 87 100 8.8 -0.225
100000 1 87 100 8.8 0.375
100000 1 87 100 8 10
100000 1 87 100 8 -0.375
100000 1 87 100 8 -0.075
100000 1 87 100 8 -0.225
100000 1 87 100 8 0.375
100000 1 87 100 6.4 10
100000 1 87 100 6.4 -0.375
100000 1 87 100 6.4 -0.075
100000 1 87 100 6.4 -0.225
100000 1 87 100 6.4 0.375
100000 1 87 100 4.8 10
100000 1 87 100 4.8 -0.375
100000 1 87 100 4.8 -0.075
100000 1 87 100 4.8 -0.225
100000 1 87 100 4.8 0.375
100000 1 87 100 3.2 10
100000 1 87 100 3.2 -0.375
100000 1 87 100 3.2 -0.075
100000 1 87 100 3.2 -0.225
100000 1 87 100 3.2 0.375
100000 1 87 100 1.6 10
100000 1 87 100 1.6 -0.375
100000 1 87 100 1.6 -0.075
100000 1 87 100 1.6 -0.225
100000 1 87 100 1.6 0.375
100000 1 87 100 0 10
100000 1 87 100 0 -0.45
100000 1 87 100 0 -0.15
100000 1 87 100 0 -0.3
100000 1 87 100 0 0.3
100000 1 87 47.5 -10 10
100000 1 87 47.5 -10 -0.375
100000 1 87 47.5 -10 -0.075
100000 1 87 47.5 -10 -0.225
100000 1 87 47.5 -10 0.375
100000 1 87 47.5 6.8 10
100000 1 87 47.5 6.8 -0.375
100000 1 87 47.5 6.8 -0.075
100000 1 87 47.5 6.8 -0.225
100000 1 87 47.5 6.8 0.375
100000 1 87 47.5 7.6 10
100000 1 87 47.5 7.6 -0.375
100000 1 87 47.5 7.6 -0.075
100000 1 87 47.5 7.6 -0.225
100000 1 87 47.5 7.6 0.375
100000 1 87 47.5 7.2 10
100000 1 87 47.5 7.2 -0.375
100000 1 87 47.5 7.2 -0.075
100000 1 87 47.5 7.2 -0.225
100000 1 87 47.5 7.2 0.375
100000 1 87 47.5 8.8 10
100000 1 87 47.5 8.8 -0.375
100000 1 87 47.5 8.8 -0.075
100000 1 87 47.5 8.8 -0.225
100000 1 87 47.5 8.8 0.375
100000 1 87 47.5 8 10
100000 1 87 47.5 8 -0.375
100000 1 87 47.5 8 -0.075
100000 1 87 47.5 8 -0.225
100000 1 87 47.5 8 0.375
100000 1 87 47.5 6.4 10
100000 1 87 47.5 6.4 -0.375
100000 1 87 47.5 6.4 -0.075
100000 1 87 47.5 6.4 -0.225
100000 1 87 47.5 6.4 0.375
100000 1 87 47.5 4.8 10
100000 1 87 47.5 4.8 -0.375
100000 1 87 47.5 4.8 -0.075
100000 1 87 47.5 4.8 -0.225
100000 1 87 47.5 4.8 0.375
100000 1 87 47.5 3.2 10
100000 1 87 47.5 3.2 -0.375
100000 1 87 47.5 3.2 -0.075
100000 1 87 47.5 3.2 -0.225
100000 1 87 47.5 3.2 0.375
100000 1 87 47.5 1.6 10
100000 1 87 47.5 1.6 -0.375
100000 1 87 47.5 1.6 -0.075
100000 1 87 47.5 1.6 -0.225
100000 1 87 47.5 1.6 0.375
100000 1 87 47.5 0 10
100000 1 87 47.5 0 -0.45
100000 1 87 47.5 0 -0.15
100000 1 87 47.5 0 -0.3
100000 1 87 47.5 0 0.3
100000 1 87 52.5 -10 10
100000 1 87 52.5 -10 -0.375
100000 1 87 52.5 -10 -0.075
100000 1 87 52.5 -10 -0.225
100000 1 87 52.5 -10 0.375
100000 1 87 52.5 6.8 10
100000 1 87 52.5 6.8 -0.375
100000 1 87 52.5 6.8 -0.075
100000 1 87 52.5 6.8 -0.225
100000 1 87 52.5 6.8 0.375
100000 1 87 52.5 7.6 10
100000 1 87 52.5 7.6 -0.375
100000 1 87 52.5 7.6 -0.075
100000 1 87 52.5 7.6 -0.225
100000 1 87 52.5 7.6 0.375
100000 1 87 52.5 7.2 10
100000 1 87 52.5 7.2 -0.375
100000 1 87 52.5 7.2 -0.075
100000 1 87 52.5 7.2 -0.225
100000 1 87 52.5 7.2 0.375
100000 1 87 52.5 8.8 10
100000 1 87 52.5 8.8 -0.375
100000 1 87 52.5 8.8 -0.075
100000 1 87 52.5 8.8 -0.225
100000 1 87 52.5 8.8 0.375
100000 1 87 52.5 8 10
100000 1 87 52.5 8 -0.375
100000 1 87 52.5 8 -0.075
100000 1 87 52.5 8 -0.225
100000 1 87 52.5 8 0.375
100000 1 87 52.5 6.4 10
100000 1 87 52.5 6.4 -0.375
100000 1 87 52.5 6.4 -0.075
100000 1 87 52.5 6.4 -0.225
100000 1 87 52.5 6.4 0.375
100000 1 87 52.5 4.8 10
100000 1 87 52.5 4.8 -0.375
100000 1 87 52.5 4.8 -0.075
100000 1 87 52.5 4.8 -0.225
100000 1 87 52.5 4.8 0.375
100000 1 87 52.5 3.2 10
100000 1 87 52.5 3.2 -0.375
100000 1 87 52.5 3.2 -0.075
100000 1 87 52.5 3.2 -0.225
100000 1 87 52.5 3.2 0.375
100000 1 87 52.5 1.6 10
100000 1 87 52.5 1.6 -0.375
100000 1 87 52.5 1.6 -0.075
100000 1 87 52.5 1.6 -0.225
100000 1 87 52.5 1.6 0.375
100000 1 87 52.5 0 10
100000 1 87 52.5 0 -0.45
100000 1 87 52.5 0 -0.15
100000 1 87 52.5 0 -0.3
100000 1 87 52.5 0 0.3
100000 1 87 50 -10 10
100000 1 87 50 -10 -0.375
100000 1 87 50 -10 -0.075
100000 1 87 50 -10 -0.225
100000 1 87 50 -10 0.375
100000 1 87 50 6.8 10
100000 1 87 50 6.8 -0.375
100000 1 87 50 6.8 -0.075
100000 1 87 50 6.8 -0.225
100000 1 87 50 6.8 0.375
100000 1 87 50 7.6 10
100000 1 87 50 7.6 -0.375
100000 1 87 50 7.6 -0.075
100000 1 87 50 7.6 -0.225
100000 1 87 50 7.6 0.375
100000 1 87 50 7.2 10
100000 1 87 50 7.2 -0.375
100000 1 87 50 7.2 -0.075
100000 1 87 50 7.2 -0.225
100000 1 87 50 7.2 0.375
100000 1 87 50 8.8 10
100000 1 87 50 8.8 -0.375
100000 1 87 50 8.8 -0.075
100000 1 87 50 8.8 -0.225
100000 1 87 50 8.8 0.375
100000 1 87 50 8 10
100000 1 87 50 8 -0.375
100000 1 87 50 8 -0.075
100000 1 87 50 8 -0.225
100000 1 87 50 8 0.375
100000 1 87 50 6.4 10
100000 1 87 50 6.4 -0.375
100000 1 87 50 6.4 -0.075
100000 1 87 50 6.4 -0.225
100000 1 87 50 6.4 0.375
100000 1 87 50 4.8 10
100000 1 87 50 4.8 -0.375
100000 1 87 50 4.8 -0.075
100000 1 87 50 4.8 -0.225
100000 1 87 50 4.8 0.375
100000 1 87 50 3.2 10
100000 1 87 50 3.2 -0.375
100000 1 87 50 3.2 -0.075
100000 1 87 50 3.2 -0.225
100000 1 87 50 3.2 0.375
100000 1 87 50 1.6 10
100000 1 87 50 1.6 -0.375
100000 1 87 50 1.6 -0.075
100000 1 87 50 1.6 -0.225
100000 1 87 50 1.6 0.375
100000 1 87 50 0 10
100000 1 87 50 0 -0.45
100000 1 87 50 0 -0.15
100000 1 87 50 0 -0.3
100000 1 87 50 0 0.3
100000 1 87 60 -10 10
100000 1 87 60 -10 -0.375
100000 1 87 60 -10 -0.075
100000 1 87 60 -10 -0.225
100000 1 87 60 -10 0.375
100000 1 87 60 6.8 10
100000 1 87 60 6.8 -0.375
100000 1 87 60 6.8 -0.075
100000 1 87 60 6.8 -0.225
100000 1 87 60 6.8 0.375
100000 1 87 60 7.6 10
100000 1 87 60 7.6 -0.375
100000 1 87 60 7.6 -0.075
100000 1 87 60 7.6 -0.225
100000 1 87 60 7.6 0.375
100000 1 87 60 7.2 10
100000 1 87 60 7.2 -0.375
100000 1 87 60 7.2 -0.075
100000 1 87 60 7.2 -0.225
100000 1 87 60 7.2 0.375
100000 1 87 60 8.8 10
100000 1 87 60 8.8 -0.375
100000 1 87 60 8.8 -0.075
100000 1 87 60 8.8 -0.225
100000 1 87 60 8.8 0.375
100000 1 87 60 8 10
100000 1 87 60 8 -0.375
100000 1 87 60 8 -0.075
100000 1 87 60 8 -0.225
100000 1 87 60 8 0.375
100000 1 87 60 6.4 10
100000 1 87 60 6.4 -0.375
100000 1 87 60 6.4 -0.075
100000 1 87 60 6.4 -0.225
100000 1 87 60 6.4 0.375
100000 1 87 60 4.8 10
100000 1 87 60 4.8 -0.375
100000 1 87 60 4.8 -0.075
100000 1 87 60 4.8 -0.225
100000 1 87 60 4.8 0.375
100000 1 87 60 3.2 10
100000 1 87 60 3.2 -0.375
100000 1 87 60 3.2 -0.075
100000 1 87 60 3.2 -0.225
100000 1 87 60 3.2 0.375
100000 1 87 60 1.6 10
100000 1 87 60 1.6 -0.375
100000 1 87 60 1.6 -0.075
100000 1 87 60 1.6 -0.225
100000 1 87 60 1.6 0.375
100000 1 87 60 0 10
100000 1 87 60 0 -0.45
100000 1 87 60 0 -0.15
100000 1 87 60 0 -0.3
100000 1 87 60 0 0.3
100000 1 87 55 -10 10
100000 1 87 55 -10 -0.375
100000 1 87 55 -10 -0.075
100000 1 87 55 -10 -0.225
100000 1 87 55 -10 0.375
100000 1 87 55 6.8 10
100000 1 87 55 6.8 -0.375
100000 1 87 55 6.8 -0.075
100000 1 87 55 6.8 -0.225
100000 1 87 55 6.8 0.375
100000 1 87 55 7.6 10
100000 1 87 55 7.6 -0.375
100000 1 87 55 7.6 -0.075
100000 1 87 55 7.6 -0.225
100000 1 87 55 7.6 0.375
100000 1 87 55 7.2 10
100000 1 87 55 7.2 -0.375
100000 1 87 55 7.2 -0.075
100000 1 87 55 7.2 -0.225
100000 1 87 55 7.2 0.375
100000 1 87 55 8.8 10
100000 1 87 55 8.8 -0.375
100000 1 87 55 8.8 -0.075
100000 1 87 55 8.8 -0.225
100000 1 87 55 8.8 0.375
100000 1 87 55 8 10
100000 1 87 55 8 -0.375
100000 1 87 55 8 -0.075
100000 1 87 55 8 -0.225
100000 1 87 55 8 0.375
100000 1 87 55 6.4 10
100000 1 87 55 6.4 -0.375
100000 1 87 55 6.4 -0.075
100000 1 87 55 6.4 -0.225
100000 1 87 55 6.4 0.375
100000 1 87 55 4.8 10
100000 1 87 55 4.8 -0.375
100000 1 87 55 4.8 -0.075
100000 1 87 55 4.8 -0.225
100000 1 87 55 4.8 0.375
100000 1 87 55 3.2 10
100000 1 87 55 3.2 -0.375
100000 1 87 55 3.2 -0.075
100000 1 87 55 3.2 -0.225
100000 1 87 55 3.2 0.375
100000 1 87 55 1.6 10
100000 1 87 55 1.6 -0.375
100000 1 87 55 1.6 -0.075
100000 1 87 55 1.6 -0.225
100000 1 87 55 1.6 0.375
100000 1 87 55 0 10
100000 1 87 55 0 -0.45
100000 1 87 55 0 -0.15
100000 1 87 55 0 -0.3
100000 1 87 55 0 0.3
100000 1 87 45 -10 10
100000 1 87 45 -10 -0.375
100000 1 87 45 -10 -0.075
100000 1 87 45 -10 -0.225
100000 1 87 45 -10 0.375
100000 1 87 45 6.8 10
100000 1 87 45 6.8 -0.375
100000 1 87 45 6.8 -0.075
100000 1 87 45 6.8 -0.225
100000 1 87 45 6.8 0.375
100000 1 87 45 7.6 10
100000 1 87 45 7.6 -0.375
100000 1 87 45 7.6 -0.075
100000 1 87 45 7.6 -0.225
100000 1 87 45 7.6 0.375
100000 1 87 45 7.2 10
100000 1 87 45 7.2 -0.375
100000 1 87 45 7.2 -0.075
100000 1 87 45 7.2 -0.225
100000 1 87 45 7.2 0.375
100000 1 87 45 8.8 10
100000 1 87 45 8.8 -0.375
100000 1 87 45 8.8 -0.075
100000 1 87 45 8.8 -0.225
100000 1 87 45 8.8 0.375
100000 1 87 45 8 10
100000 1 87 45 8 -0.375
100000 1 87 45 8 -0.075
100000 1 87 45 8 -0.225
100000 1 87 45 8 0.375
100000 1 87 45 6.4 10
100000 1 87 45 6.4 -0.375
100000 1 87 45 6.4 -0.075
100000 1 87 45 6.4 -0.225
100000 1 87 45 6.4 0.375
100000 1 87 45 4.8 10
100000 1 87 45 4.8 -0.375
100000 1 87 45 4.8 -0.075
100000 1 87 45 4.8 -0.225
100000 1 87 45 4.8 0.375
100000 1 87 45 3.2 10
100000 1 87 45 3.2 -0.375
100000 1 87 45 3.2 -0.075
100000 1 87 45 3.2 -0.225
100000 1 87 45 3.2 0.375
100000 1 87 45 1.6 10
100000 1 87 45 1.6 -0.375
100000 1 87 45 1.6 -0.075
100000 1 87 45 1.6 -0.225
100000 1 87 45 1.6 0.375
100000 1 87 45 0 10
100000 1 87 45 0 -0.45
100000 1 87 45 0 -0.15
100000 1 87 45 0 -0.3
100000 1 87 45 0 0.3
100000 1 87 35 -10 10
100000 1 87 35 -10 -0.375
100000 1 87 35 -10 -0.075
100000 1 87 35 -10 -0.225
100000 1 87 35 -10 0.375
100000 1 87 35 6.8 10
100000 1 87 35 6.8 -0.375
100000 1 87 35 6.8 -0.075
100000 1 87 35 6.8 -0.225
100000 1 87 35 6.8 0.375
100000 1 87 35 7.6 10
100000 1 87 35 7.6 -0.375
100000 1 87 35 7.6 -0.075
100000 1 87 35 7.6 -0.225
100000 1 87 35 7.6 0.375
100000 1 87 35 7.2 10
100000 1 87 35 7.2 -0.375
100000 1 87 35 7.2 -0.075
100000 1 87 35 7.2 -0.225
100000 1 87 35 7.2 0.375
100000 1 87 35 8.8 10
100000 1 87 35 8.8 -0.375
100000 1 87 35 8.8 -0.075
100000 1 87 35 8.8 -0.225
100000 1 87 35 8.8 0.375
100000 1 87 35 8 10
100000 1 87 35 8 -0.375
100000 1 87 35 8 -0.075
100000 1 87 35 8 -0.225
100000 1 87 35 8 0.375
100000 1 87 35 6.4 10
100000 1 87 35 6.4 -0.375
100000 1 87 35 6.4 -0.075
100000 1 87 35 6.4 -0.225
100000 1 87 35 6.4 0.375
100000 1 87 35 4.8 10
100000 1 87 35 4.8 -0.375
100000 1 87 35 4.8 -0.075
100000 1 87 35 4.8 -0.225
100000 1 87 35 4.8 0.375
100000 1 87 35 3.2 10
100000 1 87 35 3.2 -0.375
100000 1 87 35 3.2 -0.075
100000 1 87 35 3.2 -0.225
100000 1 87 35 3.2 0.375
100000 1 87 35 1.6 10
100000 1 87 35 1.6 -0.375
100000 1 87 35 1.6 -0.075
100000 1 87 35 1.6 -0.225
100000 1 87 35 1.6 0.375
100000 1 87 35 0 10
100000 1 87 35 0 -0.45
100000 1 87 35 0 -0.15
100000 1 87 35 0 -0.3
100000 1 87 35 0 0.3
100000 1 87 25 -10 10
100000 1 87 25 -10 -0.375
100000 1 87 25 -10 -0.075
100000 1 87 25 -10 -0.225
100000 1 87 25 -10 0.375
100000 1 87 25 6.8 10
100000 1 87 25 6.8 -0.375
100000 1 87 25 6.8 -0.075
100000 1 87 25 6.8 -0.225
100000 1 87 25 6.8 0.375
100000 1 87 25 7.6 10
100000 1 87 25 7.6 -0.375
100000 1 87 25 7.6 -0.075
100000 1 87 25 7.6 -0.225
100000 1 87 25 7.6 0.375
100000 1 87 25 7.2 10
100000 1 87 25 7.2 -0.375
100000 1 87 25 7.2 -0.075
100000 1 87 25 7.2 -0.225
100000 1 87 25 7.2 0.375
100000 1 87 25 8.8 10
100000 1 87 25 8.8 -0.375
100000 1 87 25 8.8 -0.075
100000 1 87 25 8.8 -0.225
100000 1 87 25 8.8 0.375
100000 1 87 25 8 10
100000 1 87 25 8 -0.375
100000 1 87 25 8 -0.075
100000 1 87 25 8 -0.225
100000 1 87 25 8 0.375
100000 1 87 25 6.4 10
100000 1 87 25 6.4 -0.375
100000 1 87 25 6.4 -0.075
100000 1 87 25 6.4 -0.225
100000 1 87 25 6.4 0.375
100000 1 87 25 4.8 10
100000 1 87 25 4.8 -0.375
100000 1 87 25 4.8 -0.075
100000 1 87 25 4.8 -0.225
100000 1 87 25 4.8 0.375
100000 1 87 25 3.2 10
100000 1 87 25 3.2 -0.375
100000 1 87 25 3.2 -0.075
100000 1 87 25 3.2 -0.225
100000 1 87 25 3.2 0.375
100000 1 87 25 1.6 10
100000 1 87 25 1.6 -0.375
100000 1 87 25 1.6 -0.075
100000 1 87 25 1.6 -0.225
100000 1 87 25 1.6 0.375
100000 1 87 25 0 10
100000 1 87 25 0 -0.45
100000 1 87 25 0 -0.15
100000 1 87 25 0 -0.3
100000 1 87 25 0 0.3
100000 1 87 15 -10 10
100000 1 87 15 -10 -0.375
100000 1 87 15 -10 -0.075
100000 1 87 15 -10 -0.225
100000 1 87 15 -10 0.375
100000 1 87 15 6.8 10
100000 1 87 15 6.8 -0.375
100000 1 87 15 6.8 -0.075
100000 1 87 15 6.8 -0.225
100000 1 87 15 6.8 0.375
100000 1 87 15 7.6 10
100000 1 87 15 7.6 -0.375
100000 1 87 15 7.6 -0.075
100000 1 87 15 7.6 -0.225
100000 1 87 15 7.6 0.375
100000 1 87 15 7.2 10
100000 1 87 15 7.2 -0.375
100000 1 87 15 7.2 -0.075
100000 1 87 15 7.2 -0.225
100000 1 87 15 7.2 0.375
100000 1 87 15 8.8 10
100000 1 87 15 8.8 -0.375
100000 1 87 15 8.8 -0.075
100000 1 87 15 8.8 -0.225
100000 1 87 15 8.8 0.375
100000 1 87 15 8 10
100000 1 87 15 8 -0.375
100000 1 87 15 8 -0.075
100000 1 87 15 8 -0.225
100000 1 87 15 8 0.375
100000 1 87 15 6.4 10
100000 1 87 15 6.4 -0.375
100000 1 87 15 6.4 -0.075
100000 1 87 15 6.4 -0.225
100000 1 87 15 6.4 0.375
100000 1 87 15 4.8 10
100000 1 87 15 4.8 -0.375
100000 1 87 15 4.8 -0.075
100000 1 87 15 4.8 -0.225
100000 1 87 15 4.8 0.375
100000 1 87 15 3.2 10
100000 1 87 15 3.2 -0.375
100000 1 87 15 3.2 -0.075
100000 1 87 15 3.2 -0.225
100000 1 87 15 3.2 0.375
100000 1 87 15 1.6 10
100000 1 87 15 1.6 -0.375
100000 1 87 15 1.6 -0.075
100000 1 87 15 1.6 -0.225
100000 1 87 15 1.6 0.375
100000 1 87 15 0 10
100000 1 87 15 0 -0.45
100000 1 87 15 0 -0.15
100000 1 87 15 0 -0.3
100000 1 87 15 0 0.3
100000 1 87 5 -10 10
100000 1 87 5 -10 -0.375
100000 1 87 5 -10 -0.075
100000 1 87 5 -10 -0.225
100000 1 87 5 -10 0.375
100000 1 87 5 6.8 10
100000 1 87 5 6.8 -0.375
100000 1 87 5 6.8 -0.075
100000 1 87 5 6.8 -0.225
100000 1 87 5 6.8 0.375
100000 1 87 5 7.6 10
100000 1 87 5 7.6 -0.375
100000 1 87 5 7.6 -0.075
100000 1 87 5 7.6 -0.225
100000 1 87 5 7.6 0.375
100000 1 87 5 7.2 10
100000 1 87 5 7.2 -0.375
100000 1 87 5 7.2 -0.075
100000 1 87 5 7.2 -0.225
100000 1 87 5 7.2 0.375
100000 1 87 5 8.8 10
100000 1 87 5 8.8 -0.375
100000 1 87 5 8.8 -0.075
100000 1 87 5 8.8 -0.225
100000 1 87 5 8.8 0.375
100000 1 87 5 8 10
100000 1 87 5 8 -0.375
100000 1 87 5 8 -0.075
100000 1 87 5 8 -0.225
100000 1 87 5 8 0.375
100000 1 87 5 6.4 10
100000 1 87 5 6.4 -0.375
100000 1 87 5 6.4 -0.075
100000 1 87 5 6.4 -0.225
100000 1 87 5 6.4 0.375
100000 1 87 5 4.8 10
100000 1 87 5 4.8 -0.375
100000 1 87 5 4.8 -0.075
100000 1 87 5 4.8 -0.225
100000 1 87 5 4.8 0.375
100000 1 87 5 3.2 10
100000 1 87 5 3.2 -0.375
100000 1 87 5 3.2 -0.075
100000 1 87 5 3.2 -0.225
100000 1 87 5 3.2 0.375
100000 1 87 5 1.6 10
100000 1 87 5 1.6 -0.375
100000 1 87 5 1.6 -0.075
100000 1 87 5 1.6 -0.225
100000 1 87 5 1.6 0.375
100000 1 87 5 0 10
100000 1 87 5 0 -0.45
100000 1 87 5 0 -0.15
100000 1 87 5 0 -0.3
100000 1 87 5 0 0.3
100000 1 84 100 -10 10
100000 1 84 100 -10 -0.375
100000 1 84 100 -10 -0.075
100000 1 84 100 -10 -0.225
100000 1 84 100 -10 0.375
100000 1 84 100 6.8 10
100000 1 84 100 6.8 -0.375
100000 1 84 100 6.8 -0.075
100000 1 84 100 6.8 -0.225
100000 1 84 100 6.8 0.375
100000 1 84 100 7.6 10
100000 1 84 100 7.6 -0.375
100000 1 84 100 7.6 -0.075
100000 1 84 100 7.6 -0.225
100000 1 84 100 7.6 0.375
100000 1 84 100 7.2 10
100000 1 84 100 7.2 -0.375
100000 1 84 100 7.2 -0.075
100000 1 84 100 7.2 -0.225
100000 1 84 100 7.2 0.375
100000 1 84 100 8.8 10
100000 1 84 100 8.8 -0.375
100000 1 84 100 8.8 -0.075
100000 1 84 100 8.8 -0.225
100000 1 84 100 8.8 0.375
100000 1 84 100 8 10
100000 1 84 100 8 -0.375
100000 1 84 100 8 -0.075
100000 1 84 100 8 -0.225
100000 1 84 100 8 0.375
100000 1 84 100 6.4 10
100000 1 84 100 6.4 -0.375
100000 1 84 100 6.4 -0.075
100000 1 84 100 6.4 -0.225
100000 1 84 100 6.4 0.375
100000 1 84 100 4.8 10
100000 1 84 100 4.8 -0.375
100000 1 84 100 4.8 -0.075
100000 1 84 100 4.8 -0.225
100000 1 84 100 4.8 0.375
100000 1 84 100 3.2 10
100000 1 84 100 3.2 -0.375
100000 1 84 100 3.2 -0.075
100000 1 84 100 3.2 -0.225
100000 1 84 100 3.2 0.375
100000 1 84 100 1.6 10
100000 1 84 100 1.6 -0.375
100000 1 84 100 1.6 -0.075
100000 1 84 100 1.6 -0.225
100000 1 84 100 1.6 0.375
100000 1 84 100 0 10
100000 1 84 100 0 -0.45
100000 1 84 100 0 -0.15
100000 1 84 100 0 -0.3
100000 1 84 100 0 0.3
100000 1 84 47.5 -10 10
100000 1 84 47.5 -10 -0.375
100000 1 84 47.5 -10 -0.075
100000 1 84 47.5 -10 -0.225
100000 1 84 47.5 -10 0.375
100000 1 84 47.5 6.8 10
100000 1 84 47.5 6.8 -0.375
100000 1 84 47.5 6.8 -0.075
100000 1 84 47.5 6.8 -0.225
100000 1 84 47.5 6.8 0.375
100000 1 84 47.5 7.6 10
100000 1 84 47.5 7.6 -0.375
100000 1 84 47.5 7.6 -0.075
100000 1 84 47.5 7.6 -0.225
100000 1 84 47.5 7.6 0.375
100000 1 84 47.5 7.2 10
100000 1 84 47.5 7.2 -0.375
100000 1 84 47.5 7.2 -0.075
100000 1 84 47.5 7.2 -0.225
100000 1 84 47.5 7.2 0.375
100000 1 84 47.5 8.8 10
100000 1 84 47.5 8.8 -0.375
100000 1 84 47.5 8.8 -0.075
100000 1 84 47.5 8.8 -0.225
100000 1 84 47.5 8.8 0.375
100000 1 84 47.5 8 10
100000 1 84 47.5 8 -0.375
100000 1 84 47.5 8 -0.075
100000 1 84 47.5 8 -0.225
100000 1 84 47.5 8 0.375
100000 1 84 47.5 6.4 10
100000 1 84 47.5 6.4 -0.375
100000 1 84 47.5 6.4 -0.075
100000 1 84 47.5 6.4 -0.225
100000 1 84 47.5 6.4 0.375
100000 1 84 47.5 4.8 10
100000 1 84 47.5 4.8 -0.375
100000 1 84 47.5 4.8 -0.075
100000 1 84 47.5 4.8 -0.225
100000 1 84 47.5 4.8 0.375
100000 1 84 47.5 3.2 10
100000 1 84 47.5 3.2 -0.375
100000 1 84 47.5 3.2 -0.075
100000 1 84 47.5 3.2 -0.225
100000 1 84 47.5 3.2 0.375
100000 1 84 47.5 1.6 10
100000 1 84 47.5 1.6 -0.375
100000 1 84 47.5 1.6 -0.075
100000 1 84 47.5 1.6 -0.225
100000 1 84 47.5 1.6 0.375
100000 1 84 47.5 0 10
100000 1 84 47.5 0 -0.45
100000 1 84 47.5 0 -0.15
100000 1 84 47.5 0 -0.3
100000 1 84 47.5 0 0.3
100000 1 84 52.5 -10 10
100000 1 84 52.5 -10 -0.375
100000 1 84 52.5 -10 -0.075
100000 1 84 52.5 -10 -0.225
100000 1 84 52.5 -10 0.375
100000 1 84 52.5 6.8 10
100000 1 84 52.5 6.8 -0.375
100000 1 84 52.5 6.8 -0.075
100000 1 84 52.5 6.8 -0.225
100000 1 84 52.5 6.8 0.375
100000 1 84 52.5 7.6 10
100000 1 84 52.5 7.6 -0.375
100000 1 84 52.5 7.6 -0.075
100000 1 84 52.5 7.6 -0.225
100000 1 84 52.5 7.6 0.375
100000 1 84 52.5 7.2 10
100000 1 84 52.5 7.2 -0.375
100000 1 84 52.5 7.2 -0.075
100000 1 84 52.5 7.2 -0.225
100000 1 84 52.5 7.2 0.375
100000 1 84 52.5 8.8 10
100000 1 84 52.5 8.8 -0.375
100000 1 84 52.5 8.8 -0.075
100000 1 84 52.5 8.8 -0.225
100000 1 84 52.5 8.8 0.375
100000 1 84 52.5 8 10
100000 1 84 52.5 8 -0.375
100000 1 84 52.5 8 -0.075
100000 1 84 52.5 8 -0.225
100000 1 84 52.5 8 0.375
100000 1 84 52.5 6.4 10
100000 1 84 52.5 6.4 -0.375
100000 1 84 52.5 6.4 -0.075
100000 1 84 52.5 6.4 -0.225
100000 1 84 52.5 6.4 0.375
100000 1 84 52.5 4.8 10
100000 1 84 52.5 4.8 -0.375
100000 1 84 52.5 4.8 -0.075
100000 1 84 52.5 4.8 -0.225
100000 1 84 52.5 4.8 0.375
100000 1 84 52.5 3.2 10
100000 1 84 52.5 3.2 -0.375
100000 1 84 52.5 3.2 -0.075
100000 1 84 52.5 3.2 -0.225
100000 1 84 52.5 3.2 0.375
100000 1 84 52.5 1.6 10
100000 1 84 52.5 1.6 -0.375
100000 1 84 52.5 1.6 -0.075
100000 1 84 52.5 1.6 -0.225
100000 1 84 52.5 1.6 0.375
100000 1 84 52.5 0 10
100000 1 84 52.5 0 -0.45
100000 1 84 52.5 0 -0.15
100000 1 84 52.5 0 -0.3
100000 1 84 52.5 0 0.3
100000 1 84 50 -10 10
100000 1 84 50 -10 -0.375
100000 1 84 50 -10 -0.075
100000 1 84 50 -10 -0.225
100000 1 84 50 -10 0.375
100000 1 84 50 6.8 10
100000 1 84 50 6.8 -0.375
100000 1 84 50 6.8 -0.075
100000 1 84 50 6.8 -0.225
100000 1 84 50 6.8 0.375
100000 1 84 50 7.6 10
100000 1 84 50 7.6 -0.375
100000 1 84 50 7.6 -0.075
100000 1 84 50 7.6 -0.225
100000 1 84 50 7.6 0.375
100000 1 84 50 7.2 10
100000 1 84 50 7.2 -0.375
100000 1 84 50 7.2 -0.075
100000 1 84 50 7.2 -0.225
100000 1 84 50 7.2 0.375
100000 1 84 50 8.8 10
100000 1 84 50 8.8 -0.375
100000 1 84 50 8.8 -0.075
100000 1 84 50 8.8 -0.225
100000 1 84 50 8.8 0.375
100000 1 84 50 8 10
100000 1 84 50 8 -0.375
100000 1 84 50 8 -0.075
100000 1 84 50 8 -0.225
100000 1 84 50 8 0.375
100000 1 84 50 6.4 10
100000 1 84 50 6.4 -0.375
100000 1 84 50 6.4 -0.075
100000 1 84 50 6.4 -0.225
100000 1 84 50 6.4 0.375
100000 1 84 50 4.8 10
100000 1 84 50 4.8 -0.375
100000 1 84 50 4.8 -0.075
100000 1 84 50 4.8 -0.225
100000 1 84 50 4.8 0.375
100000 1 84 50 3.2 10
100000 1 84 50 3.2 -0.375
100000 1 84 50 3.2 -0.075
100000 1 84 50 3.2 -0.225
100000 1 84 50 3.2 0.375
100000 1 84 50 1.6 10
100000 1 84 50 1.6 -0.375
100000 1 84 50 1.6 -0.075
100000 1 84 50 1.6 -0.225
100000 1 84 50 1.6 0.375
100000 1 84 50 0 10
100000 1 84 50 0 -0.45
100000 1 84 50 0 -0.15
100000 1 84 50 0 -0.3
100000 1 84 50 0 0.3
100000 1 84 60 -10 10
100000 1 84 60 -10 -0.375
100000 1 84 60 -10 -0.075
100000 1 84 60 -10 -0.225
100000 1 84 60 -10 0.375
100000 1 84 60 6.8 10
100000 1 84 60 6.8 -0.375
100000 1 84 60 6.8 -0.075
100000 1 84 60 6.8 -0.225
100000 1 84 60 6.8 0.375
100000 1 84 60 7.6 10
100000 1 84 60 7.6 -0.375
100000 1 84 60 7.6 -0.075
100000 1 84 60 7.6 -0.225
100000 1 84 60 7.6 0.375
100000 1 84 60 7.2 10
100000 1 84 60 7.2 -0.375
100000 1 84 60 7.2 -0.075
100000 1 84 60 7.2 -0.225
100000 1 84 60 7.2 0.375
100000 1 84 60 8.8 10
100000 1 84 60 8.8 -0.375
100000 1 84 60 8.8 -0.075
100000 1 84 60 8.8 -0.225
100000 1 84 60 8.8 0.375
100000 1 84 60 8 10
100000 1 84 60 8 -0.375
100000 1 84 60 8 -0.075
100000 1 84 60 8 -0.225
100000 1 84 60 8 0.375
100000 1 84 60 6.4 10
100000 1 84 60 6.4 -0.375
100000 1 84 60 6.4 -0.075
100000 1 84 60 6.4 -0.225
100000 1 84 60 6.4 0.375
100000 1 84 60 4.8 10
100000 1 84 60 4.8 -0.375
100000 1 84 60 4.8 -0.075
100000 1 84 60 4.8 -0.225
100000 1 84 60 4.8 0.375
100000 1 84 60 3.2 10
100000 1 84 60 3.2 -0.375
100000 1 84 60 3.2 -0.075
100000 1 84 60 3.2 -0.225
100000 1 84 60 3.2 0.375
100000 1 84 60 1.6 10
100000 1 84 60 1.6 -0.375
100000 1 84 60 1.6 -0.075
100000 1 84 60 1.6 -0.225
100000 1 84 60 1.6 0.375
100000 1 84 60 0 10
100000 1 84 60 0 -0.45
100000 1 84 60 0 -0.15
100000 1 84 60 0 -0.3
100000 1 84 60 0 0.3
100000 1 84 55 -10 10
100000 1 84 55 -10 -0.375
100000 1 84 55 -10 -0.075
100000 1 84 55 -10 -0.225
100000 1 84 55 -10 0.375
100000 1 84 55 6.8 10
100000 1 84 55 6.8 -0.375
100000 1 84 55 6.8 -0.075
100000 1 84 55 6.8 -0.225
100000 1 84 55 6.8 0.375
100000 1 84 55 7.6 10
100000 1 84 55 7.6 -0.375
100000 1 84 55 7.6 -0.075
100000 1 84 55 7.6 -0.225
100000 1 84 55 7.6 0.375
100000 1 84 55 7.2 10
100000 1 84 55 7.2 -0.375
100000 1 84 55 7.2 -0.075
100000 1 84 55 7.2 -0.225
100000 1 84 55 7.2 0.375
100000 1 84 55 8.8 10
100000 1 84 55 8.8 -0.375
100000 1 84 55 8.8 -0.075
100000 1 84 55 8.8 -0.225
100000 1 84 55 8.8 0.375
100000 1 84 55 8 10
100000 1 84 55 8 -0.375
100000 1 84 55 8 -0.075
100000 1 84 55 8 -0.225
100000 1 84 55 8 0.375
100000 1 84 55 6.4 10
100000 1 84 55 6.4 -0.375
100000 1 84 55 6.4 -0.075
100000 1 84 55 6.4 -0.225
100000 1 84 55 6.4 0.375
100000 1 84 55 4.8 10
100000 1 84 55 4.8 -0.375
100000 1 84 55 4.8 -0.075
100000 1 84 55 4.8 -0.225
100000 1 84 55 4.8 0.375
100000 1 84 55 3.2 10
100000 1 84 55 3.2 -0.375
100000 1 84 55 3.2 -0.075
100000 1 84 55 3.2 -0.225
100000 1 84 55 3.2 0.375
100000 1 84 55 1.6 10
100000 1 84 55 1.6 -0.375
100000 1 84 55 1.6 -0.075
100000 1 84 55 1.6 -0.225
100000 1 84 55 1.6 0.375
100000 1 84 55 0 10
100000 1 84 55 0 -0.45
100000 1 84 55 0 -0.15
100000 1 84 55 0 -0.3
100000 1 84 55 0 0.3
100000 1 84 45 -10 10
100000 1 84 45 -10 -0.375
100000 1 84 45 -10 -0.075
100000 1 84 45 -10 -0.225
100000 1 84 45 -10 0.375
100000 1 84 45 6.8 10
100000 1 84 45 6.8 -0.375
100000 1 84 45 6.8 -0.075
100000 1 84 45 6.8 -0.225
100000 1 84 45 6.8 0.375
100000 1 84 45 7.6 10
100000 1 84 45 7.6 -0.375
100000 1 84 45 7.6 -0.075
100000 1 84 45 7.6 -0.225
100000 1 84 45 7.6 0.375
100000 1 84 45 7.2 10
100000 1 84 45 7.2 -0.375
100000 1 84 45 7.2 -0.075
100000 1 84 45 7.2 -0.225
100000 1 84 45 7.2 0.375
100000 1 84 45 8.8 10
100000 1 84 45 8.8 -0.375
100000 1 84 45 8.8 -0.075
100000 1 84 45 8.8 -0.225
100000 1 84 45 8.8 0.375
100000 1 84 45 8 10
100000 1 84 45 8 -0.375
100000 1 84 45 8 -0.075
100000 1 84 45 8 -0.225
100000 1 84 45 8 0.375
100000 1 84 45 6.4 10
100000 1 84 45 6.4 -0.375
100000 1 84 45 6.4 -0.075
100000 1 84 45 6.4 -0.225
100000 1 84 45 6.4 0.375
100000 1 84 45 4.8 10
100000 1 84 45 4.8 -0.375
100000 1 84 45 4.8 -0.075
100000 1 84 45 4.8 -0.225
100000 1 84 45 4.8 0.375
100000 1 84 45 3.2 10
100000 1 84 45 3.2 -0.375
100000 1 84 45 3.2 -0.075
100000 1 84 45 3.2 -0.225
100000 1 84 45 3.2 0.375
100000 1 84 45 1.6 10
100000 1 84 45 1.6 -0.375
100000 1 84 45 1.6 -0.075
100000 1 84 45 1.6 -0.225
100000 1 84 45 1.6 0.375
100000 1 84 45 0 10
100000 1 84 45 0 -0.45
100000 1 84 45 0 -0.15
100000 1 84 45 0 -0.3
100000 1 84 45 0 0.3
100000 1 84 35 -10 10
100000 1 84 35 -10 -0.375
100000 1 84 35 -10 -0.075
100000 1 84 35 -10 -0.225
100000 1 84 35 -10 0.375
100000 1 84 35 6.8 10
100000 1 84 35 6.8 -0.375
100000 1 84 35 6.8 -0.075
100000 1 84 35 6.8 -0.225
100000 1 84 35 6.8 0.375
100000 1 84 35 7.6 10
100000 1 84 35 7.6 -0.375
100000 1 84 35 7.6 -0.075
100000 1 84 35 7.6 -0.225
100000 1 84 35 7.6 0.375
100000 1 84 35 7.2 10
100000 1 84 35 7.2 -0.375
100000 1 84 35 7.2 -0.075
100000 1 84 35 7.2 -0.225
100000 1 84 35 7.2 0.375
100000 1 84 35 8.8 10
100000 1 84 35 8.8 -0.375
100000 1 84 35 8.8 -0.075
100000 1 84 35 8.8 -0.225
100000 1 84 35 8.8 0.375
100000 1 84 35 8 10
100000 1 84 35 8 -0.375
100000 1 84 35 8 -0.075
100000 1 84 35 8 -0.225
100000 1 84 35 8 0.375
100000 1 84 35 6.4 10
100000 1 84 35 6.4 -0.375
100000 1 84 35 6.4 -0.075
100000 1 84 35 6.4 -0.225
100000 1 84 35 6.4 0.375
100000 1 84 35 4.8 10
100000 1 84 35 4.8 -0.375
100000 1 84 35 4.8 -0.075
100000 1 84 35 4.8 -0.225
100000 1 84 35 4.8 0.375
100000 1 84 35 3.2 10
100000 1 84 35 3.2 -0.375
100000 1 84 35 3.2 -0.075
100000 1 84 35 3.2 -0.225
100000 1 84 35 3.2 0.375
100000 1 84 35 1.6 10
100000 1 84 35 1.6 -0.375
100000 1 84 35 1.6 -0.075
100000 1 84 35 1.6 -0.225
100000 1 84 35 1.6 0.375
100000 1 84 35 0 10
100000 1 84 35 0 -0.45
100000 1 84 35 0 -0.15
100000 1 84 35 0 -0.3
100000 1 84 35 0 0.3
100000 1 84 25 -10 10
100000 1 84 25 -10 -0.375
100000 1 84 25 -10 -0.075
100000 1 84 25 -10 -0.225
100000 1 84 25 -10 0.375
100000 1 84 25 6.8 10
100000 1 84 25 6.8 -0.375
100000 1 84 25 6.8 -0.075
100000 1 84 25 6.8 -0.225
100000 1 84 25 6.8 0.375
100000 1 84 25 7.6 10
100000 1 84 25 7.6 -0.375
100000 1 84 25 7.6 -0.075
100000 1 84 25 7.6 -0.225
100000 1 84 25 7.6 0.375
100000 1 84 25 7.2 10
100000 1 84 25 7.2 -0.375
100000 1 84 25 7.2 -0.075
100000 1 84 25 7.2 -0.225
100000 1 84 25 7.2 0.375
100000 1 84 25 8.8 10
100000 1 84 25 8.8 -0.375
100000 1 84 25 8.8 -0.075
100000 1 84 25 8.8 -0.225
100000 1 84 25 8.8 0.375
100000 1 84 25 8 10
100000 1 84 25 8 -0.375
100000 1 84 25 8 -0.075
100000 1 84 25 8 -0.225
100000 1 84 25 8 0.375
100000 1 84 25 6.4 10
100000 1 84 25 6.4 -0.375
100000 1 84 25 6.4 -0.075
100000 1 84 25 6.4 -0.225
100000 1 84 25 6.4 0.375
100000 1 84 25 4.8 10
100000 1 84 25 4.8 -0.375
100000 1 84 25 4.8 -0.075
100000 1 84 25 4.8 -0.225
100000 1 84 25 4.8 0.375
100000 1 84 25 3.2 10
100000 1 84 25 3.2 -0.375
100000 1 84 25 3.2 -0.075
100000 1 84 25 3.2 -0.225
100000 1 84 25 3.2 0.375
100000 1 84 25 1.6 10
100000 1 84 25 1.6 -0.375
100000 1 84 25 1.6 -0.075
100000 1 84 25 1.6 -0.225
100000 1 84 25 1.6 0.375
100000 1 84 25 0 10
100000 1 84 25 0 -0.45
100000 1 84 25 0 -0.15
100000 1 84 25 0 -0.3
100000 1 84 25 0 0.3
100000 1 84 15 -10 10
100000 1 84 15 -10 -0.375
100000 1 84 15 -10 -0.075
100000 1 84 15 -10 -0.225
100000 1 84 15 -10 0.375
100000 1 84 15 6.8 10
100000 1 84 15 6.8 -0.375
100000 1 84 15 6.8 -0.075
100000 1 84 15 6.8 -0.225
100000 1 84 15 6.8 0.375
100000 1 84 15 7.6 10
100000 1 84 15 7.6 -0.375
100000 1 84 15 7.6 -0.075
100000 1 84 15 7.6 -0.225
100000 1 84 15 7.6 0.375
100000 1 84 15 7.2 10
100000 1 84 15 7.2 -0.375
100000 1 84 15 7.2 -0.075
100000 1 84 15 7.2 -0.225
100000 1 84 15 7.2 0.375
100000 1 84 15 8.8 10
100000 1 84 15 8.8 -0.375
100000 1 84 15 8.8 -0.075
100000 1 84 15 8.8 -0.225
100000 1 84 15 8.8 0.375
100000 1 84 15 8 10
100000 1 84 15 8 -0.375
100000 1 84 15 8 -0.075
100000 1 84 15 8 -0.225
100000 1 84 15 8 0.375
100000 1 84 15 6.4 10
100000 1 84 15 6.4 -0.375
100000 1 84 15 6.4 -0.075
100000 1 84 15 6.4 -0.225
100000 1 84 15 6.4 0.375
100000 1 84 15 4.8 10
100000 1 84 15 4.8 -0.375
100000 1 84 15 4.8 -0.075
100000 1 84 15 4.8 -0.225
100000 1 84 15 4.8 0.375
100000 1 84 15 3.2 10
100000 1 84 15 3.2 -0.375
100000 1 84 15 3.2 -0.075
100000 1 84 15 3.2 -0.225
100000 1 84 15 3.2 0.375
100000 1 84 15 1.6 10
100000 1 84 15 1.6 -0.375
100000 1 84 15 1.6 -0.075
100000 1 84 15 1.6 -0.225
100000 1 84 15 1.6 0.375
100000 1 84 15 0 10
100000 1 84 15 0 -0.45
100000 1 84 15 0 -0.15
100000 1 84 15 0 -0.3
100000 1 84 15 0 0.3
100000 1 84 5 -10 10
100000 1 84 5 -10 -0.375
100000 1 84 5 -10 -0.075
100000 1 84 5 -10 -0.225
100000 1 84 5 -10 0.375
100000 1 84 5 6.8 10
100000 1 84 5 6.8 -0.375
100000 1 84 5 6.8 -0.075
100000 1 84 5 6.8 -0.225
100000 1 84 5 6.8 0.375
100000 1 84 5 7.6 10
100000 1 84 5 7.6 -0.375
100000 1 84 5 7.6 -0.075
100000 1 84 5 7.6 -0.225
100000 1 84 5 7.6 0.375
100000 1 84 5 7.2 10
100000 1 84 5 7.2 -0.375
100000 1 84 5 7.2 -0.075
100000 1 84 5 7.2 -0.225
100000 1 84 5 7.2 0.375
100000 1 84 5 8.8 10
100000 1 84 5 8.8 -0.375
100000 1 84 5 8.8 -0.075
100000 1 84 5 8.8 -0.225
100000 1 84 5 8.8 0.375
100000 1 84 5 8 10
100000 1 84 5 8 -0.375
100000 1 84 5 8 -0.075
100000 1 84 5 8 -0.225
100000 1 84 5 8 0.375
100000 1 84 5 6.4 10
100000 1 84 5 6.4 -0.375
100000 1 84 5 6.4 -0.075
100000 1 84 5 6.4 -0.225
100000 1 84 5 6.4 0.375
100000 1 84 5 4.8 10
100000 1 84 5 4.8 -0.375
100000 1 84 5 4.8 -0.075
100000 1 84 5 4.8 -0.225
100000 1 84 5 4.8 0.375
100000 1 84 5 3.2 10
100000 1 84 5 3.2 -0.375
100000 1 84 5 3.2 -0.075
100000 1 84 5 3.2 -0.225
100000 1 84 5 3.2 0.375
100000 1 84 5 1.6 10
100000 1 84 5 1.6 -0.375
100000 1 84 5 1.6 -0.075
100000 1 84 5 1.6 -0.225
100000 1 84 5 1.6 0.375
100000 1 84 5 0 10
100000 1 84 5 0 -0.45
100000 1 84 5 0 -0.15
100000 1 84 5 0 -0.3
100000 1 84 5 0 0.3
100000 1 96 100 -10 10
100000 1 96 100 -10 -0.375
100000 1 96 100 -10 -0.075
100000 1 96 100 -10 -0.225
100000 1 96 100 -10 0.375
100000 1 96 100 6.8 10
100000 1 96 100 6.8 -0.375
100000 1 96 100 6.8 -0.075
100000 1 96 100 6.8 -0.225
100000 1 96 100 6.8 0.375
100000 1 96 100 7.6 10
100000 1 96 100 7.6 -0.375
100000 1 96 100 7.6 -0.075
100000 1 96 100 7.6 -0.225
100000 1 96 100 7.6 0.375
100000 1 96 100 7.2 10
100000 1 96 100 7.2 -0.375
100000 1 96 100 7.2 -0.075
100000 1 96 100 7.2 -0.225
100000 1 96 100 7.2 0.375
100000 1 96 100 8.8 10
100000 1 96 100 8.8 -0.375
100000 1 96 100 8.8 -0.075
100000 1 96 100 8.8 -0.225
100000 1 96 100 8.8 0.375
100000 1 96 100 8 10
100000 1 96 100 8 -0.375
100000 1 96 100 8 -0.075
100000 1 96 100 8 -0.225
100000 1 96 100 8 0.375
100000 1 96 100 6.4 10
100000 1 96 100 6.4 -0.375
100000 1 96 100 6.4 -0.075
100000 1 96 100 6.4 -0.225
100000 1 96 100 6.4 0.375
100000 1 96 100 4.8 10
100000 1 96 100 4.8 -0.375
100000 1 96 100 4.8 -0.075
100000 1 96 100 4.8 -0.225
100000 1 96 100 4.8 0.375
100000 1 96 100 3.2 10
100000 1 96 100 3.2 -0.375
100000 1 96 100 3.2 -0.075
100000 1 96 100 3.2 -0.225
100000 1 96 100 3.2 0.375
100000 1 96 100 1.6 10
100000 1 96 100 1.6 -0.375
100000 1 96 100 1.6 -0.075
100000 1 96 100 1.6 -0.225
100000 1 96 100 1.6 0.375
100000 1 96 100 0 10
100000 1 96 100 0 -0.45
100000 1 96 100 0 -0.15
100000 1 96 100 0 -0.3
100000 1 96 100 0 0.3
100000 1 96 47.5 -10 10
100000 1 96 47.5 -10 -0.375
100000 1 96 47.5 -10 -0.075
100000 1 96 47.5 -10 -0.225
100000 1 96 47.5 -10 0.375
100000 1 96 47.5 6.8 10
100000 1 96 47.5 6.8 -0.375
100000 1 96 47.5 6.8 -0.075
100000 1 96 47.5 6.8 -0.225
100000 1 96 47.5 6.8 0.375
100000 1 96 47.5 7.6 10
100000 1 96 47.5 7.6 -0.375
100000 1 96 47.5 7.6 -0.075
100000 1 96 47.5 7.6 -0.225
100000 1 96 47.5 7.6 0.375
100000 1 96 47.5 7.2 10
100000 1 96 47.5 7.2 -0.375
100000 1 96 47.5 7.2 -0.075
100000 1 96 47.5 7.2 -0.225
100000 1 96 47.5 7.2 0.375
100000 1 96 47.5 8.8 10
100000 1 96 47.5 8.8 -0.375
100000 1 96 47.5 8.8 -0.075
100000 1 96 47.5 8.8 -0.225
100000 1 96 47.5 8.8 0.375
100000 1 96 47.5 8 10
100000 1 96 47.5 8 -0.375
100000 1 96 47.5 8 -0.075
100000 1 96 47.5 8 -0.225
100000 1 96 47.5 8 0.375
100000 1 96 47.5 6.4 10
100000 1 96 47.5 6.4 -0.375
100000 1 96 47.5 6.4 -0.075
100000 1 96 47.5 6.4 -0.225
100000 1 96 47.5 6.4 0.375
100000 1 96 47.5 4.8 10
100000 1 96 47.5 4.8 -0.375
100000 1 96 47.5 4.8 -0.075
100000 1 96 47.5 4.8 -0.225
100000 1 96 47.5 4.8 0.375
100000 1 96 47.5 3.2 10
100000 1 96 47.5 3.2 -0.375
100000 1 96 47.5 3.2 -0.075
100000 1 96 47.5 3.2 -0.225
100000 1 96 47.5 3.2 0.375
100000 1 96 47.5 1.6 10
100000 1 96 47.5 1.6 -0.375
100000 1 96 47.5 1.6 -0.075
100000 1 96 47.5 1.6 -0.225
100000 1 96 47.5 1.6 0.375
100000 1 96 47.5 0 10
100000 1 96 47.5 0 -0.45
100000 1 96 47.5 0 -0.15
100000 1 96 47.5 0 -0.3
100000 1 96 47.5 0 0.3
100000 1 96 52.5 -10 10
100000 1 96 52.5 -10 -0.375
100000 1 96 52.5 -10 -0.075
100000 1 96 52.5 -10 -0.225
100000 1 96 52.5 -10 0.375
100000 1 96 52.5 6.8 10
100000 1 96 52.5 6.8 -0.375
100000 1 96 52.5 6.8 -0.075
100000 1 96 52.5 6.8 -0.225
100000 1 96 52.5 6.8 0.375
100000 1 96 52.5 7.6 10
100000 1 96 52.5 7.6 -0.375
100000 1 96 52.5 7.6 -0.075
100000 1 96 52.5 7.6 -0.225
100000 1 96 52.5 7.6 0.375
100000 1 96 52.5 7.2 10
100000 1 96 52.5 7.2 -0.375
100000 1 96 52.5 7.2 -0.075
100000 1 96 52.5 7.2 -0.225
100000 1 96 52.5 7.2 0.375
100000 1 96 52.5 8.8 10
100000 1 96 52.5 8.8 -0.375
100000 1 96 52.5 8.8 -0.075
100000 1 96 52.5 8.8 -0.225
100000 1 96 52.5 8.8 0.375
100000 1 96 52.5 8 10
100000 1 96 52.5 8 -0.375
100000 1 96 52.5 8 -0.075
100000 1 96 52.5 8 -0.225
100000 1 96 52.5 8 0.375
100000 1 96 52.5 6.4 10
100000 1 96 52.5 6.4 -0.375
100000 1 96 52.5 6.4 -0.075
100000 1 96 52.5 6.4 -0.225
100000 1 96 52.5 6.4 0.375
100000 1 96 52.5 4.8 10
100000 1 96 52.5 4.8 -0.375
100000 1 96 52.5 4.8 -0.075
100000 1 96 52.5 4.8 -0.225
100000 1 96 52.5 4.8 0.375
100000 1 96 52.5 3.2 10
100000 1 96 52.5 3.2 -0.375
100000 1 96 52.5 3.2 -0.075
100000 1 96 52.5 3.2 -0.225
100000 1 96 52.5 3.2 0.375
100000 1 96 52.5 1.6 10
100000 1 96 52.5 1.6 -0.375
100000 1 96 52.5 1.6 -0.075
100000 1 96 52.5 1.6 -0.225
100000 1 96 52.5 1.6 0.375
100000 1 96 52.5 0 10
100000 1 96 52.5 0 -0.45
100000 1 96 52.5 0 -0.15
100000 1 96 52.5 0 -0.3
100000 1 96 52.5 0 0.3
100000 1 96 50 -10 10
100000 1 96 50 -10 -0.375
100000 1 96 50 -10 -0.075
100000 1 96 50 -10 -0.225
100000 1 96 50 -10 0.375
100000 1 96 50 6.8 10
100000 1 96 50 6.8 -0.375
100000 1 96 50 6.8 -0.075
100000 1 96 50 6.8 -0.225
100000 1 96 50 6.8 0.375
100000 1 96 50 7.6 10
100000 1 96 50 7.6 -0.375
100000 1 96 50 7.6 -0.075
100000 1 96 50 7.6 -0.225
100000 1 96 50 7.6 0.375
100000 1 96 50 7.2 10
100000 1 96 50 7.2 -0.375
100000 1 96 50 7.2 -0.075
100000 1 96 50 7.2 -0.225
100000 1 96 50 7.2 0.375
100000 1 96 50 8.8 10
100000 1 96 50 8.8 -0.375
100000 1 96 50 8.8 -0.075
100000 1 96 50 8.8 -0.225
100000 1 96 50 8.8 0.375
100000 1 96 50 8 10
100000 1 96 50 8 -0.375
100000 1 96 50 8 -0.075
100000 1 96 50 8 -0.225
100000 1 96 50 8 0.375
100000 1 96 50 6.4 10
100000 1 96 50 6.4 -0.375
100000 1 96 50 6.4 -0.075
100000 1 96 50 6.4 -0.225
100000 1 96 50 6.4 0.375
100000 1 96 50 4.8 10
100000 1 96 50 4.8 -0.375
100000 1 96 50 4.8 -0.075
100000 1 96 50 4.8 -0.225
100000 1 96 50 4.8 0.375
100000 1 96 50 3.2 10
100000 1 96 50 3.2 -0.375
100000 1 96 50 3.2 -0.075
100000 1 96 50 3.2 -0.225
100000 1 96 50 3.2 0.375
100000 1 96 50 1.6 10
100000 1 96 50 1.6 -0.375
100000 1 96 50 1.6 -0.075
100000 1 96 50 1.6 -0.225
100000 1 96 50 1.6 0.375
100000 1 96 50 0 10
100000 1 96 50 0 -0.45
100000 1 96 50 0 -0.15
100000 1 96 50 0 -0.3
100000 1 96 50 0 0.3
100000 1 96 60 -10 10
100000 1 96 60 -10 -0.375
100000 1 96 60 -10 -0.075
100000 1 96 60 -10 -0.225
100000 1 96 60 -10 0.375
100000 1 96 60 6.8 10
100000 1 96 60 6.8 -0.375
100000 1 96 60 6.8 -0.075
100000 1 96 60 6.8 -0.225
100000 1 96 60 6.8 0.375
100000 1 96 60 7.6 10
100000 1 96 60 7.6 -0.375
100000 1 96 60 7.6 -0.075
100000 1 96 60 7.6 -0.225
100000 1 96 60 7.6 0.375
100000 1 96 60 7.2 10
100000 1 96 60 7.2 -0.375
100000 1 96 60 7.2 -0.075
100000 1 96 60 7.2 -0.225
100000 1 96 60 7.2 0.375
100000 1 96 60 8.8 10
100000 1 96 60 8.8 -0.375
100000 1 96 60 8.8 -0.075
100000 1 96 60 8.8 -0.225
100000 1 96 60 8.8 0.375
100000 1 96 60 8 10
100000 1 96 60 8 -0.375
100000 1 96 60 8 -0.075
100000 1 96 60 8 -0.225
100000 1 96 60 8 0.375
100000 1 96 60 6.4 10
100000 1 96 60 6.4 -0.375
100000 1 96 60 6.4 -0.075
100000 1 96 60 6.4 -0.225
100000 1 96 60 6.4 0.375
100000 1 96 60 4.8 10
100000 1 96 60 4.8 -0.375
100000 1 96 60 4.8 -0.075
100000 1 96 60 4.8 -0.225
100000 1 96 60 4.8 0.375
100000 1 96 60 3.2 10
100000 1 96 60 3.2 -0.375
100000 1 96 60 3.2 -0.075
100000 1 96 60 3.2 -0.225
100000 1 96 60 3.2 0.375
100000 1 96 60 1.6 10
100000 1 96 60 1.6 -0.375
100000 1 96 60 1.6 -0.075
100000 1 96 60 1.6 -0.225
100000 1 96 60 1.6 0.375
100000 1 96 60 0 10
100000 1 96 60 0 -0.45
100000 1 96 60 0 -0.15
100000 1 96 60 0 -0.3
100000 1 96 60 0 0.3
100000 1 96 55 -10 10
100000 1 96 55 -10 -0.375
100000 1 96 55 -10 -0.075
100000 1 96 55 -10 -0.225
100000 1 96 55 -10 0.375
100000 1 96 55 6.8 10
100000 1 96 55 6.8 -0.375
100000 1 96 55 6.8 -0.075
100000 1 96 55 6.8 -0.225
100000 1 96 55 6.8 0.375
100000 1 96 55 7.6 10
100000 1 96 55 7.6 -0.375
100000 1 96 55 7.6 -0.075
100000 1 96 55 7.6 -0.225
100000 1 96 55 7.6 0.375
100000 1 96 55 7.2 10
100000 1 96 55 7.2 -0.375
100000 1 96 55 7.2 -0.075
100000 1 96 55 7.2 -0.225
100000 1 96 55 7.2 0.375
100000 1 96 55 8.8 10
100000 1 96 55 8.8 -0.375
100000 1 96 55 8.8 -0.075
100000 1 96 55 8.8 -0.225
100000 1 96 55 8.8 0.375
100000 1 96 55 8 10
100000 1 96 55 8 -0.375
100000 1 96 55 8 -0.075
100000 1 96 55 8 -0.225
100000 1 96 55 8 0.375
100000 1 96 55 6.4 10
100000 1 96 55 6.4 -0.375
100000 1 96 55 6.4 -0.075
100000 1 96 55 6.4 -0.225
100000 1 96 55 6.4 0.375
100000 1 96 55 4.8 10
100000 1 96 55 4.8 -0.375
100000 1 96 55 4.8 -0.075
100000 1 96 55 4.8 -0.225
100000 1 96 55 4.8 0.375
100000 1 96 55 3.2 10
100000 1 96 55 3.2 -0.375
100000 1 96 55 3.2 -0.075
100000 1 96 55 3.2 -0.225
100000 1 96 55 3.2 0.375
100000 1 96 55 1.6 10
100000 1 96 55 1.6 -0.375
100000 1 96 55 1.6 -0.075
100000 1 96 55 1.6 -0.225
100000 1 96 55 1.6 0.375
100000 1 96 55 0 10
100000 1 96 55 0 -0.45
100000 1 96 55 0 -0.15
100000 1 96 55 0 -0.3
100000 1 96 55 0 0.3
100000 1 96 45 -10 10
100000 1 96 45 -10 -0.375
100000 1 96 45 -10 -0.075
100000 1 96 45 -10 -0.225
100000 1 96 45 -10 0.375
100000 1 96 45 6.8 10
100000 1 96 45 6.8 -0.375
100000 1 96 45 6.8 -0.075
100000 1 96 45 6.8 -0.225
100000 1 96 45 6.8 0.375
100000 1 96 45 7.6 10
100000 1 96 45 7.6 -0.375
100000 1 96 45 7.6 -0.075
100000 1 96 45 7.6 -0.225
100000 1 96 45 7.6 0.375
100000 1 96 45 7.2 10
100000 1 96 45 7.2 -0.375
100000 1 96 45 7.2 -0.075
100000 1 96 45 7.2 -0.225
100000 1 96 45 7.2 0.375
100000 1 96 45 8.8 10
100000 1 96 45 8.8 -0.375
100000 1 96 45 8.8 -0.075
100000 1 96 45 8.8 -0.225
100000 1 96 45 8.8 0.375
100000 1 96 45 8 10
100000 1 96 45 8 -0.375
100000 1 96 45 8 -0.075
100000 1 96 45 8 -0.225
100000 1 96 45 8 0.375
100000 1 96 45 6.4 10
100000 1 96 45 6.4 -0.375
100000 1 96 45 6.4 -0.075
100000 1 96 45 6.4 -0.225
100000 1 96 45 6.4 0.375
100000 1 96 45 4.8 10
100000 1 96 45 4.8 -0.375
100000 1 96 45 4.8 -0.075
100000 1 96 45 4.8 -0.225
100000 1 96 45 4.8 0.375
100000 1 96 45 3.2 10
100000 1 96 45 3.2 -0.375
100000 1 96 45 3.2 -0.075
100000 1 96 45 3.2 -0.225
100000 1 96 45 3.2 0.375
100000 1 96 45 1.6 10
100000 1 96 45 1.6 -0.375
100000 1 96 45 1.6 -0.075
100000 1 96 45 1.6 -0.225
100000 1 96 45 1.6 0.375
100000 1 96 45 0 10
100000 1 96 45 0 -0.45
100000 1 96 45 0 -0.15
100000 1 96 45 0 -0.3
100000 1 96 45 0 0.3
100000 1 96 35 -10 10
100000 1 96 35 -10 -0.375
100000 1 96 35 -10 -0.075
100000 1 96 35 -10 -0.225
100000 1 96 35 -10 0.375
100000 1 96 35 6.8 10
100000 1 96 35 6.8 -0.375
100000 1 96 35 6.8 -0.075
100000 1 96 35 6.8 -0.225
100000 1 96 35 6.8 0.375
100000 1 96 35 7.6 10
100000 1 96 35 7.6 -0.375
100000 1 96 35 7.6 -0.075
100000 1 96 35 7.6 -0.225
100000 1 96 35 7.6 0.375
100000 1 96 35 7.2 10
100000 1 96 35 7.2 -0.375
100000 1 96 35 7.2 -0.075
100000 1 96 35 7.2 -0.225
100000 1 96 35 7.2 0.375
100000 1 96 35 8.8 10
100000 1 96 35 8.8 -0.375
100000 1 96 35 8.8 -0.075
100000 1 96 35 8.8 -0.225
100000 1 96 35 8.8 0.375
100000 1 96 35 8 10
100000 1 96 35 8 -0.375
100000 1 96 35 8 -0.075
100000 1 96 35 8 -0.225
100000 1 96 35 8 0.375
100000 1 96 35 6.4 10
100000 1 96 35 6.4 -0.375
100000 1 96 35 6.4 -0.075
100000 1 96 35 6.4 -0.225
100000 1 96 35 6.4 0.375
100000 1 96 35 4.8 10
100000 1 96 35 4.8 -0.375
100000 1 96 35 4.8 -0.075
100000 1 96 35 4.8 -0.225
100000 1 96 35 4.8 0.375
100000 1 96 35 3.2 10
100000 1 96 35 3.2 -0.375
100000 1 96 35 3.2 -0.075
100000 1 96 35 3.2 -0.225
100000 1 96 35 3.2 0.375
100000 1 96 35 1.6 10
100000 1 96 35 1.6 -0.375
100000 1 96 35 1.6 -0.075
100000 1 96 35 1.6 -0.225
100000 1 96 35 1.6 0.375
100000 1 96 35 0 10
100000 1 96 35 0 -0.45
100000 1 96 35 0 -0.15
100000 1 96 35 0 -0.3
100000 1 96 35 0 0.3
100000 1 96 25 -10 10
100000 1 96 25 -10 -0.375
100000 1 96 25 -10 -0.075
100000 1 96 25 -10 -0.225
100000 1 96 25 -10 0.375
100000 1 96 25 6.8 10
100000 1 96 25 6.8 -0.375
100000 1 96 25 6.8 -0.075
100000 1 96 25 6.8 -0.225
100000 1 96 25 6.8 0.375
100000 1 96 25 7.6 10
100000 1 96 25 7.6 -0.375
100000 1 96 25 7.6 -0.075
100000 1 96 25 7.6 -0.225
100000 1 96 25 7.6 0.375
100000 1 96 25 7.2 10
100000 1 96 25 7.2 -0.375
100000 1 96 25 7.2 -0.075
100000 1 96 25 7.2 -0.225
100000 1 96 25 7.2 0.375
100000 1 96 25 8.8 10
100000 1 96 25 8.8 -0.375
100000 1 96 25 8.8 -0.075
100000 1 96 25 8.8 -0.225
100000 1 96 25 8.8 0.375
100000 1 96 25 8 10
100000 1 96 25 8 -0.375
100000 1 96 25 8 -0.075
100000 1 96 25 8 -0.225
100000 1 96 25 8 0.375
100000 1 96 25 6.4 10
100000 1 96 25 6.4 -0.375
100000 1 96 25 6.4 -0.075
100000 1 96 25 6.4 -0.225
100000 1 96 25 6.4 0.375
100000 1 96 25 4.8 10
100000 1 96 25 4.8 -0.375
100000 1 96 25 4.8 -0.075
100000 1 96 25 4.8 -0.225
100000 1 96 25 4.8 0.375
100000 1 96 25 3.2 10
100000 1 96 25 3.2 -0.375
100000 1 96 25 3.2 -0.075
100000 1 96 25 3.2 -0.225
100000 1 96 25 3.2 0.375
100000 1 96 25 1.6 10
100000 1 96 25 1.6 -0.375
100000 1 96 25 1.6 -0.075
100000 1 96 25 1.6 -0.225
100000 1 96 25 1.6 0.375
100000 1 96 25 0 10
100000 1 96 25 0 -0.45
100000 1 96 25 0 -0.15
100000 1 96 25 0 -0.3
100000 1 96 25 0 0.3
100000 1 96 15 -10 10
100000 1 96 15 -10 -0.375
100000 1 96 15 -10 -0.075
100000 1 96 15 -10 -0.225
100000 1 96 15 -10 0.375
100000 1 96 15 6.8 10
100000 1 96 15 6.8 -0.375
100000 1 96 15 6.8 -0.075
100000 1 96 15 6.8 -0.225
100000 1 96 15 6.8 0.375
100000 1 96 15 7.6 10
100000 1 96 15 7.6 -0.375
100000 1 96 15 7.6 -0.075
100000 1 96 15 7.6 -0.225
100000 1 96 15 7.6 0.375
100000 1 96 15 7.2 10
100000 1 96 15 7.2 -0.375
100000 1 96 15 7.2 -0.075
100000 1 96 15 7.2 -0.225
100000 1 96 15 7.2 0.375
100000 1 96 15 8.8 10
100000 1 96 15 8.8 -0.375
100000 1 96 15 8.8 -0.075
100000 1 96 15 8.8 -0.225
100000 1 96 15 8.8 0.375
100000 1 96 15 8 10
100000 1 96 15 8 -0.375
100000 1 96 15 8 -0.075
100000 1 96 15 8 -0.225
100000 1 96 15 8 0.375
100000 1 96 15 6.4 10
100000 1 96 15 6.4 -0.375
100000 1 96 15 6.4 -0.075
100000 1 96 15 6.4 -0.225
100000 1 96 15 6.4 0.375
100000 1 96 15 4.8 10
100000 1 96 15 4.8 -0.375
100000 1 96 15 4.8 -0.075
100000 1 96 15 4.8 -0.225
100000 1 96 15 4.8 0.375
100000 1 96 15 3.2 10
100000 1 96 15 3.2 -0.375
100000 1 96 15 3.2 -0.075
100000 1 96 15 3.2 -0.225
100000 1 96 15 3.2 0.375
100000 1 96 15 1.6 10
100000 1 96 15 1.6 -0.375
100000 1 96 15 1.6 -0.075
100000 1 96 15 1.6 -0.225
100000 1 96 15 1.6 0.375
100000 1 96 15 0 10
100000 1 96 15 0 -0.45
100000 1 96 15 0 -0.15
100000 1 96 15 0 -0.3
100000 1 96 15 0 0.3
100000 1 96 5 -10 10
100000 1 96 5 -10 -0.375
100000 1 96 5 -10 -0.075
100000 1 96 5 -10 -0.225
100000 1 96 5 -10 0.375
100000 1 96 5 6.8 10
100000 1 96 5 6.8 -0.375
100000 1 96 5 6.8 -0.075
100000 1 96 5 6.8 -0.225
100000 1 96 5 6.8 0.375
100000 1 96 5 7.6 10
100000 1 96 5 7.6 -0.375
100000 1 96 5 7.6 -0.075
100000 1 96 5 7.6 -0.225
100000 1 96 5 7.6 0.375
100000 1 96 5 7.2 10
100000 1 96 5 7.2 -0.375
100000 1 96 5 7.2 -0.075
100000 1 96 5 7.2 -0.225
100000 1 96 5 7.2 0.375
100000 1 96 5 8.8 10
100000 1 96 5 8.8 -0.375
100000 1 96 5 8.8 -0.075
100000 1 96 5 8.8 -0.225
100000 1 96 5 8.8 0.375
100000 1 96 5 8 10
100000 1 96 5 8 -0.375
100000 1 96 5 8 -0.075
100000 1 96 5 8 -0.225
100000 1 96 5 8 0.375
100000 1 96 5 6.4 10
100000 1 96 5 6.4 -0.375
100000 1 96 5 6.4 -0.075
100000 1 96 5 6.4 -0.225
100000 1 96 5 6.4 0.375
100000 1 96 5 4.8 10
100000 1 96 5 4.8 -0.375
100000 1 96 5 4.8 -0.075
100000 1 96 5 4.8 -0.225
100000 1 96 5 4.8 0.375
100000 1 96 5 3.2 10
100000 1 96 5 3.2 -0.375
100000 1 96 5 3.2 -0.075
100000 1 96 5 3.2 -0.225
100000 1 96 5 3.2 0.375
100000 1 96 5 1.6 10
100000 1 96 5 1.6 -0.375
100000 1 96 5 1.6 -0.075
100000 1 96 5 1.6 -0.225
100000 1 96 5 1.6 0.375
100000 1 96 5 0 10
100000 1 96 5 0 -0.45
100000 1 96 5 0 -0.15
100000 1 96 5 0 -0.3
100000 1 96 5 0 0.3
100000 1 90 100 -10 10
100000 1 90 100 -10 -0.375
100000 1 90 100 -10 -0.075
100000 1 90 100 -10 -0.225
100000 1 90 100 -10 0.375
100000 1 90 100 6.8 10
100000 1 90 100 6.8 -0.375
100000 1 90 100 6.8 -0.075
100000 1 90 100 6.8 -0.225
100000 1 90 100 6.8 0.375
100000 1 90 100 7.6 10
100000 1 90 100 7.6 -0.375
100000 1 90 100 7.6 -0.075
100000 1 90 100 7.6 -0.225
100000 1 90 100 7.6 0.375
100000 1 90 100 7.2 10
100000 1 90 100 7.2 -0.375
100000 1 90 100 7.2 -0.075
100000 1 90 100 7.2 -0.225
100000 1 90 100 7.2 0.375
100000 1 90 100 8.8 10
100000 1 90 100 8.8 -0.375
100000 1 90 100 8.8 -0.075
100000 1 90 100 8.8 -0.225
100000 1 90 100 8.8 0.375
100000 1 90 100 8 10
100000 1 90 100 8 -0.375
100000 1 90 100 8 -0.075
100000 1 90 100 8 -0.225
100000 1 90 100 8 0.375
100000 1 90 100 6.4 10
100000 1 90 100 6.4 -0.375
100000 1 90 100 6.4 -0.075
100000 1 90 100 6.4 -0.225
100000 1 90 100 6.4 0.375
100000 1 90 100 4.8 10
100000 1 90 100 4.8 -0.375
100000 1 90 100 4.8 -0.075
100000 1 90 100 4.8 -0.225
100000 1 90 100 4.8 0.375
100000 1 90 100 3.2 10
100000 1 90 100 3.2 -0.375
100000 1 90 100 3.2 -0.075
100000 1 90 100 3.2 -0.225
100000 1 90 100 3.2 0.375
100000 1 90 100 1.6 10
100000 1 90 100 1.6 -0.375
100000 1 90 100 1.6 -0.075
100000 1 90 100 1.6 -0.225
100000 1 90 100 1.6 0.375
100000 1 90 100 0 10
100000 1 90 100 0 -0.45
100000 1 90 100 0 -0.15
100000 1 90 100 0 -0.3
100000 1 90 100 0 0.3
100000 1 90 47.5 -10 10
100000 1 90 47.5 -10 -0.375
100000 1 90 47.5 -10 -0.075
100000 1 90 47.5 -10 -0.225
100000 1 90 47.5 -10 0.375
100000 1 90 47.5 6.8 10
100000 1 90 47.5 6.8 -0.375
100000 1 90 47.5 6.8 -0.075
100000 1 90 47.5 6.8 -0.225
100000 1 90 47.5 6.8 0.375
100000 1 90 47.5 7.6 10
100000 1 90 47.5 7.6 -0.375
100000 1 90 47.5 7.6 -0.075
100000 1 90 47.5 7.6 -0.225
100000 1 90 47.5 7.6 0.375
100000 1 90 47.5 7.2 10
100000 1 90 47.5 7.2 -0.375
100000 1 90 47.5 7.2 -0.075
100000 1 90 47.5 7.2 -0.225
100000 1 90 47.5 7.2 0.375
100000 1 90 47.5 8.8 10
100000 1 90 47.5 8.8 -0.375
100000 1 90 47.5 8.8 -0.075
100000 1 90 47.5 8.8 -0.225
100000 1 90 47.5 8.8 0.375
100000 1 90 47.5 8 10
100000 1 90 47.5 8 -0.375
100000 1 90 47.5 8 -0.075
100000 1 90 47.5 8 -0.225
100000 1 90 47.5 8 0.375
100000 1 90 47.5 6.4 10
100000 1 90 47.5 6.4 -0.375
100000 1 90 47.5 6.4 -0.075
100000 1 90 47.5 6.4 -0.225
100000 1 90 47.5 6.4 0.375
100000 1 90 47.5 4.8 10
100000 1 90 47.5 4.8 -0.375
100000 1 90 47.5 4.8 -0.075
100000 1 90 47.5 4.8 -0.225
100000 1 90 47.5 4.8 0.375
100000 1 90 47.5 3.2 10
100000 1 90 47.5 3.2 -0.375
100000 1 90 47.5 3.2 -0.075
100000 1 90 47.5 3.2 -0.225
100000 1 90 47.5 3.2 0.375
100000 1 90 47.5 1.6 10
100000 1 90 47.5 1.6 -0.375
100000 1 90 47.5 1.6 -0.075
100000 1 90 47.5 1.6 -0.225
100000 1 90 47.5 1.6 0.375
100000 1 90 47.5 0 10
100000 1 90 47.5 0 -0.45
100000 1 90 47.5 0 -0.15
100000 1 90 47.5 0 -0.3
100000 1 90 47.5 0 0.3
100000 1 90 52.5 -10 10
100000 1 90 52.5 -10 -0.375
100000 1 90 52.5 -10 -0.075
100000 1 90 52.5 -10 -0.225
100000 1 90 52.5 -10 0.375
100000 1 90 52.5 6.8 10
100000 1 90 52.5 6.8 -0.375
100000 1 90 52.5 6.8 -0.075
100000 1 90 52.5 6.8 -0.225
100000 1 90 52.5 6.8 0.375
100000 1 90 52.5 7.6 10
100000 1 90 52.5 7.6 -0.375
100000 1 90 52.5 7.6 -0.075
100000 1 90 52.5 7.6 -0.225
100000 1 90 52.5 7.6 0.375
100000 1 90 52.5 7.2 10
100000 1 90 52.5 7.2 -0.375
100000 1 90 52.5 7.2 -0.075
100000 1 90 52.5 7.2 -0.225
100000 1 90 52.5 7.2 0.375
100000 1 90 52.5 8.8 10
100000 1 90 52.5 8.8 -0.375
100000 1 90 52.5 8.8 -0.075
100000 1 90 52.5 8.8 -0.225
100000 1 90 52.5 8.8 0.375
100000 1 90 52.5 8 10
100000 1 90 52.5 8 -0.375
100000 1 90 52.5 8 -0.075
100000 1 90 52.5 8 -0.225
100000 1 90 52.5 8 0.375
100000 1 90 52.5 6.4 10
100000 1 90 52.5 6.4 -0.375
100000 1 90 52.5 6.4 -0.075
100000 1 90 52.5 6.4 -0.225
100000 1 90 52.5 6.4 0.375
100000 1 90 52.5 4.8 10
100000 1 90 52.5 4.8 -0.375
100000 1 90 52.5 4.8 -0.075
100000 1 90 52.5 4.8 -0.225
100000 1 90 52.5 4.8 0.375
100000 1 90 52.5 3.2 10
100000 1 90 52.5 3.2 -0.375
100000 1 90 52.5 3.2 -0.075
100000 1 90 52.5 3.2 -0.225
100000 1 90 52.5 3.2 0.375
100000 1 90 52.5 1.6 10
100000 1 90 52.5 1.6 -0.375
100000 1 90 52.5 1.6 -0.075
100000 1 90 52.5 1.6 -0.225
100000 1 90 52.5 1.6 0.375
100000 1 90 52.5 0 10
100000 1 90 52.5 0 -0.45
100000 1 90 52.5 0 -0.15
100000 1 90 52.5 0 -0.3
100000 1 90 52.5 0 0.3
100000 1 90 50 -10 10
100000 1 90 50 -10 -0.375
100000 1 90 50 -10 -0.075
100000 1 90 50 -10 -0.225
100000 1 90 50 -10 0.375
100000 1 90 50 6.8 10
100000 1 90 50 6.8 -0.375
100000 1 90 50 6.8 -0.075
100000 1 90 50 6.8 -0.225
100000 1 90 50 6.8 0.375
100000 1 90 50 7.6 10
100000 1 90 50 7.6 -0.375
100000 1 90 50 7.6 -0.075
100000 1 90 50 7.6 -0.225
100000 1 90 50 7.6 0.375
100000 1 90 50 7.2 10
100000 1 90 50 7.2 -0.375
100000 1 90 50 7.2 -0.075
100000 1 90 50 7.2 -0.225
100000 1 90 50 7.2 0.375
100000 1 90 50 8.8 10
100000 1 90 50 8.8 -0.375
100000 1 90 50 8.8 -0.075
100000 1 90 50 8.8 -0.225
100000 1 90 50 8.8 0.375
100000 1 90 50 8 10
100000 1 90 50 8 -0.375
100000 1 90 50 8 -0.075
100000 1 90 50 8 -0.225
100000 1 90 50 8 0.375
100000 1 90 50 6.4 10
100000 1 90 50 6.4 -0.375
100000 1 90 50 6.4 -0.075
100000 1 90 50 6.4 -0.225
100000 1 90 50 6.4 0.375
100000 1 90 50 4.8 10
100000 1 90 50 4.8 -0.375
100000 1 90 50 4.8 -0.075
100000 1 90 50 4.8 -0.225
100000 1 90 50 4.8 0.375
100000 1 90 50 3.2 10
100000 1 90 50 3.2 -0.375
100000 1 90 50 3.2 -0.075
100000 1 90 50 3.2 -0.225
100000 1 90 50 3.2 0.375
100000 1 90 50 1.6 10
100000 1 90 50 1.6 -0.375
100000 1 90 50 1.6 -0.075
100000 1 90 50 1.6 -0.225
100000 1 90 50 1.6 0.375
100000 1 90 50 0 10
100000 1 90 50 0 -0.45
100000 1 90 50 0 -0.15
100000 1 90 50 0 -0.3
100000 1 90 50 0 0.3
100000 1 90 60 -10 10
100000 1 90 60 -10 -0.375
100000 1 90 60 -10 -0.075
100000 1 90 60 -10 -0.225
100000 1 90 60 -10 0.375
100000 1 90 60 6.8 10
100000 1 90 60 6.8 -0.375
100000 1 90 60 6.8 -0.075
100000 1 90 60 6.8 -0.225
100000 1 90 60 6.8 0.375
100000 1 90 60 7.6 10
100000 1 90 60 7.6 -0.375
100000 1 90 60 7.6 -0.075
100000 1 90 60 7.6 -0.225
100000 1 90 60 7.6 0.375
100000 1 90 60 7.2 10
100000 1 90 60 7.2 -0.375
100000 1 90 60 7.2 -0.075
100000 1 90 60 7.2 -0.225
100000 1 90 60 7.2 0.375
100000 1 90 60 8.8 10
100000 1 90 60 8.8 -0.375
100000 1 90 60 8.8 -0.075
100000 1 90 60 8.8 -0.225
100000 1 90 60 8.8 0.375
100000 1 90 60 8 10
100000 1 90 60 8 -0.375
100000 1 90 60 8 -0.075
100000 1 90 60 8 -0.225
100000 1 90 60 8 0.375
100000 1 90 60 6.4 10
100000 1 90 60 6.4 -0.375
100000 1 90 60 6.4 -0.075
100000 1 90 60 6.4 -0.225
100000 1 90 60 6.4 0.375
100000 1 90 60 4.8 10
100000 1 90 60 4.8 -0.375
100000 1 90 60 4.8 -0.075
100000 1 90 60 4.8 -0.225
100000 1 90 60 4.8 0.375
100000 1 90 60 3.2 10
100000 1 90 60 3.2 -0.375
100000 1 90 60 3.2 -0.075
100000 1 90 60 3.2 -0.225
100000 1 90 60 3.2 0.375
100000 1 90 60 1.6 10
100000 1 90 60 1.6 -0.375
100000 1 90 60 1.6 -0.075
100000 1 90 60 1.6 -0.225
100000 1 90 60 1.6 0.375
100000 1 90 60 0 10
100000 1 90 60 0 -0.45
100000 1 90 60 0 -0.15
100000 1 90 60 0 -0.3
100000 1 90 60 0 0.3
100000 1 90 55 -10 10
100000 1 90 55 -10 -0.375
100000 1 90 55 -10 -0.075
100000 1 90 55 -10 -0.225
100000 1 90 55 -10 0.375
100000 1 90 55 6.8 10
100000 1 90 55 6.8 -0.375
100000 1 90 55 6.8 -0.075
100000 1 90 55 6.8 -0.225
100000 1 90 55 6.8 0.375
100000 1 90 55 7.6 10
100000 1 90 55 7.6 -0.375
100000 1 90 55 7.6 -0.075
100000 1 90 55 7.6 -0.225
100000 1 90 55 7.6 0.375
100000 1 90 55 7.2 10
100000 1 90 55 7.2 -0.375
100000 1 90 55 7.2 -0.075
100000 1 90 55 7.2 -0.225
100000 1 90 55 7.2 0.375
100000 1 90 55 8.8 10
100000 1 90 55 8.8 -0.375
100000 1 90 55 8.8 -0.075
100000 1 90 55 8.8 -0.225
100000 1 90 55 8.8 0.375
100000 1 90 55 8 10
100000 1 90 55 8 -0.375
0
424765 0 20 0 0.3