180784 1.0006 0 100 -10 0.225
170288 1.00051 0 100 -10 0.525
167664 1.0005 0 100 -10 0.375
126970 1.00063 0 50 -0.8 0.225
124975 1.00058 0 50 -0.8 0.525
124975 1.00058 0 50 -0.8 0.375
124975 1.00058 0 50 -0.8 10
121660 1.00062 0 45 -0.8 10
121660 1.00062 0 45 -0.8 0.375
121660 1.00062 0 45 -0.8 0.225
121660 1.00062 0 45 -0.8 0.525
120049 1.00063 0 45 -0.4 10
120049 1.00063 0 45 -0.4 0.375
120049 1.00063 0 45 -0.4 0.525
120049 1.00063 0 45 -0.4 0.225
117706 1.00263 0 100 0 -0.15
116677 1.00253 0 55 0 -0.15
116610 1.00265 0 40 0 -0.15
116596 1.00252 0 47.5 0 -0.15
116366 1.00069 0 45 0 0.3
116366 1.00069 0 45 0 0.45
116366 1.00069 0 45 0 0.15
116366 1.00069 0 45 0 10
115756 1.00045 0 45 -1.2 0.375
115756 1.00045 0 45 -1.2 10
115756 1.00045 0 45 -1.2 0.225
115756 1.00045 0 45 -1.2 0.525
114933 1.00083 0 47.5 -0.4 -0.075
114111 1.00074 0 52.5 -0.4 -0.075
112740 1.00036 0 47.5 -0.8 0.375
112740 1.00036 0 47.5 -0.8 10
112740 1.00036 0 47.5 -0.8 0.225
112740 1.00036 0 47.5 -0.8 0.525
111765 1.00034 0 50 -0.4 0.225
111530 1.00166 0 52.5 -0.4 -0.225
111438 1.00034 0 45 -10 0.375
111438 1.00034 0 45 -10 0.525
111438 1.00034 0 45 -10 0.225
111438 1.00034 0 45 -10 10
110692 1.00027 0 50 -1.2 0.225
110689 1.00132 0 35 -10 -0.225
110335 1.00263 0 55 0.4 -0.075
110093 1.00541 0 15 0 10
110093 1.00541 0 15 0 0.45
110093 1.00541 0 15 0 0.15
110093 1.00541 0 15 0 0.3
110007 1.0003 0 50 -0.4 0.375
110007 1.0003 0 50 -0.4 0.525
110007 1.0003 0 50 -0.4 10
109820 1.00038 0 50 0 0.3
109820 1.00038 0 50 0 10
109820 1.00038 0 50 0 0.45
109731 1.00067 0 35 0 10
109731 1.00067 0 35 0 0.45
109731 1.00067 0 35 0 0.15
109731 1.00067 0 35 0 0.3
109695 1.0015 0 47.5 -0.4 -0.225
109623 1.00024 0 50 -10 0.225
109341 1.00145 0 45 -0.4 -0.225
109216 1.00557 0 35 0.8 0.525
109216 1.00557 0 35 0.8 10
109216 1.00557 0 35 0.8 0.225
109216 1.00557 0 35 0.8 0.375
109198 1.00808 0 25 0.8 0.375
109198 1.00808 0 25 0.8 10
109198 1.00808 0 25 0.8 0.225
109198 1.00808 0 25 0.8 0.525
109052 1.0006 0 35 -10 -0.075
108950 1.00023 0 50 -1.2 10
108950 1.00023 0 50 -1.2 0.525
108950 1.00023 0 50 -1.2 0.375
108912 1.00192 0 40 -10 -0.375
108779 1.00043 0 35 -0.8 10
108779 1.00043 0 35 -0.8 0.375
108779 1.00043 0 35 -0.8 0.225
108779 1.00043 0 35 -0.8 0.525
108754 1.00707 0 52.5 0.8 -0.075
108496 1.0004 0 35 -10 0.375
108496 1.0004 0 35 -10 10
108452 1.00237 0 40 0.4 -0.075
108332 1.00021 0 52.5 -0.8 0.225
108305 1.00124 0 50 -0.4 -0.225
107899 1.00021 0 50 -10 10
107899 1.00021 0 50 -10 0.375
107899 1.00021 0 50 -10 0.525
107694 1.00343 0 15 -0.8 10
107694 1.00343 0 15 -1.2 0.225
107694 1.00343 0 15 -10 0.375
107694 1.00343 0 15 -10 10
107694 1.00343 0 15 -0.8 0.375
107694 1.00343 0 15 -1.2 0.375
107694 1.00343 0 15 -10 0.225
107694 1.00343 0 15 -1.2 0.525
107694 1.00343 0 15 -1.2 10
107694 1.00343 0 15 -0.8 0.225
107694 1.00343 0 15 -0.8 0.525
107694 1.00343 0 15 -10 0.525
107619 1.00081 0 25 -10 -0.075
107470 1.00217 0 35 0.4 -0.075
107265 1.00325 0 45 0.8 0.525
107265 1.00325 0 45 0.8 10
107265 1.00325 0 45 0.8 0.375
107265 1.00325 0 45 0.8 0.225
107227 1.00127 0 25 -10 -0.225
107205 1.00322 0 15 -0.4 0.525
107205 1.00322 0 15 -0.4 0.225
107205 1.00322 0 15 -0.4 0.375
107205 1.00322 0 15 -0.4 10
106921 1.00244 0 55 0.8 0.225
106774 1.00318 0 40 0.8 0.225
106774 1.00318 0 40 0.8 10
106774 1.00318 0 40 0.8 0.375
106774 1.00318 0 40 0.8 0.525
106764 1.00181 0 25 0.4 0.225
106764 1.00181 0 25 0.4 10
106764 1.00181 0 25 0.4 0.375
106764 1.00181 0 25 0.4 0.525
106628 1.00017 0 52.5 -0.8 10
106628 1.00017 0 52.5 -0.8 0.525
106628 1.00017 0 52.5 -0.8 0.375
106535 1.00247 0 47.5 -0.4 -0.375
106535 1.00247 0 52.5 -0.4 -0.375
106472 1.00093 0 35 -0.8 -0.225
106307 1.00069 0 40 -10 -0.225
106236 1.00323 0 40 0.4 -0.225
106236 1.00323 0 55 0.4 -0.225
106236 1.00323 0 35 0.4 -0.225
106166 1.00019 0 52.5 -0.4 10
106166 1.00019 0 52.5 -0.4 0.375
106152 1.00054 0 25 -10 10
106152 1.00054 0 25 -10 0.375
106087 1.00069 0 25 -0.8 -0.075
105963 1.00237 0 47.5 0.8 10
105963 1.00237 0 50 0.8 0.225
105963 1.00237 0 47.5 0.8 0.375
105963 1.00237 0 47.5 0.8 0.225
105963 1.00237 0 47.5 0.8 0.525
105695 1.00109 0 25 -0.8 -0.225
105691 1.00148 0 55 -0.8 -0.375
105689 1.00022 0 52.5 0 0.3
105689 1.00022 0 52.5 0 10
105689 1.00022 0 52.5 0 0.45
105674 1.00097 0 35 0.4 10
105674 1.00097 0 35 0.4 0.375
105363 1.01066 0 35 1.2 0.225
105363 1.01066 0 35 1.2 0.525
105363 1.01066 0 35 1.2 10
105363 1.01066 0 35 1.2 0.375
105299 1.00047 0 55 0.4 0.375
105239 1.00181 0 55 0.8 10
105239 1.00181 0 55 0.8 0.525
105239 1.00181 0 55 0.8 0.375
105207 1.00022 0 50 0 0.15
105189 1.00046 0 55 0.4 10
105163 1.00102 0 55 -10 -0.375
105027 1.00062 0 25 0 0.45
105027 1.00062 0 25 0 10
105027 1.00062 0 25 0 0.15
105027 1.00062 0 25 0 0.3
105010 1.00069 0 40 0.4 10
105010 1.00069 0 40 0.4 0.375
104893 1.00203 0 40 0 -0.3
104893 1.00203 0 45 0 -0.3
104893 1.00203 0 52.5 0 -0.3
104893 1.00203 0 35 0 -0.3
104893 1.00203 0 50 0 -0.3
104893 1.00203 0 47.5 0 -0.3
104893 1.00203 0 100 0 -0.3
104893 1.00203 0 55 0 -0.3
104888 1.00813 0 55 1.2 0.375
104888 1.00813 0 40 1.2 0.225
104888 1.00813 0 40 1.2 0.375
104888 1.00813 0 55 1.2 0.525
104888 1.00813 0 55 1.2 0.225
104888 1.00813 0 55 1.2 10
104888 1.00813 0 40 1.2 10
104888 1.00813 0 40 1.2 0.525
104881 1.00018 0 47.5 -0.4 0.375
104881 1.00018 0 47.5 -0.4 10
104648 1.00043 0 25 -0.8 0.375
104648 1.00021 0 47.5 0 10
104648 1.00043 0 25 -0.8 10
104648 1.00021 0 47.5 0 0.3
104530 1.00346 0 15 -10 -0.225
104530 1.00346 0 15 -1.2 -0.225
104530 1.00346 0 15 -0.8 -0.225
104376 1.00013 0 52.5 -1.2 0.225
104295 1.00167 0 50 0.8 0.525
104295 1.00167 0 50 0.8 10
104295 1.00167 0 50 0.8 0.375
104055 1.00311 0 15 -0.4 -0.225
103885 1.0064 0 25 0.8 -0.225
103884 1.00549 0 40 0.8 -0.225
103884 1.00549 0 47.5 0.8 -0.225
103884 1.00549 0 45 0.8 -0.225
103884 1.00549 0 55 0.8 -0.225
103884 1.00549 0 52.5 0.8 -0.225
103884 1.00549 0 50 0.8 -0.225
103884 1.00549 0 35 0.8 -0.225
103825 1.00139 0 52.5 0.8 0.375
103825 1.00139 0 52.5 0.8 10
103746 1.00105 0 40 -0.8 -0.375
103717 1.00232 0 25 0.4 -0.225
103478 1.00083 0 35 -10 -0.375
103283 1.01088 0 15 0.8 0.225
103283 1.01088 0 15 0.8 0.525
103283 1.01088 0 15 0.8 0.375
103283 1.01088 0 15 0.8 10
103217 1.00038 0 45 -0.8 -0.225
103135 1.00013 0 55 0 10
102958 1.00038 0 40 -0.8 -0.225
102910 1.00009 0 52.5 -10 0.225
102881 1.00412 0 15 0 -0.3
102732 1.00009 0 52.5 -1.2 0.525
102732 1.00009 0 52.5 -1.2 10
102732 1.00009 0 52.5 -1.2 0.375
102654 1.00018 0 40 -0.8 -0.075
102546 1.00086 0 25 -10 -0.375
102146 1.0027 0 35 0.4 -0.375
102146 1.0027 0 40 0.4 -0.375
102146 1.0027 0 55 0.4 -0.375
102053 1.00014 0 40 0 10
102053 1.00014 0 40 0 0.3
101979 1.00009 0 55 0 0.3
101873 1.00084 0 25 0 -0.3
101709 1.00021 0 47.5 -0.8 -0.225
101684 1.00007 0 47.5 -1.2 0.225
101684 1.00007 0 47.5 -1.2 10
101684 1.00007 0 47.5 -1.2 0.375
101684 1.00007 0 47.5 -1.2 0.525
101668 1.0002 0 52.5 -0.8 -0.225
101286 1.00006 0 52.5 -10 10
101286 1.00006 0 52.5 -10 0.375
101286 1.00006 0 52.5 -10 0.525
101179 1.00007 0 52.5 0 0.15
101090 1.00044 0 25 -0.8 -0.375
100938 1.00469 0 15 0.8 -0.225
100832 1.00012 0 50 -0.8 -0.225
100690 1.00007 0 40 -10 -0.075
100569 1.00004 0 100 0 0.3
100521 1.00188 0 25 1.2 0.525
100521 1.00188 0 25 1.2 0.375
100521 1.00188 0 25 1.2 0.225
100521 1.00188 0 25 1.2 10
100314 1.0004 0 40 0 -0.45
100314 1.0004 0 100 0 -0.45
100314 1.0004 0 55 0 -0.45
100314 1.0004 0 47.5 0 -0.45
100288 1.00004 0 47.5 -10 10
100288 1.00004 0 47.5 -10 0.525
100288 1.00004 0 47.5 -10 0.375
100288 1.00004 0 47.5 -10 0.225
100000 1 0 50 6.4 -0.225
100000 1 0 50 6.4 0.375
100000 1 0 50 4.8 10
100000 1 0 50 4.8 -0.375
100000 1 0 50 4.8 -0.075
100000 1 0 50 4.8 -0.225
100000 1 0 50 4.8 0.375
100000 1 0 50 3.2 10
100000 1 0 50 3.2 -0.375
100000 1 0 50 3.2 -0.075
100000 1 0 50 3.2 -0.225
100000 1 0 50 3.2 0.375
100000 1 0 50 1.6 10
100000 1 0 50 1.6 -0.375
100000 1 0 50 1.6 -0.075
100000 1 0 50 1.6 -0.225
100000 1 0 50 1.6 0.375
100000 1 0 50 6.4 -0.075
100000 1 0 50 6.4 -0.375
100000 1 0 50 6.4 10
100000 1 0 50 8 0.375
100000 1 0 50 8 -0.225
100000 1 0 55 -10 10
100000 1 0 50 8 -0.075
100000 1 0 55 -10 -0.075
100000 1 0 55 -10 -0.225
100000 1 0 55 -10 0.375
100000 1 0 50 8 -0.375
100000 1 0 50 8 10
100000 1 0 50 -1.2 -0.225
100000 1 0 50 -10 -0.225
100000 1 0 40 1.6 0.375
100000 1 0 40 1.6 -0.225
100000 1 0 40 1.6 -0.075
100000 1 0 40 1.6 -0.375
100000 1 0 55 1.2 -0.225
100000 1 0 40 1.6 10
100000 1 0 55 -0.8 10
100000 1 0 40 3.2 0.375
100000 1 0 55 -0.8 -0.075
100000 1 0 55 -0.8 -0.225
100000 1 0 55 -0.8 0.375
100000 1 0 40 3.2 -0.225
100000 1 0 40 3.2 -0.075
100000 1 0 40 3.2 -0.375
100000 1 0 40 3.2 10
100000 1 0 40 4.8 0.375
100000 1 0 55 8 10
100000 1 0 55 8 -0.375
100000 1 0 55 8 -0.075
100000 1 0 55 8 -0.225
100000 1 0 55 8 0.375
100000 1 0 55 6.4 10
100000 1 0 55 6.4 -0.375
100000 1 0 55 6.4 -0.075
100000 1 0 55 6.4 -0.225
100000 1 0 55 6.4 0.375
100000 1 0 55 4.8 10
100000 1 0 55 4.8 -0.375
100000 1 0 55 4.8 -0.075
100000 1 0 55 4.8 -0.225
100000 1 0 55 4.8 0.375
100000 1 0 55 3.2 10
100000 1 0 55 3.2 -0.375
100000 1 0 55 3.2 -0.075
100000 1 0 55 3.2 -0.225
100000 1 0 55 3.2 0.375
100000 1 0 55 1.6 10
100000 1 0 55 1.6 -0.375
100000 1 0 55 1.6 -0.075
100000 1 0 55 1.6 -0.225
100000 1 0 55 1.6 0.375
100000 1 0 40 4.8 -0.225
100000 1 0 40 4.8 -0.075
100000 1 0 40 4.8 -0.375
100000 1 0 40 4.8 10
100000 1 0 40 6.4 0.375
100000 1 0 40 6.4 -0.225
100000 1 0 40 6.4 -0.075
100000 1 0 40 6.4 -0.375
100000 1 0 45 -10 -0.225
100000 1 0 40 6.4 10
100000 1 0 40 8 0.375
100000 1 0 40 8 -0.225
100000 1 0 40 8 -0.075
100000 1 0 45 -1.2 -0.225
100000 1 0 40 8 -0.375
100000 1 0 40 8 10
100000 1 0 40 -0.8 0.375
100000 1 0 40 -0.8 10
100000 1 0 40 1.2 -0.225
100000 1 0 40 -10 0.375
100000 1 0 40 -10 10
100000 1 0 52.5 1.6 0.375
100000 1 0 52.5 1.6 -0.225
100000 1 0 52.5 1.6 -0.075
100000 1 0 52.5 1.6 -0.375
100000 1 0 52.5 1.6 10
100000 1 0 52.5 3.2 0.375
100000 1 0 52.5 3.2 -0.225
100000 1 0 52.5 3.2 -0.075
100000 1 0 52.5 3.2 -0.375
100000 1 0 45 8 10
100000 1 0 45 8 -0.375
100000 1 0 45 8 -0.075
100000 1 0 45 8 -0.225
100000 1 0 45 8 0.375
100000 1 0 45 6.4 10
100000 1 0 45 6.4 -0.375
100000 1 0 45 6.4 -0.075
100000 1 0 45 6.4 -0.225
100000 1 0 45 6.4 0.375
100000 1 0 45 4.8 10
100000 1 0 45 4.8 -0.375
100000 1 0 45 4.8 -0.075
100000 1 0 45 4.8 -0.225
100000 1 0 45 4.8 0.375
100000 1 0 45 3.2 10
100000 1 0 45 3.2 -0.375
100000 1 0 45 3.2 -0.075
100000 1 0 45 3.2 -0.225
100000 1 0 45 3.2 0.375
100000 1 0 45 1.6 10
100000 1 0 45 1.6 -0.375
100000 1 0 45 1.6 -0.075
100000 1 0 45 1.6 -0.225
100000 1 0 45 1.6 0.375
100000 1 0 52.5 3.2 10
100000 1 0 52.5 4.8 0.375
100000 1 0 52.5 4.8 -0.225
100000 1 0 52.5 4.8 -0.075
100000 1 0 52.5 4.8 -0.375
100000 1 0 52.5 4.8 10
100000 1 0 52.5 6.4 0.375
100000 1 0 52.5 6.4 -0.225
100000 1 0 52.5 6.4 -0.075
100000 1 0 52.5 6.4 -0.375
100000 1 0 52.5 6.4 10
100000 1 0 52.5 8 0.375
100000 1 0 52.5 8 -0.225
100000 1 0 52.5 8 -0.075
100000 1 0 52.5 8 -0.375
100000 1 0 52.5 8 10
100000 1 0 52.5 0.8 -0.375
100000 1 0 52.5 -1.2 -0.225
100000 1 0 35 1.2 -0.225
100000 1 0 52.5 -10 -0.225
100000 1 0 47.5 1.6 0.375
100000 1 0 47.5 1.6 -0.225
100000 1 0 47.5 1.6 -0.075
100000 1 0 47.5 1.6 -0.375
100000 1 0 47.5 1.6 10
100000 1 0 47.5 3.2 0.375
100000 1 0 47.5 3.2 -0.225
100000 1 0 47.5 3.2 -0.075
100000 1 0 47.5 3.2 -0.375
100000 1 0 47.5 3.2 10
100000 1 0 35 8 10
100000 1 0 35 8 -0.375
100000 1 0 35 8 -0.075
100000 1 0 35 8 -0.225
100000 1 0 35 8 0.375
100000 1 0 35 6.4 10
100000 1 0 35 6.4 -0.375
100000 1 0 35 6.4 -0.075
100000 1 0 35 6.4 -0.225
100000 1 0 35 6.4 0.375
100000 1 0 35 4.8 10
100000 1 0 35 4.8 -0.375
100000 1 0 35 4.8 -0.075
100000 1 0 35 4.8 -0.225
100000 1 0 35 4.8 0.375
100000 1 0 35 3.2 10
100000 1 0 35 3.2 -0.375
100000 1 0 35 3.2 -0.075
100000 1 0 35 3.2 -0.225
100000 1 0 35 3.2 0.375
100000 1 0 35 1.6 10
100000 1 0 35 1.6 -0.375
100000 1 0 35 1.6 -0.075
100000 1 0 35 1.6 -0.225
100000 1 0 35 1.6 0.375
100000 1 0 47.5 4.8 0.375
100000 1 0 47.5 4.8 -0.225
100000 1 0 47.5 4.8 -0.075
100000 1 0 47.5 4.8 -0.375
100000 1 0 47.5 4.8 10
100000 1 0 47.5 6.4 0.375
100000 1 0 47.5 6.4 -0.225
100000 1 0 47.5 6.4 -0.075
100000 1 0 47.5 6.4 -0.375
100000 1 0 47.5 6.4 10
100000 1 0 47.5 8 0.375
100000 1 0 47.5 8 -0.225
100000 1 0 47.5 8 -0.075
100000 1 0 47.5 8 -0.375
100000 1 0 47.5 8 10
100000 1 0 47.5 -1.2 -0.225
100000 1 0 47.5 -10 -0.225
100000 1 0 100 0 10
100000 1 0 25 1.2 -0.225
100000 1 0 100 1.6 0.375
100000 1 0 100 1.6 -0.225
100000 1 0 100 1.6 -0.075
100000 1 0 100 1.6 -0.375
100000 1 0 100 1.6 10
100000 1 0 100 3.2 0.375
100000 1 0 100 3.2 -0.225
100000 1 0 100 3.2 -0.075
100000 1 0 100 3.2 -0.375
100000 1 0 100 3.2 10
100000 1 0 100 4.8 0.375
100000 1 0 25 8 10
100000 1 0 25 8 -0.375
100000 1 0 25 8 -0.075
100000 1 0 25 8 -0.225
100000 1 0 25 8 0.375
100000 1 0 25 6.4 10
100000 1 0 25 6.4 -0.375
100000 1 0 25 6.4 -0.075
100000 1 0 25 6.4 -0.225
100000 1 0 25 6.4 0.375
100000 1 0 25 4.8 10
100000 1 0 25 4.8 -0.375
100000 1 0 25 4.8 -0.075
100000 1 0 25 4.8 -0.225
100000 1 0 25 4.8 0.375
100000 1 0 25 3.2 10
100000 1 0 25 3.2 -0.375
100000 1 0 25 3.2 -0.075
100000 1 0 25 3.2 -0.225
100000 1 0 25 3.2 0.375
100000 1 0 25 1.6 10
100000 1 0 25 1.6 -0.375
100000 1 0 25 1.6 -0.075
100000 1 0 25 1.6 -0.225
100000 1 0 25 1.6 0.375
100000 1 0 100 4.8 -0.225
100000 1 0 100 4.8 -0.075
100000 1 0 100 4.8 -0.375
100000 1 0 100 4.8 10
100000 1 0 100 6.4 0.375
100000 1 0 100 6.4 -0.225
100000 1 0 100 6.4 -0.075
100000 1 0 100 6.4 -0.375
100000 1 0 100 6.4 10
100000 1 0 100 8 0.375
100000 1 0 100 8 -0.225
100000 1 0 100 8 -0.075
100000 1 0 100 8 -0.375
100000 1 0 100 8 10
100000 1 0 100 8.8 0.375
100000 1 0 100 8.8 -0.225
100000 1 0 100 8.8 -0.075
100000 1 0 100 8.8 -0.375
100000 1 0 100 8.8 10
100000 1 0 100 7.2 0.375
100000 1 0 100 7.2 -0.225
100000 1 0 100 7.2 -0.075
100000 1 0 100 7.2 -0.375
100000 1 0 100 7.2 10
100000 1 0 100 7.6 0.375
100000 1 0 100 7.6 -0.225
100000 1 0 100 7.6 -0.075
100000 1 0 100 7.6 -0.375
100000 1 0 100 7.6 10
100000 1 0 100 6.8 0.375
100000 1 0 15 8 10
100000 1 0 15 8 -0.375
100000 1 0 15 8 -0.075
100000 1 0 15 8 -0.225
100000 1 0 15 8 0.375
100000 1 0 15 6.4 10
100000 1 0 15 6.4 -0.375
100000 1 0 15 6.4 -0.075
100000 1 0 15 6.4 -0.225
100000 1 0 15 6.4 0.375
100000 1 0 15 4.8 10
100000 1 0 15 4.8 -0.375
100000 1 0 15 4.8 -0.075
100000 1 0 15 4.8 -0.225
100000 1 0 15 4.8 0.375
100000 1 0 15 3.2 10
100000 1 0 15 3.2 -0.375
100000 1 0 15 3.2 -0.075
100000 1 0 15 3.2 -0.225
100000 1 0 15 3.2 0.375
100000 1 0 15 1.6 10
100000 1 0 15 1.6 -0.375
100000 1 0 15 1.6 -0.075
100000 1 0 15 1.6 -0.225
100000 1 0 15 1.6 0.375
100000 1 0 100 6.8 -0.225
100000 1 0 100 6.8 -0.075
100000 1 0 100 6.8 -0.375
100000 1 0 100 6.8 10
100000 1 0 100 -10 -0.225
100000 1 0 5 -10 10
100000 1 0 5 -10 -0.375
100000 1 0 5 -10 -0.075
100000 1 0 5 -10 -0.225
100000 1 0 5 -10 0.375
100000 1 0 5 6.8 10
100000 1 0 5 6.8 -0.375
100000 1 0 5 6.8 -0.075
100000 1 0 5 6.8 -0.225
100000 1 0 5 6.8 0.375
100000 1 0 5 7.6 10
100000 1 0 5 7.6 -0.375
100000 1 0 5 7.6 -0.075
100000 1 0 5 7.6 -0.225
100000 1 0 5 7.6 0.375
100000 1 0 5 7.2 10
100000 1 0 5 7.2 -0.375
100000 1 0 5 7.2 -0.075
100000 1 0 5 7.2 -0.225
100000 1 0 5 7.2 0.375
100000 1 0 5 8.8 10
100000 1 0 5 8.8 -0.375
100000 1 0 5 8.8 -0.075
100000 1 0 5 8.8 -0.225
100000 1 0 5 8.8 0.375
100000 1 0 5 8 10
100000 1 0 5 8 -0.375
100000 1 0 5 8 -0.075
100000 1 0 5 8 -0.225
100000 1 0 5 8 0.375
100000 1 0 5 6.4 10
100000 1 0 5 6.4 -0.375
100000 1 0 5 6.4 -0.075
100000 1 0 5 6.4 -0.225
100000 1 0 5 6.4 0.375
100000 1 0 5 4.8 10
100000 1 0 5 4.8 -0.375
100000 1 0 5 4.8 -0.075
100000 1 0 5 4.8 -0.225
100000 1 0 5 4.8 0.375
100000 1 0 5 3.2 10
100000 1 0 5 3.2 -0.375
100000 1 0 5 3.2 -0.075
100000 1 0 5 3.2 -0.225
100000 1 0 5 3.2 0.375
100000 1 0 5 1.6 10
100000 1 0 5 1.6 -0.375
100000 1 0 5 1.6 -0.075
100000 1 0 5 1.6 -0.225
100000 1 0 5 1.6 0.375
100000 1 0 5 0 10
100000 1 0 5 0 -0.45
100000 1 0 5 0 -0.15
100000 1 0 5 0 -0.3
100000 1 0 5 0 0.3
100000 1 81 100 -10 10
100000 1 81 100 -10 -0.375
100000 1 81 100 -10 -0.075
100000 1 81 100 -10 -0.225
100000 1 81 100 -10 0.375
100000 1 81 100 6.8 10
100000 1 81 100 6.8 -0.375
100000 1 81 100 6.8 -0.075
100000 1 81 100 6.8 -0.225
100000 1 81 100 6.8 0.375
100000 1 81 100 7.6 10
100000 1 81 100 7.6 -0.375
100000 1 81 100 7.6 -0.075
100000 1 81 100 7.6 -0.225
100000 1 81 100 7.6 0.375
100000 1 81 100 7.2 10
100000 1 81 100 7.2 -0.375
100000 1 81 100 7.2 -0.075
100000 1 81 100 7.2 -0.225
100000 1 81 100 7.2 0.375
100000 1 81 100 8.8 10
100000 1 81 100 8.8 -0.375
100000 1 81 100 8.8 -0.075
100000 1 81 100 8.8 -0.225
100000 1 81 100 8.8 0.375
100000 1 81 100 8 10
100000 1 81 100 8 -0.375
100000 1 81 100 8 -0.075
100000 1 81 100 8 -0.225
100000 1 81 100 8 0.375
100000 1 81 100 6.4 10
100000 1 81 100 6.4 -0.375
100000 1 81 100 6.4 -0.075
100000 1 81 100 6.4 -0.225
100000 1 81 100 6.4 0.375
100000 1 81 100 4.8 10
100000 1 81 100 4.8 -0.375
100000 1 81 100 4.8 -0.075
100000 1 81 100 4.8 -0.225
100000 1 81 100 4.8 0.375
100000 1 81 100 3.2 10
100000 1 81 100 3.2 -0.375
100000 1 81 100 3.2 -0.075
100000 1 81 100 3.2 -0.225
100000 1 81 100 3.2 0.375
100000 1 81 100 1.6 10
100000 1 81 100 1.6 -0.375
100000 1 81 100 1.6 -0.075
100000 1 81 100 1.6 -0.225
100000 1 81 100 1.6 0.375
100000 1 81 100 0 10
100000 1 81 100 0 -0.45
100000 1 81 100 0 -0.15
100000 1 81 100 0 -0.3
100000 1 81 100 0 0.3
100000 1 81 47.5 -10 10
100000 1 81 47.5 -10 -0.375
100000 1 81 47.5 -10 -0.075
100000 1 81 47.5 -10 -0.225
100000 1 81 47.5 -10 0.375
100000 1 81 47.5 6.8 10
100000 1 81 47.5 6.8 -0.375
100000 1 81 47.5 6.8 -0.075
100000 1 81 47.5 6.8 -0.225
100000 1 81 47.5 6.8 0.375
100000 1 81 47.5 7.6 10
100000 1 81 47.5 7.6 -0.375
100000 1 81 47.5 7.6 -0.075
100000 1 81 47.5 7.6 -0.225
100000 1 81 47.5 7.6 0.375
100000 1 81 47.5 7.2 10
100000 1 81 47.5 7.2 -0.375
100000 1 81 47.5 7.2 -0.075
100000 1 81 47.5 7.2 -0.225
100000 1 81 47.5 7.2 0.375
100000 1 81 47.5 8.8 10
100000 1 81 47.5 8.8 -0.375
100000 1 81 47.5 8.8 -0.075
100000 1 81 47.5 8.8 -0.225
100000 1 81 47.5 8.8 0.375
100000 1 81 47.5 8 10
100000 1 81 47.5 8 -0.375
100000 1 81 47.5 8 -0.075
100000 1 81 47.5 8 -0.225
100000 1 81 47.5 8 0.375
100000 1 81 47.5 6.4 10
100000 1 81 47.5 6.4 -0.375
100000 1 81 47.5 6.4 -0.075
100000 1 81 47.5 6.4 -0.225
100000 1 81 47.5 6.4 0.375
100000 1 81 47.5 4.8 10
100000 1 81 47.5 4.8 -0.375
100000 1 81 47.5 4.8 -0.075
100000 1 81 47.5 4.8 -0.225
100000 1 81 47.5 4.8 0.375
100000 1 81 47.5 3.2 10
100000 1 81 47.5 3.2 -0.375
100000 1 81 47.5 3.2 -0.075
100000 1 81 47.5 3.2 -0.225
100000 1 81 47.5 3.2 0.375
100000 1 81 47.5 1.6 10
100000 1 81 47.5 1.6 -0.375
100000 1 81 47.5 1.6 -0.075
100000 1 81 47.5 1.6 -0.225
100000 1 81 47.5 1.6 0.375
100000 1 81 47.5 0 10
100000 1 81 47.5 0 -0.45
100000 1 81 47.5 0 -0.15
100000 1 81 47.5 0 -0.3
100000 1 81 47.5 0 0.3
100000 1 81 52.5 -10 10
100000 1 81 52.5 -10 -0.375
100000 1 81 52.5 -10 -0.075
100000 1 81 52.5 -10 -0.225
100000 1 81 52.5 -10 0.375
100000 1 81 52.5 6.8 10
100000 1 81 52.5 6.8 -0.375
100000 1 81 52.5 6.8 -0.075
100000 1 81 52.5 6.8 -0.225
100000 1 81 52.5 6.8 0.375
100000 1 81 52.5 7.6 10
100000 1 81 52.5 7.6 -0.375
100000 1 81 52.5 7.6 -0.075
100000 1 81 52.5 7.6 -0.225
100000 1 81 52.5 7.6 0.375
100000 1 81 52.5 7.2 10
100000 1 81 52.5 7.2 -0.375
100000 1 81 52.5 7.2 -0.075
100000 1 81 52.5 7.2 -0.225
100000 1 81 52.5 7.2 0.375
100000 1 81 52.5 8.8 10
100000 1 81 52.5 8.8 -0.375
100000 1 81 52.5 8.8 -0.075
100000 1 81 52.5 8.8 -0.225
100000 1 81 52.5 8.8 0.375
100000 1 81 52.5 8 10
100000 1 81 52.5 8 -0.375
100000 1 81 52.5 8 -0.075
100000 1 81 52.5 8 -0.225
100000 1 81 52.5 8 0.375
100000 1 81 52.5 6.4 10
100000 1 81 52.5 6.4 -0.375
100000 1 81 52.5 6.4 -0.075
100000 1 81 52.5 6.4 -0.225
100000 1 81 52.5 6.4 0.375
100000 1 81 52.5 4.8 10
100000 1 81 52.5 4.8 -0.375
100000 1 81 52.5 4.8 -0.075
100000 1 81 52.5 4.8 -0.225
100000 1 81 52.5 4.8 0.375
100000 1 81 52.5 3.2 10
100000 1 81 52.5 3.2 -0.375
100000 1 81 52.5 3.2 -0.075
100000 1 81 52.5 3.2 -0.225
100000 1 81 52.5 3.2 0.375
100000 1 81 52.5 1.6 10
100000 1 81 52.5 1.6 -0.375
100000 1 81 52.5 1.6 -0.075
100000 1 81 52.5 1.6 -0.225
100000 1 81 52.5 1.6 0.375
100000 1 81 52.5 0 10
100000 1 81 52.5 0 -0.45
100000 1 81 52.5 0 -0.15
100000 1 81 52.5 0 -0.3
100000 1 81 52.5 0 0.3
100000 1 81 50 -10 10
100000 1 81 50 -10 -0.375
100000 1 81 50 -10 -0.075
100000 1 81 50 -10 -0.225
100000 1 81 50 -10 0.375
100000 1 81 50 6.8 10
100000 1 81 50 6.8 -0.375
100000 1 81 50 6.8 -0.075
100000 1 81 50 6.8 -0.225
100000 1 81 50 6.8 0.375
100000 1 81 50 7.6 10
100000 1 81 50 7.6 -0.375
100000 1 81 50 7.6 -0.075
100000 1 81 50 7.6 -0.225
100000 1 81 50 7.6 0.375
100000 1 81 50 7.2 10
100000 1 81 50 7.2 -0.375
100000 1 81 50 7.2 -0.075
100000 1 81 50 7.2 -0.225
100000 1 81 50 7.2 0.375
100000 1 81 50 8.8 10
100000 1 81 50 8.8 -0.375
100000 1 81 50 8.8 -0.075
100000 1 81 50 8.8 -0.225
100000 1 81 50 8.8 0.375
100000 1 81 50 8 10
100000 1 81 50 8 -0.375
100000 1 81 50 8 -0.075
100000 1 81 50 8 -0.225
100000 1 81 50 8 0.375
100000 1 81 50 6.4 10
100000 1 81 50 6.4 -0.375
100000 1 81 50 6.4 -0.075
100000 1 81 50 6.4 -0.225
100000 1 81 50 6.4 0.375
100000 1 81 50 4.8 10
100000 1 81 50 4.8 -0.375
100000 1 81 50 4.8 -0.075
100000 1 81 50 4.8 -0.225
100000 1 81 50 4.8 0.375
100000 1 81 50 3.2 10
100000 1 81 50 3.2 -0.375
100000 1 81 50 3.2 -0.075
100000 1 81 50 3.2 -0.225
100000 1 81 50 3.2 0.375
100000 1 81 50 1.6 10
100000 1 81 50 1.6 -0.375
100000 1 81 50 1.6 -0.075
100000 1 81 50 1.6 -0.225
100000 1 81 50 1.6 0.375
100000 1 81 50 0 10
100000 1 81 50 0 -0.45
100000 1 81 50 0 -0.15
100000 1 81 50 0 -0.3
100000 1 81 50 0 0.3
100000 1 81 60 -10 10
100000 1 81 60 -10 -0.375
100000 1 81 60 -10 -0.075
100000 1 81 60 -10 -0.225
100000 1 81 60 -10 0.375
100000 1 81 60 6.8 10
100000 1 81 60 6.8 -0.375
100000 1 81 60 6.8 -0.075
100000 1 81 60 6.8 -0.225
100000 1 81 60 6.8 0.375
100000 1 81 60 7.6 10
100000 1 81 60 7.6 -0.375
100000 1 81 60 7.6 -0.075
100000 1 81 60 7.6 -0.225
100000 1 81 60 7.6 0.375
100000 1 81 60 7.2 10
100000 1 81 60 7.2 -0.375
100000 1 81 60 7.2 -0.075
100000 1 81 60 7.2 -0.225
100000 1 81 60 7.2 0.375
100000 1 81 60 8.8 10
100000 1 81 60 8.8 -0.375
100000 1 81 60 8.8 -0.075
100000 1 81 60 8.8 -0.225
100000 1 81 60 8.8 0.375
100000 1 81 60 8 10
100000 1 81 60 8 -0.375
100000 1 81 60 8 -0.075
100000 1 81 60 8 -0.225
100000 1 81 60 8 0.375
100000 1 81 60 6.4 10
100000 1 81 60 6.4 -0.375
100000 1 81 60 6.4 -0.075
100000 1 81 60 6.4 -0.225
100000 1 81 60 6.4 0.375
100000 1 81 60 4.8 10
100000 1 81 60 4.8 -0.375
100000 1 81 60 4.8 -0.075
100000 1 81 60 4.8 -0.225
100000 1 81 60 4.8 0.375
100000 1 81 60 3.2 10
100000 1 81 60 3.2 -0.375
100000 1 81 60 3.2 -0.075
100000 1 81 60 3.2 -0.225
100000 1 81 60 3.2 0.375
100000 1 81 60 1.6 10
100000 1 81 60 1.6 -0.375
100000 1 81 60 1.6 -0.075
100000 1 81 60 1.6 -0.225
100000 1 81 60 1.6 0.375
100000 1 81 60 0 10
100000 1 81 60 0 -0.45
100000 1 81 60 0 -0.15
100000 1 81 60 0 -0.3
100000 1 81 60 0 0.3
100000 1 81 55 -10 10
100000 1 81 55 -10 -0.375
100000 1 81 55 -10 -0.075
100000 1 81 55 -10 -0.225
100000 1 81 55 -10 0.375
100000 1 81 55 6.8 10
100000 1 81 55 6.8 -0.375
100000 1 81 55 6.8 -0.075
100000 1 81 55 6.8 -0.225
100000 1 81 55 6.8 0.375
100000 1 81 55 7.6 10
100000 1 81 55 7.6 -0.375
100000 1 81 55 7.6 -0.075
100000 1 81 55 7.6 -0.225
100000 1 81 55 7.6 0.375
100000 1 81 55 7.2 10
100000 1 81 55 7.2 -0.375
100000 1 81 55 7.2 -0.075
100000 1 81 55 7.2 -0.225
100000 1 81 55 7.2 0.375
100000 1 81 55 8.8 10
100000 1 81 55 8.8 -0.375
100000 1 81 55 8.8 -0.075
100000 1 81 55 8.8 -0.225
100000 1 81 55 8.8 0.375
100000 1 81 55 8 10
100000 1 81 55 8 -0.375
100000 1 81 55 8 -0.075
100000 1 81 55 8 -0.225
100000 1 81 55 8 0.375
100000 1 81 55 6.4 10
100000 1 81 55 6.4 -0.375
100000 1 81 55 6.4 -0.075
100000 1 81 55 6.4 -0.225
100000 1 81 55 6.4 0.375
100000 1 81 55 4.8 10
100000 1 81 55 4.8 -0.375
100000 1 81 55 4.8 -0.075
100000 1 81 55 4.8 -0.225
100000 1 81 55 4.8 0.375
100000 1 81 55 3.2 10
100000 1 81 55 3.2 -0.375
100000 1 81 55 3.2 -0.075
100000 1 81 55 3.2 -0.225
100000 1 81 55 3.2 0.375
100000 1 81 55 1.6 10
100000 1 81 55 1.6 -0.375
100000 1 81 55 1.6 -0.075
100000 1 81 55 1.6 -0.225
100000 1 81 55 1.6 0.375
100000 1 81 55 0 10
100000 1 81 55 0 -0.45
100000 1 81 55 0 -0.15
100000 1 81 55 0 -0.3
100000 1 81 55 0 0.3
100000 1 81 45 -10 10
100000 1 81 45 -10 -0.375
100000 1 81 45 -10 -0.075
100000 1 81 45 -10 -0.225
100000 1 81 45 -10 0.375
100000 1 81 45 6.8 10
100000 1 81 45 6.8 -0.375
100000 1 81 45 6.8 -0.075
100000 1 81 45 6.8 -0.225
100000 1 81 45 6.8 0.375
100000 1 81 45 7.6 10
100000 1 81 45 7.6 -0.375
100000 1 81 45 7.6 -0.075
100000 1 81 45 7.6 -0.225
100000 1 81 45 7.6 0.375
100000 1 81 45 7.2 10
100000 1 81 45 7.2 -0.375
100000 1 81 45 7.2 -0.075
100000 1 81 45 7.2 -0.225
100000 1 81 45 7.2 0.375
100000 1 81 45 8.8 10
100000 1 81 45 8.8 -0.375
100000 1 81 45 8.8 -0.075
100000 1 81 45 8.8 -0.225
100000 1 81 45 8.8 0.375
100000 1 81 45 8 10
100000 1 81 45 8 -0.375
100000 1 81 45 8 -0.075
100000 1 81 45 8 -0.225
100000 1 81 45 8 0.375
100000 1 81 45 6.4 10
100000 1 81 45 6.4 -0.375
100000 1 81 45 6.4 -0.075
100000 1 81 45 6.4 -0.225
100000 1 81 45 6.4 0.375
100000 1 81 45 4.8 10
100000 1 81 45 4.8 -0.375
100000 1 81 45 4.8 -0.075
100000 1 81 45 4.8 -0.225
100000 1 81 45 4.8 0.375
100000 1 81 45 3.2 10
100000 1 81 45 3.2 -0.375
100000 1 81 45 3.2 -0.075
100000 1 81 45 3.2 -0.225
100000 1 81 45 3.2 0.375
100000 1 81 45 1.6 10
100000 1 81 45 1.6 -0.375
100000 1 81 45 1.6 -0.075
100000 1 81 45 1.6 -0.225
100000 1 81 45 1.6 0.375
100000 1 81 45 0 10
100000 1 81 45 0 -0.45
100000 1 81 45 0 -0.15
100000 1 81 45 0 -0.3
100000 1 81 45 0 0.3
100000 1 81 35 -10 10
100000 1 81 35 -10 -0.375
100000 1 81 35 -10 -0.075
100000 1 81 35 -10 -0.225
100000 1 81 35 -10 0.375
100000 1 81 35 6.8 10
100000 1 81 35 6.8 -0.375
100000 1 81 35 6.8 -0.075
100000 1 81 35 6.8 -0.225
100000 1 81 35 6.8 0.375
100000 1 81 35 7.6 10
100000 1 81 35 7.6 -0.375
100000 1 81 35 7.6 -0.075
100000 1 81 35 7.6 -0.225
100000 1 81 35 7.6 0.375
100000 1 81 35 7.2 10
100000 1 81 35 7.2 -0.375
100000 1 81 35 7.2 -0.075
100000 1 81 35 7.2 -0.225
100000 1 81 35 7.2 0.375
100000 1 81 35 8.8 10
100000 1 81 35 8.8 -0.375
100000 1 81 35 8.8 -0.075
100000 1 81 35 8.8 -0.225
100000 1 81 35 8.8 0.375
100000 1 81 35 8 10
100000 1 81 35 8 -0.375
100000 1 81 35 8 -0.075
100000 1 81 35 8 -0.225
100000 1 81 35 8 0.375
100000 1 81 35 6.4 10
100000 1 81 35 6.4 -0.375
100000 1 81 35 6.4 -0.075
100000 1 81 35 6.4 -0.225
100000 1 81 35 6.4 0.375
100000 1 81 35 4.8 10
100000 1 81 35 4.8 -0.375
100000 1 81 35 4.8 -0.075
100000 1 81 35 4.8 -0.225
100000 1 81 35 4.8 0.375
100000 1 81 35 3.2 10
100000 1 81 35 3.2 -0.375
100000 1 81 35 3.2 -0.075
100000 1 81 35 3.2 -0.225
100000 1 81 35 3.2 0.375
100000 1 81 35 1.6 10
100000 1 81 35 1.6 -0.375
100000 1 81 35 1.6 -0.075
100000 1 81 35 1.6 -0.225
100000 1 81 35 1.6 0.375
100000 1 81 35 0 10
100000 1 81 35 0 -0.45
100000 1 81 35 0 -0.15
100000 1 81 35 0 -0.3
100000 1 81 35 0 0.3
100000 1 81 25 -10 10
100000 1 81 25 -10 -0.375
100000 1 81 25 -10 -0.075
100000 1 81 25 -10 -0.225
100000 1 81 25 -10 0.375
100000 1 81 25 6.8 10
100000 1 81 25 6.8 -0.375
100000 1 81 25 6.8 -0.075
100000 1 81 25 6.8 -0.225
100000 1 81 25 6.8 0.375
100000 1 81 25 7.6 10
100000 1 81 25 7.6 -0.375
100000 1 81 25 7.6 -0.075
100000 1 81 25 7.6 -0.225
100000 1 81 25 7.6 0.375
100000 1 81 25 7.2 10
100000 1 81 25 7.2 -0.375
100000 1 81 25 7.2 -0.075
100000 1 81 25 7.2 -0.225
100000 1 81 25 7.2 0.375
100000 1 81 25 8.8 10
100000 1 81 25 8.8 -0.375
100000 1 81 25 8.8 -0.075
100000 1 81 25 8.8 -0.225
100000 1 81 25 8.8 0.375
100000 1 81 25 8 10
100000 1 81 25 8 -0.375
100000 1 81 25 8 -0.075
100000 1 81 25 8 -0.225
100000 1 81 25 8 0.375
100000 1 81 25 6.4 10
100000 1 81 25 6.4 -0.375
100000 1 81 25 6.4 -0.075
100000 1 81 25 6.4 -0.225
100000 1 81 25 6.4 0.375
100000 1 81 25 4.8 10
100000 1 81 25 4.8 -0.375
100000 1 81 25 4.8 -0.075
100000 1 81 25 4.8 -0.225
100000 1 81 25 4.8 0.375
100000 1 81 25 3.2 10
100000 1 81 25 3.2 -0.375
100000 1 81 25 3.2 -0.075
100000 1 81 25 3.2 -0.225
100000 1 81 25 3.2 0.375
100000 1 81 25 1.6 10
100000 1 81 25 1.6 -0.375
100000 1 81 25 1.6 -0.075
100000 1 81 25 1.6 -0.225
100000 1 81 25 1.6 0.375
100000 1 81 25 0 10
100000 1 81 25 0 -0.45
100000 1 81 25 0 -0.15
100000 1 81 25 0 -0.3
100000 1 81 25 0 0.3
100000 1 81 15 -10 10
100000 1 81 15 -10 -0.375
100000 1 81 15 -10 -0.075
100000 1 81 15 -10 -0.225
100000 1 81 15 -10 0.375
100000 1 81 15 6.8 10
100000 1 81 15 6.8 -0.375
100000 1 81 15 6.8 -0.075
100000 1 81 15 6.8 -0.225
100000 1 81 15 6.8 0.375
100000 1 81 15 7.6 10
100000 1 81 15 7.6 -0.375
100000 1 81 15 7.6 -0.075
100000 1 81 15 7.6 -0.225
100000 1 81 15 7.6 0.375
100000 1 81 15 7.2 10
100000 1 81 15 7.2 -0.375
100000 1 81 15 7.2 -0.075
100000 1 81 15 7.2 -0.225
100000 1 81 15 7.2 0.375
100000 1 81 15 8.8 10
100000 1 81 15 8.8 -0.375
100000 1 81 15 8.8 -0.075
100000 1 81 15 8.8 -0.225
100000 1 81 15 8.8 0.375
100000 1 81 15 8 10
100000 1 81 15 8 -0.375
100000 1 81 15 8 -0.075
100000 1 81 15 8 -0.225
100000 1 81 15 8 0.375
100000 1 81 15 6.4 10
100000 1 81 15 6.4 -0.375
100000 1 81 15 6.4 -0.075
100000 1 81 15 6.4 -0.225
100000 1 81 15 6.4 0.375
100000 1 81 15 4.8 10
100000 1 81 15 4.8 -0.375
100000 1 81 15 4.8 -0.075
100000 1 81 15 4.8 -0.225
100000 1 81 15 4.8 0.375
100000 1 81 15 3.2 10
100000 1 81 15 3.2 -0.375
100000 1 81 15 3.2 -0.075
100000 1 81 15 3.2 -0.225
100000 1 81 15 3.2 0.375
100000 1 81 15 1.6 10
100000 1 81 15 1.6 -0.375
100000 1 81 15 1.6 -0.075
100000 1 81 15 1.6 -0.225
100000 1 81 15 1.6 0.375
100000 1 81 15 0 10
100000 1 81 15 0 -0.45
100000 1 81 15 0 -0.15
100000 1 81 15 0 -0.3
100000 1 81 15 0 0.3
100000 1 81 5 -10 10
100000 1 81 5 -10 -0.375
100000 1 81 5 -10 -0.075
100000 1 81 5 -10 -0.225
100000 1 81 5 -10 0.375
100000 1 81 5 6.8 10
100000 1 81 5 6.8 -0.375
100000 1 81 5 6.8 -0.075
100000 1 81 5 6.8 -0.225
100000 1 81 5 6.8 0.375
100000 1 81 5 7.6 10
100000 1 81 5 7.6 -0.375
100000 1 81 5 7.6 -0.075
100000 1 81 5 7.6 -0.225
100000 1 81 5 7.6 0.375
100000 1 81 5 7.2 10
100000 1 81 5 7.2 -0.375
100000 1 81 5 7.2 -0.075
100000 1 81 5 7.2 -0.225
100000 1 81 5 7.2 0.375
100000 1 81 5 8.8 10
100000 1 81 5 8.8 -0.375
100000 1 81 5 8.8 -0.075
100000 1 81 5 8.8 -0.225
100000 1 81 5 8.8 0.375
100000 1 81 5 8 10
100000 1 81 5 8 -0.375
100000 1 81 5 8 -0.075
100000 1 81 5 8 -0.225
100000 1 81 5 8 0.375
100000 1 81 5 6.4 10
100000 1 81 5 6.4 -0.375
100000 1 81 5 6.4 -0.075
100000 1 81 5 6.4 -0.225
100000 1 81 5 6.4 0.375
100000 1 81 5 4.8 10
100000 1 81 5 4.8 -0.375
100000 1 81 5 4.8 -0.075
100000 1 81 5 4.8 -0.225
100000 1 81 5 4.8 0.375
100000 1 81 5 3.2 10
100000 1 81 5 3.2 -0.375
100000 1 81 5 3.2 -0.075
100000 1 81 5 3.2 -0.225
100000 1 81 5 3.2 0.375
100000 1 81 5 1.6 10
100000 1 81 5 1.6 -0.375
100000 1 81 5 1.6 -0.075
100000 1 81 5 1.6 -0.225
100000 1 81 5 1.6 0.375
100000 1 81 5 0 10
100000 1 81 5 0 -0.45
100000 1 81 5 0 -0.15
100000 1 81 5 0 -0.3
100000 1 81 5 0 0.3
100000 1 87 100 -10 10
100000 1 87 100 -10 -0.375
100000 1 87 100 -10 -0.075
100000 1 87 100 -10 -0.225
100000 1 87 100 -10 0.375
100000 1 87 100 6.8 10
100000 1 87 100 6.8 -0.375
100000 1 87 100 6.8 -0.075
100000 1 87 100 6.8 -0.225
100000 1 87 100 6.8 0.375
100000 1 87 100 7.6 10
100000 1 87 100 7.6 -0.375
100000 1 87 100 7.6 -0.075
100000 1 87 100 7.6 -0.225
100000 1 87 100 7.6 0.375
100000 1 87 100 7.2 10
100000 1 87 100 7.2 -0.375
100000 1 87 100 7.2 -0.075
100000 1 87 100 7.2 -0.225
100000 1 87 100 7.2 0.375
100000 1 87 100 8.8 10
100000 1 87 100 8.8 -0.375
100000 1 87 100 8.8 -0.075
100000 1 87 100 8.8 -0.225
100000 1 87 100 8.8 0.375
100000 1 87 100 8 10
100000 1 87 100 8 -0.375
100000 1 87 100 8 -0.075
100000 1 87 100 8 -0.225
100000 1 87 100 8 0.375
100000 1 87 100 6.4 10
100000 1 87 100 6.4 -0.375
100000 1 87 100 6.4 -0.075
100000 1 87 100 6.4 -0.225
100000 1 87 100 6.4 0.375
100000 1 87 100 4.8 10
100000 1 87 100 4.8 -0.375
100000 1 87 100 4.8 -0.075
100000 1 87 100 4.8 -0.225
100000 1 87 100 4.8 0.375
100000 1 87 100 3.2 10
100000 1 87 100 3.2 -0.375
100000 1 87 100 3.2 -0.075
100000 1 87 100 3.2 -0.225
100000 1 87 100 3.2 0.375
100000 1 87 100 1.6 10
100000 1 87 100 1.6 -0.375
100000 1 87 100 1.6 -0.075
100000 1 87 100 1.6 -0.225
100000 1 87 100 1.6 0.375
100000 1 87 100 0 10
100000 1 87 100 0 -0.45
100000 1 87 100 0 -0.15
100000 1 87 100 0 -0.3
100000 1 87 100 0 0.3
100000 1 87 47.5 -10 10
100000 1 87 47.5 -10 -0.375
100000 1 87 47.5 -10 -0.075
100000 1 87 47.5 -10 -0.225
100000 1 87 47.5 -10 0.375
100000 1 87 47.5 6.8 10
100000 1 87 47.5 6.8 -0.375
100000 1 87 47.5 6.8 -0.075
100000 1 87 47.5 6.8 -0.225
100000 1 87 47.5 6.8 0.375
100000 1 87 47.5 7.6 10
100000 1 87 47.5 7.6 -0.375
100000 1 87 47.5 7.6 -0.075
100000 1 87 47.5 7.6 -0.225
100000 1 87 47.5 7.6 0.375
100000 1 87 47.5 7.2 10
100000 1 87 47.5 7.2 -0.375
100000 1 87 47.5 7.2 -0.075
100000 1 87 47.5 7.2 -0.225
100000 1 87 47.5 7.2 0.375
100000 1 87 47.5 8.8 10
100000 1 87 47.5 8.8 -0.375
100000 1 87 47.5 8.8 -0.075
100000 1 87 47.5 8.8 -0.225
100000 1 87 47.5 8.8 0.375
100000 1 87 47.5 8 10
100000 1 87 47.5 8 -0.375
100000 1 87 47.5 8 -0.075
100000 1 87 47.5 8 -0.225
100000 1 87 47.5 8 0.375
100000 1 87 47.5 6.4 10
100000 1 87 47.5 6.4 -0.375
100000 1 87 47.5 6.4 -0.075
100000 1 87 47.5 6.4 -0.225
100000 1 87 47.5 6.4 0.375
100000 1 87 47.5 4.8 10
100000 1 87 47.5 4.8 -0.375
100000 1 87 47.5 4.8 -0.075
100000 1 87 47.5 4.8 -0.225
100000 1 87 47.5 4.8 0.375
100000 1 87 47.5 3.2 10
100000 1 87 47.5 3.2 -0.375
100000 1 87 47.5 3.2 -0.075
100000 1 87 47.5 3.2 -0.225
100000 1 87 47.5 3.2 0.375
100000 1 87 47.5 1.6 10
100000 1 87 47.5 1.6 -0.375
100000 1 87 47.5 1.6 -0.075
100000 1 87 47.5 1.6 -0.225
100000 1 87 47.5 1.6 0.375
100000 1 87 47.5 0 10
100000 1 87 47.5 0 -0.45
100000 1 87 47.5 0 -0.15
100000 1 87 47.5 0 -0.3
100000 1 87 47.5 0 0.3
100000 1 87 52.5 -10 10
100000 1 87 52.5 -10 -0.375
100000 1 87 52.5 -10 -0.075
100000 1 87 52.5 -10 -0.225
100000 1 87 52.5 -10 0.375
100000 1 87 52.5 6.8 10
100000 1 87 52.5 6.8 -0.375
100000 1 87 52.5 6.8 -0.075
100000 1 87 52.5 6.8 -0.225
100000 1 87 52.5 6.8 0.375
100000 1 87 52.5 7.6 10
100000 1 87 52.5 7.6 -0.375
100000 1 87 52.5 7.6 -0.075
100000 1 87 52.5 7.6 -0.225
100000 1 87 52.5 7.6 0.375
100000 1 87 52.5 7.2 10
100000 1 87 52.5 7.2 -0.375
100000 1 87 52.5 7.2 -0.075
100000 1 87 52.5 7.2 -0.225
100000 1 87 52.5 7.2 0.375
100000 1 87 52.5 8.8 10
100000 1 87 52.5 8.8 -0.375
100000 1 87 52.5 8.8 -0.075
100000 1 87 52.5 8.8 -0.225
100000 1 87 52.5 8.8 0.375
100000 1 87 52.5 8 10
100000 1 87 52.5 8 -0.375
100000 1 87 52.5 8 -0.075
100000 1 87 52.5 8 -0.225
100000 1 87 52.5 8 0.375
100000 1 87 52.5 6.4 10
100000 1 87 52.5 6.4 -0.375
100000 1 87 52.5 6.4 -0.075
100000 1 87 52.5 6.4 -0.225
100000 1 87 52.5 6.4 0.375
100000 1 87 52.5 4.8 10
100000 1 87 52.5 4.8 -0.375
100000 1 87 52.5 4.8 -0.075
100000 1 87 52.5 4.8 -0.225
100000 1 87 52.5 4.8 0.375
100000 1 87 52.5 3.2 10
100000 1 87 52.5 3.2 -0.375
100000 1 87 52.5 3.2 -0.075
100000 1 87 52.5 3.2 -0.225
100000 1 87 52.5 3.2 0.375
100000 1 87 52.5 1.6 10
100000 1 87 52.5 1.6 -0.375
100000 1 87 52.5 1.6 -0.075
100000 1 87 52.5 1.6 -0.225
100000 1 87 52.5 1.6 0.375
100000 1 87 52.5 0 10
100000 1 87 52.5 0 -0.45
100000 1 87 52.5 0 -0.15
100000 1 87 52.5 0 -0.3
100000 1 87 52.5 0 0.3
100000 1 87 50 -10 10
100000 1 87 50 -10 -0.375
100000 1 87 50 -10 -0.075
100000 1 87 50 -10 -0.225
100000 1 87 50 -10 0.375
100000 1 87 50 6.8 10
100000 1 87 50 6.8 -0.375
100000 1 87 50 6.8 -0.075
100000 1 87 50 6.8 -0.225
100000 1 87 50 6.8 0.375
100000 1 87 50 7.6 10
100000 1 87 50 7.6 -0.375
100000 1 87 50 7.6 -0.075
100000 1 87 50 7.6 -0.225
100000 1 87 50 7.6 0.375
100000 1 87 50 7.2 10
100000 1 87 50 7.2 -0.375
100000 1 87 50 7.2 -0.075
100000 1 87 50 7.2 -0.225
100000 1 87 50 7.2 0.375
100000 1 87 50 8.8 10
100000 1 87 50 8.8 -0.375
100000 1 87 50 8.8 -0.075
100000 1 87 50 8.8 -0.225
100000 1 87 50 8.8 0.375
100000 1 87 50 8 10
100000 1 87 50 8 -0.375
100000 1 87 50 8 -0.075
100000 1 87 50 8 -0.225
100000 1 87 50 8 0.375
100000 1 87 50 6.4 10
100000 1 87 50 6.4 -0.375
100000 1 87 50 6.4 -0.075
100000 1 87 50 6.4 -0.225
100000 1 87 50 6.4 0.375
100000 1 87 50 4.8 10
100000 1 87 50 4.8 -0.375
100000 1 87 50 4.8 -0.075
100000 1 87 50 4.8 -0.225
100000 1 87 50 4.8 0.375
100000 1 87 50 3.2 10
100000 1 87 50 3.2 -0.375
100000 1 87 50 3.2 -0.075
100000 1 87 50 3.2 -0.225
100000 1 87 50 3.2 0.375
100000 1 87 50 1.6 10
100000 1 87 50 1.6 -0.375
100000 1 87 50 1.6 -0.075
100000 1 87 50 1.6 -0.225
100000 1 87 50 1.6 0.375
100000 1 87 50 0 10
100000 1 87 50 0 -0.45
100000 1 87 50 0 -0.15
100000 1 87 50 0 -0.3
100000 1 87 50 0 0.3
100000 1 87 60 -10 10
100000 1 87 60 -10 -0.375
100000 1 87 60 -10 -0.075
100000 1 87 60 -10 -0.225
100000 1 87 60 -10 0.375
100000 1 87 60 6.8 10
100000 1 87 60 6.8 -0.375
100000 1 87 60 6.8 -0.075
100000 1 87 60 6.8 -0.225
100000 1 87 60 6.8 0.375
100000 1 87 60 7.6 10
100000 1 87 60 7.6 -0.375
100000 1 87 60 7.6 -0.075
100000 1 87 60 7.6 -0.225
100000 1 87 60 7.6 0.375
100000 1 87 60 7.2 10
100000 1 87 60 7.2 -0.375
100000 1 87 60 7.2 -0.075
100000 1 87 60 7.2 -0.225
100000 1 87 60 7.2 0.375
100000 1 87 60 8.8 10
100000 1 87 60 8.8 -0.375
100000 1 87 60 8.8 -0.075
100000 1 87 60 8.8 -0.225
100000 1 87 60 8.8 0.375
100000 1 87 60 8 10
100000 1 87 60 8 -0.375
100000 1 87 60 8 -0.075
100000 1 87 60 8 -0.225
100000 1 87 60 8 0.375
100000 1 87 60 6.4 10
100000 1 87 60 6.4 -0.375
100000 1 87 60 6.4 -0.075
100000 1 87 60 6.4 -0.225
100000 1 87 60 6.4 0.375
100000 1 87 60 4.8 10
100000 1 87 60 4.8 -0.375
100000 1 87 60 4.8 -0.075
100000 1 87 60 4.8 -0.225
100000 1 87 60 4.8 0.375
100000 1 87 60 3.2 10
100000 1 87 60 3.2 -0.375
100000 1 87 60 3.2 -0.075
100000 1 87 60 3.2 -0.225
100000 1 87 60 3.2 0.375
100000 1 87 60 1.6 10
100000 1 87 60 1.6 -0.375
100000 1 87 60 1.6 -0.075
100000 1 87 60 1.6 -0.225
100000 1 87 60 1.6 0.375
100000 1 87 60 0 10
100000 1 87 60 0 -0.45
100000 1 87 60 0 -0.15
100000 1 87 60 0 -0.3
100000 1 87 60 0 0.3
100000 1 87 55 -10 10
100000 1 87 55 -10 -0.375
100000 1 87 55 -10 -0.075
100000 1 87 55 -10 -0.225
100000 1 87 55 -10 0.375
100000 1 87 55 6.8 10
100000 1 87 55 6.8 -0.375
100000 1 87 55 6.8 -0.075
100000 1 87 55 6.8 -0.225
100000 1 87 55 6.8 0.375
100000 1 87 55 7.6 10
100000 1 87 55 7.6 -0.375
100000 1 87 55 7.6 -0.075
100000 1 87 55 7.6 -0.225
100000 1 87 55 7.6 0.375
100000 1 87 55 7.2 10
100000 1 87 55 7.2 -0.375
100000 1 87 55 7.2 -0.075
100000 1 87 55 7.2 -0.225
100000 1 87 55 7.2 0.375
100000 1 87 55 8.8 10
100000 1 87 55 8.8 -0.375
100000 1 87 55 8.8 -0.075
100000 1 87 55 8.8 -0.225
100000 1 87 55 8.8 0.375
100000 1 87 55 8 10
100000 1 87 55 8 -0.375
100000 1 87 55 8 -0.075
100000 1 87 55 8 -0.225
100000 1 87 55 8 0.375
100000 1 87 55 6.4 10
100000 1 87 55 6.4 -0.375
100000 1 87 55 6.4 -0.075
100000 1 87 55 6.4 -0.225
100000 1 87 55 6.4 0.375
100000 1 87 55 4.8 10
100000 1 87 55 4.8 -0.375
100000 1 87 55 4.8 -0.075
100000 1 87 55 4.8 -0.225
100000 1 87 55 4.8 0.375
100000 1 87 55 3.2 10
100000 1 87 55 3.2 -0.375
100000 1 87 55 3.2 -0.075
100000 1 87 55 3.2 -0.225
100000 1 87 55 3.2 0.375
100000 1 87 55 1.6 10
100000 1 87 55 1.6 -0.375
100000 1 87 55 1.6 -0.075
100000 1 87 55 1.6 -0.225
100000 1 87 55 1.6 0.375
100000 1 87 55 0 10
100000 1 87 55 0 -0.45
100000 1 87 55 0 -0.15
100000 1 87 55 0 -0.3
100000 1 87 55 0 0.3
100000 1 87 45 -10 10
100000 1 87 45 -10 -0.375
100000 1 87 45 -10 -0.075
100000 1 87 45 -10 -0.225
100000 1 87 45 -10 0.375
100000 1 87 45 6.8 10
100000 1 87 45 6.8 -0.375
100000 1 87 45 6.8 -0.075
100000 1 87 45 6.8 -0.225
100000 1 87 45 6.8 0.375
100000 1 87 45 7.6 10
100000 1 87 45 7.6 -0.375
100000 1 87 45 7.6 -0.075
100000 1 87 45 7.6 -0.225
100000 1 87 45 7.6 0.375
100000 1 87 45 7.2 10
100000 1 87 45 7.2 -0.375
100000 1 87 45 7.2 -0.075
100000 1 87 45 7.2 -0.225
100000 1 87 45 7.2 0.375
100000 1 87 45 8.8 10
100000 1 87 45 8.8 -0.375
100000 1 87 45 8.8 -0.075
100000 1 87 45 8.8 -0.225
100000 1 87 45 8.8 0.375
100000 1 87 45 8 10
100000 1 87 45 8 -0.375
100000 1 87 45 8 -0.075
100000 1 87 45 8 -0.225
100000 1 87 45 8 0.375
100000 1 87 45 6.4 10
100000 1 87 45 6.4 -0.375
100000 1 87 45 6.4 -0.075
100000 1 87 45 6.4 -0.225
100000 1 87 45 6.4 0.375
100000 1 87 45 4.8 10
100000 1 87 45 4.8 -0.375
100000 1 87 45 4.8 -0.075
100000 1 87 45 4.8 -0.225
100000 1 87 45 4.8 0.375
100000 1 87 45 3.2 10
100000 1 87 45 3.2 -0.375
100000 1 87 45 3.2 -0.075
100000 1 87 45 3.2 -0.225
100000 1 87 45 3.2 0.375
100000 1 87 45 1.6 10
100000 1 87 45 1.6 -0.375
100000 1 87 45 1.6 -0.075
100000 1 87 45 1.6 -0.225
100000 1 87 45 1.6 0.375
100000 1 87 45 0 10
100000 1 87 45 0 -0.45
100000 1 87 45 0 -0.15
100000 1 87 45 0 -0.3
100000 1 87 45 0 0.3
100000 1 87 35 -10 10
100000 1 87 35 -10 -0.375
100000 1 87 35 -10 -0.075
100000 1 87 35 -10 -0.225
100000 1 87 35 -10 0.375
100000 1 87 35 6.8 10
100000 1 87 35 6.8 -0.375
100000 1 87 35 6.8 -0.075
100000 1 87 35 6.8 -0.225
100000 1 87 35 6.8 0.375
100000 1 87 35 7.6 10
100000 1 87 35 7.6 -0.375
100000 1 87 35 7.6 -0.075
100000 1 87 35 7.6 -0.225
100000 1 87 35 7.6 0.375
100000 1 87 35 7.2 10
100000 1 87 35 7.2 -0.375
100000 1 87 35 7.2 -0.075
100000 1 87 35 7.2 -0.225
100000 1 87 35 7.2 0.375
100000 1 87 35 8.8 10
100000 1 87 35 8.8 -0.375
100000 1 87 35 8.8 -0.075
100000 1 87 35 8.8 -0.225
100000 1 87 35 8.8 0.375
100000 1 87 35 8 10
100000 1 87 35 8 -0.375
100000 1 87 35 8 -0.075
100000 1 87 35 8 -0.225
100000 1 87 35 8 0.375
100000 1 87 35 6.4 10
100000 1 87 35 6.4 -0.375
100000 1 87 35 6.4 -0.075
100000 1 87 35 6.4 -0.225
100000 1 87 35 6.4 0.375
100000 1 87 35 4.8 10
100000 1 87 35 4.8 -0.375
100000 1 87 35 4.8 -0.075
100000 1 87 35 4.8 -0.225
100000 1 87 35 4.8 0.375
100000 1 87 35 3.2 10
100000 1 87 35 3.2 -0.375
100000 1 87 35 3.2 -0.075
100000 1 87 35 3.2 -0.225
100000 1 87 35 3.2 0.375
100000 1 87 35 1.6 10
100000 1 87 35 1.6 -0.375
100000 1 87 35 1.6 -0.075
100000 1 87 35 1.6 -0.225
100000 1 87 35 1.6 0.375
100000 1 87 35 0 10
100000 1 87 35 0 -0.45
100000 1 87 35 0 -0.15
100000 1 87 35 0 -0.3
100000 1 87 35 0 0.3
100000 1 87 25 -10 10
100000 1 87 25 -10 -0.375
100000 1 87 25 -10 -0.075
100000 1 87 25 -10 -0.225
100000 1 87 25 -10 0.375
100000 1 87 25 6.8 10
100000 1 87 25 6.8 -0.375
100000 1 87 25 6.8 -0.075
100000 1 87 25 6.8 -0.225
100000 1 87 25 6.8 0.375
100000 1 87 25 7.6 10
100000 1 87 25 7.6 -0.375
100000 1 87 25 7.6 -0.075
100000 1 87 25 7.6 -0.225
100000 1 87 25 7.6 0.375
100000 1 87 25 7.2 10
100000 1 87 25 7.2 -0.375
100000 1 87 25 7.2 -0.075
100000 1 87 25 7.2 -0.225
100000 1 87 25 7.2 0.375
100000 1 87 25 8.8 10
100000 1 87 25 8.8 -0.375
100000 1 87 25 8.8 -0.075
100000 1 87 25 8.8 -0.225
100000 1 87 25 8.8 0.375
100000 1 87 25 8 10
100000 1 87 25 8 -0.375
100000 1 87 25 8 -0.075
100000 1 87 25 8 -0.225
100000 1 87 25 8 0.375
100000 1 87 25 6.4 10
100000 1 87 25 6.4 -0.375
100000 1 87 25 6.4 -0.075
100000 1 87 25 6.4 -0.225
100000 1 87 25 6.4 0.375
100000 1 87 25 4.8 10
100000 1 87 25 4.8 -0.375
100000 1 87 25 4.8 -0.075
100000 1 87 25 4.8 -0.225
100000 1 87 25 4.8 0.375
100000 1 87 25 3.2 10
100000 1 87 25 3.2 -0.375
100000 1 87 25 3.2 -0.075
100000 1 87 25 3.2 -0.225
100000 1 87 25 3.2 0.375
100000 1 87 25 1.6 10
100000 1 87 25 1.6 -0.375
100000 1 87 25 1.6 -0.075
100000 1 87 25 1.6 -0.225
100000 1 87 25 1.6 0.375
100000 1 87 25 0 10
100000 1 87 25 0 -0.45
100000 1 87 25 0 -0.15
100000 1 87 25 0 -0.3
100000 1 87 25 0 0.3
100000 1 87 15 -10 10
100000 1 87 15 -10 -0.375
100000 1 87 15 -10 -0.075
100000 1 87 15 -10 -0.225
100000 1 87 15 -10 0.375
100000 1 87 15 6.8 10
100000 1 87 15 6.8 -0.375
100000 1 87 15 6.8 -0.075
100000 1 87 15 6.8 -0.225
100000 1 87 15 6.8 0.375
100000 1 87 15 7.6 10
100000 1 87 15 7.6 -0.375
100000 1 87 15 7.6 -0.075
100000 1 87 15 7.6 -0.225
100000 1 87 15 7.6 0.375
100000 1 87 15 7.2 10
100000 1 87 15 7.2 -0.375
100000 1 87 15 7.2 -0.075
100000 1 87 15 7.2 -0.225
100000 1 87 15 7.2 0.375
100000 1 87 15 8.8 10
100000 1 87 15 8.8 -0.375
100000 1 87 15 8.8 -0.075
100000 1 87 15 8.8 -0.225
100000 1 87 15 8.8 0.375
100000 1 87 15 8 10
100000 1 87 15 8 -0.375
100000 1 87 15 8 -0.075
100000 1 87 15 8 -0.225
100000 1 87 15 8 0.375
100000 1 87 15 6.4 10
100000 1 87 15 6.4 -0.375
100000 1 87 15 6.4 -0.075
100000 1 87 15 6.4 -0.225
100000 1 87 15 6.4 0.375
100000 1 87 15 4.8 10
100000 1 87 15 4.8 -0.375
100000 1 87 15 4.8 -0.075
100000 1 87 15 4.8 -0.225
100000 1 87 15 4.8 0.375
100000 1 87 15 3.2 10
100000 1 87 15 3.2 -0.375
100000 1 87 15 3.2 -0.075
100000 1 87 15 3.2 -0.225
100000 1 87 15 3.2 0.375
100000 1 87 15 1.6 10
100000 1 87 15 1.6 -0.375
100000 1 87 15 1.6 -0.075
100000 1 87 15 1.6 -0.225
100000 1 87 15 1.6 0.375
100000 1 87 15 0 10
100000 1 87 15 0 -0.45
100000 1 87 15 0 -0.15
100000 1 87 15 0 -0.3
100000 1 87 15 0 0.3
100000 1 87 5 -10 10
100000 1 87 5 -10 -0.375
100000 1 87 5 -10 -0.075
100000 1 87 5 -10 -0.225
100000 1 87 5 -10 0.375
100000 1 87 5 6.8 10
100000 1 87 5 6.8 -0.375
100000 1 87 5 6.8 -0.075
100000 1 87 5 6.8 -0.225
100000 1 87 5 6.8 0.375
100000 1 87 5 7.6 10
100000 1 87 5 7.6 -0.375
100000 1 87 5 7.6 -0.075
100000 1 87 5 7.6 -0.225
100000 1 87 5 7.6 0.375
100000 1 87 5 7.2 10
100000 1 87 5 7.2 -0.375
100000 1 87 5 7.2 -0.075
100000 1 87 5 7.2 -0.225
100000 1 87 5 7.2 0.375
100000 1 87 5 8.8 10
100000 1 87 5 8.8 -0.375
100000 1 87 5 8.8 -0.075
100000 1 87 5 8.8 -0.225
100000 1 87 5 8.8 0.375
100000 1 87 5 8 10
100000 1 87 5 8 -0.375
100000 1 87 5 8 -0.075
100000 1 87 5 8 -0.225
100000 1 87 5 8 0.375
100000 1 87 5 6.4 10
100000 1 87 5 6.4 -0.375
100000 1 87 5 6.4 -0.075
100000 1 87 5 6.4 -0.225
100000 1 87 5 6.4 0.375
100000 1 87 5 4.8 10
100000 1 87 5 4.8 -0.375
100000 1 87 5 4.8 -0.075
100000 1 87 5 4.8 -0.225
100000 1 87 5 4.8 0.375
100000 1 87 5 3.2 10
100000 1 87 5 3.2 -0.375
100000 1 87 5 3.2 -0.075
100000 1 87 5 3.2 -0.225
100000 1 87 5 3.2 0.375
100000 1 87 5 1.6 10
100000 1 87 5 1.6 -0.375
100000 1 87 5 1.6 -0.075
100000 1 87 5 1.6 -0.225
100000 1 87 5 1.6 0.375
100000 1 87 5 0 10
100000 1 87 5 0 -0.45
100000 1 87 5 0 -0.15
100000 1 87 5 0 -0.3
100000 1 87 5 0 0.3
100000 1 84 100 -10 10
100000 1 84 100 -10 -0.375
100000 1 84 100 -10 -0.075
100000 1 84 100 -10 -0.225
100000 1 84 100 -10 0.375
100000 1 84 100 6.8 10
100000 1 84 100 6.8 -0.375
100000 1 84 100 6.8 -0.075
100000 1 84 100 6.8 -0.225
100000 1 84 100 6.8 0.375
100000 1 84 100 7.6 10
100000 1 84 100 7.6 -0.375
100000 1 84 100 7.6 -0.075
100000 1 84 100 7.6 -0.225
100000 1 84 100 7.6 0.375
100000 1 84 100 7.2 10
100000 1 84 100 7.2 -0.375
100000 1 84 100 7.2 -0.075
100000 1 84 100 7.2 -0.225
100000 1 84 100 7.2 0.375
100000 1 84 100 8.8 10
100000 1 84 100 8.8 -0.375
100000 1 84 100 8.8 -0.075
100000 1 84 100 8.8 -0.225
100000 1 84 100 8.8 0.375
100000 1 84 100 8 10
100000 1 84 100 8 -0.375
100000 1 84 100 8 -0.075
100000 1 84 100 8 -0.225
100000 1 84 100 8 0.375
100000 1 84 100 6.4 10
100000 1 84 100 6.4 -0.375
100000 1 84 100 6.4 -0.075
100000 1 84 100 6.4 -0.225
100000 1 84 100 6.4 0.375
100000 1 84 100 4.8 10
100000 1 84 100 4.8 -0.375
100000 1 84 100 4.8 -0.075
100000 1 84 100 4.8 -0.225
100000 1 84 100 4.8 0.375
100000 1 84 100 3.2 10
100000 1 84 100 3.2 -0.375
100000 1 84 100 3.2 -0.075
100000 1 84 100 3.2 -0.225
100000 1 84 100 3.2 0.375
100000 1 84 100 1.6 10
100000 1 84 100 1.6 -0.375
100000 1 84 100 1.6 -0.075
100000 1 84 100 1.6 -0.225
100000 1 84 100 1.6 0.375
100000 1 84 100 0 10
100000 1 84 100 0 -0.45
100000 1 84 100 0 -0.15
100000 1 84 100 0 -0.3
100000 1 84 100 0 0.3
100000 1 84 47.5 -10 10
100000 1 84 47.5 -10 -0.375
100000 1 84 47.5 -10 -0.075
100000 1 84 47.5 -10 -0.225
100000 1 84 47.5 -10 0.375
100000 1 84 47.5 6.8 10
100000 1 84 47.5 6.8 -0.375
100000 1 84 47.5 6.8 -0.075
100000 1 84 47.5 6.8 -0.225
100000 1 84 47.5 6.8 0.375
100000 1 84 47.5 7.6 10
100000 1 84 47.5 7.6 -0.375
100000 1 84 47.5 7.6 -0.075
100000 1 84 47.5 7.6 -0.225
100000 1 84 47.5 7.6 0.375
100000 1 84 47.5 7.2 10
100000 1 84 47.5 7.2 -0.375
100000 1 84 47.5 7.2 -0.075
100000 1 84 47.5 7.2 -0.225
100000 1 84 47.5 7.2 0.375
100000 1 84 47.5 8.8 10
100000 1 84 47.5 8.8 -0.375
100000 1 84 47.5 8.8 -0.075
100000 1 84 47.5 8.8 -0.225
100000 1 84 47.5 8.8 0.375
100000 1 84 47.5 8 10
100000 1 84 47.5 8 -0.375
100000 1 84 47.5 8 -0.075
100000 1 84 47.5 8 -0.225
100000 1 84 47.5 8 0.375
100000 1 84 47.5 6.4 10
100000 1 84 47.5 6.4 -0.375
100000 1 84 47.5 6.4 -0.075
100000 1 84 47.5 6.4 -0.225
100000 1 84 47.5 6.4 0.375
100000 1 84 47.5 4.8 10
100000 1 84 47.5 4.8 -0.375
100000 1 84 47.5 4.8 -0.075
100000 1 84 47.5 4.8 -0.225
100000 1 84 47.5 4.8 0.375
100000 1 84 47.5 3.2 10
100000 1 84 47.5 3.2 -0.375
100000 1 84 47.5 3.2 -0.075
100000 1 84 47.5 3.2 -0.225
100000 1 84 47.5 3.2 0.375
100000 1 84 47.5 1.6 10
100000 1 84 47.5 1.6 -0.375
100000 1 84 47.5 1.6 -0.075
100000 1 84 47.5 1.6 -0.225
100000 1 84 47.5 1.6 0.375
100000 1 84 47.5 0 10
100000 1 84 47.5 0 -0.45
100000 1 84 47.5 0 -0.15
100000 1 84 47.5 0 -0.3
100000 1 84 47.5 0 0.3
100000 1 84 52.5 -10 10
100000 1 84 52.5 -10 -0.375
100000 1 84 52.5 -10 -0.075
100000 1 84 52.5 -10 -0.225
100000 1 84 52.5 -10 0.375
100000 1 84 52.5 6.8 10
100000 1 84 52.5 6.8 -0.375
100000 1 84 52.5 6.8 -0.075
100000 1 84 52.5 6.8 -0.225
100000 1 84 52.5 6.8 0.375
100000 1 84 52.5 7.6 10
100000 1 84 52.5 7.6 -0.375
100000 1 84 52.5 7.6 -0.075
100000 1 84 52.5 7.6 -0.225
100000 1 84 52.5 7.6 0.375
100000 1 84 52.5 7.2 10
100000 1 84 52.5 7.2 -0.375
100000 1 84 52.5 7.2 -0.075
100000 1 84 52.5 7.2 -0.225
100000 1 84 52.5 7.2 0.375
100000 1 84 52.5 8.8 10
100000 1 84 52.5 8.8 -0.375
100000 1 84 52.5 8.8 -0.075
100000 1 84 52.5 8.8 -0.225
100000 1 84 52.5 8.8 0.375
100000 1 84 52.5 8 10
100000 1 84 52.5 8 -0.375
100000 1 84 52.5 8 -0.075
100000 1 84 52.5 8 -0.225
100000 1 84 52.5 8 0.375
100000 1 84 52.5 6.4 10
100000 1 84 52.5 6.4 -0.375
100000 1 84 52.5 6.4 -0.075
100000 1 84 52.5 6.4 -0.225
100000 1 84 52.5 6.4 0.375
100000 1 84 52.5 4.8 10
100000 1 84 52.5 4.8 -0.375
100000 1 84 52.5 4.8 -0.075
100000 1 84 52.5 4.8 -0.225
100000 1 84 52.5 4.8 0.375
100000 1 84 52.5 3.2 10
100000 1 84 52.5 3.2 -0.375
100000 1 84 52.5 3.2 -0.075
100000 1 84 52.5 3.2 -0.225
100000 1 84 52.5 3.2 0.375
100000 1 84 52.5 1.6 10
100000 1 84 52.5 1.6 -0.375
100000 1 84 52.5 1.6 -0.075
100000 1 84 52.5 1.6 -0.225
100000 1 84 52.5 1.6 0.375
100000 1 84 52.5 0 10
100000 1 84 52.5 0 -0.45
100000 1 84 52.5 0 -0.15
100000 1 84 52.5 0 -0.3
100000 1 84 52.5 0 0.3
100000 1 84 50 -10 10
100000 1 84 50 -10 -0.375
100000 1 84 50 -10 -0.075
100000 1 84 50 -10 -0.225
100000 1 84 50 -10 0.375
100000 1 84 50 6.8 10
100000 1 84 50 6.8 -0.375
100000 1 84 50 6.8 -0.075
100000 1 84 50 6.8 -0.225
100000 1 84 50 6.8 0.375
100000 1 84 50 7.6 10
100000 1 84 50 7.6 -0.375
100000 1 84 50 7.6 -0.075
100000 1 84 50 7.6 -0.225
100000 1 84 50 7.6 0.375
100000 1 84 50 7.2 10
100000 1 84 50 7.2 -0.375
100000 1 84 50 7.2 -0.075
100000 1 84 50 7.2 -0.225
100000 1 84 50 7.2 0.375
100000 1 84 50 8.8 10
100000 1 84 50 8.8 -0.375
100000 1 84 50 8.8 -0.075
100000 1 84 50 8.8 -0.225
100000 1 84 50 8.8 0.375
100000 1 84 50 8 10
100000 1 84 50 8 -0.375
100000 1 84 50 8 -0.075
100000 1 84 50 8 -0.225
100000 1 84 50 8 0.375
100000 1 84 50 6.4 10
100000 1 84 50 6.4 -0.375
100000 1 84 50 6.4 -0.075
100000 1 84 50 6.4 -0.225
100000 1 84 50 6.4 0.375
100000 1 84 50 4.8 10
100000 1 84 50 4.8 -0.375
100000 1 84 50 4.8 -0.075
100000 1 84 50 4.8 -0.225
100000 1 84 50 4.8 0.375
100000 1 84 50 3.2 10
100000 1 84 50 3.2 -0.375
100000 1 84 50 3.2 -0.075
100000 1 84 50 3.2 -0.225
100000 1 84 50 3.2 0.375
100000 1 84 50 1.6 10
100000 1 84 50 1.6 -0.375
100000 1 84 50 1.6 -0.075
100000 1 84 50 1.6 -0.225
100000 1 84 50 1.6 0.375
100000 1 84 50 0 10
100000 1 84 50 0 -0.45
100000 1 84 50 0 -0.15
100000 1 84 50 0 -0.3
100000 1 84 50 0 0.3
100000 1 84 60 -10 10
100000 1 84 60 -10 -0.375
100000 1 84 60 -10 -0.075
100000 1 84 60 -10 -0.225
100000 1 84 60 -10 0.375
100000 1 84 60 6.8 10
100000 1 84 60 6.8 -0.375
100000 1 84 60 6.8 -0.075
100000 1 84 60 6.8 -0.225
100000 1 84 60 6.8 0.375
100000 1 84 60 7.6 10
100000 1 84 60 7.6 -0.375
100000 1 84 60 7.6 -0.075
100000 1 84 60 7.6 -0.225
100000 1 84 60 7.6 0.375
100000 1 84 60 7.2 10
100000 1 84 60 7.2 -0.375
100000 1 84 60 7.2 -0.075
100000 1 84 60 7.2 -0.225
100000 1 84 60 7.2 0.375
100000 1 84 60 8.8 10
100000 1 84 60 8.8 -0.375
100000 1 84 60 8.8 -0.075
100000 1 84 60 8.8 -0.225
100000 1 84 60 8.8 0.375
100000 1 84 60 8 10
100000 1 84 60 8 -0.375
100000 1 84 60 8 -0.075
100000 1 84 60 8 -0.225
100000 1 84 60 8 0.375
100000 1 84 60 6.4 10
100000 1 84 60 6.4 -0.375
100000 1 84 60 6.4 -0.075
100000 1 84 60 6.4 -0.225
100000 1 84 60 6.4 0.375
100000 1 84 60 4.8 10
100000 1 84 60 4.8 -0.375
100000 1 84 60 4.8 -0.075
100000 1 84 60 4.8 -0.225
100000 1 84 60 4.8 0.375
100000 1 84 60 3.2 10
100000 1 84 60 3.2 -0.375
100000 1 84 60 3.2 -0.075
100000 1 84 60 3.2 -0.225
100000 1 84 60 3.2 0.375
100000 1 84 60 1.6 10
100000 1 84 60 1.6 -0.375
100000 1 84 60 1.6 -0.075
100000 1 84 60 1.6 -0.225
100000 1 84 60 1.6 0.375
100000 1 84 60 0 10
100000 1 84 60 0 -0.45
100000 1 84 60 0 -0.15
100000 1 84 60 0 -0.3
100000 1 84 60 0 0.3
100000 1 84 55 -10 10
100000 1 84 55 -10 -0.375
100000 1 84 55 -10 -0.075
100000 1 84 55 -10 -0.225
100000 1 84 55 -10 0.375
100000 1 84 55 6.8 10
100000 1 84 55 6.8 -0.375
100000 1 84 55 6.8 -0.075
100000 1 84 55 6.8 -0.225
100000 1 84 55 6.8 0.375
100000 1 84 55 7.6 10
100000 1 84 55 7.6 -0.375
100000 1 84 55 7.6 -0.075
100000 1 84 55 7.6 -0.225
100000 1 84 55 7.6 0.375
100000 1 84 55 7.2 10
100000 1 84 55 7.2 -0.375
100000 1 84 55 7.2 -0.075
100000 1 84 55 7.2 -0.225
100000 1 84 55 7.2 0.375
100000 1 84 55 8.8 10
100000 1 84 55 8.8 -0.375
100000 1 84 55 8.8 -0.075
100000 1 84 55 8.8 -0.225
100000 1 84 55 8.8 0.375
100000 1 84 55 8 10
100000 1 84 55 8 -0.375
100000 1 84 55 8 -0.075
100000 1 84 55 8 -0.225
100000 1 84 55 8 0.375
100000 1 84 55 6.4 10
100000 1 84 55 6.4 -0.375
100000 1 84 55 6.4 -0.075
100000 1 84 55 6.4 -0.225
100000 1 84 55 6.4 0.375
100000 1 84 55 4.8 10
100000 1 84 55 4.8 -0.375
100000 1 84 55 4.8 -0.075
100000 1 84 55 4.8 -0.225
100000 1 84 55 4.8 0.375
100000 1 84 55 3.2 10
100000 1 84 55 3.2 -0.375
100000 1 84 55 3.2 -0.075
100000 1 84 55 3.2 -0.225
100000 1 84 55 3.2 0.375
100000 1 84 55 1.6 10
100000 1 84 55 1.6 -0.375
100000 1 84 55 1.6 -0.075
100000 1 84 55 1.6 -0.225
100000 1 84 55 1.6 0.375
100000 1 84 55 0 10
100000 1 84 55 0 -0.45
100000 1 84 55 0 -0.15
100000 1 84 55 0 -0.3
100000 1 84 55 0 0.3
100000 1 84 45 -10 10
100000 1 84 45 -10 -0.375
100000 1 84 45 -10 -0.075
100000 1 84 45 -10 -0.225
100000 1 84 45 -10 0.375
100000 1 84 45 6.8 10
100000 1 84 45 6.8 -0.375
100000 1 84 45 6.8 -0.075
100000 1 84 45 6.8 -0.225
100000 1 84 45 6.8 0.375
100000 1 84 45 7.6 10
100000 1 84 45 7.6 -0.375
100000 1 84 45 7.6 -0.075
100000 1 84 45 7.6 -0.225
100000 1 84 45 7.6 0.375
100000 1 84 45 7.2 10
100000 1 84 45 7.2 -0.375
100000 1 84 45 7.2 -0.075
100000 1 84 45 7.2 -0.225
100000 1 84 45 7.2 0.375
100000 1 84 45 8.8 10
100000 1 84 45 8.8 -0.375
100000 1 84 45 8.8 -0.075
100000 1 84 45 8.8 -0.225
100000 1 84 45 8.8 0.375
100000 1 84 45 8 10
100000 1 84 45 8 -0.375
100000 1 84 45 8 -0.075
100000 1 84 45 8 -0.225
100000 1 84 45 8 0.375
100000 1 84 45 6.4 10
100000 1 84 45 6.4 -0.375
100000 1 84 45 6.4 -0.075
100000 1 84 45 6.4 -0.225
100000 1 84 45 6.4 0.375
100000 1 84 45 4.8 10
100000 1 84 45 4.8 -0.375
100000 1 84 45 4.8 -0.075
100000 1 84 45 4.8 -0.225
100000 1 84 45 4.8 0.375
100000 1 84 45 3.2 10
100000 1 84 45 3.2 -0.375
100000 1 84 45 3.2 -0.075
100000 1 84 45 3.2 -0.225
100000 1 84 45 3.2 0.375
100000 1 84 45 1.6 10
100000 1 84 45 1.6 -0.375
100000 1 84 45 1.6 -0.075
100000 1 84 45 1.6 -0.225
100000 1 84 45 1.6 0.375
100000 1 84 45 0 10
100000 1 84 45 0 -0.45
100000 1 84 45 0 -0.15
100000 1 84 45 0 -0.3
100000 1 84 45 0 0.3
100000 1 84 35 -10 10
100000 1 84 35 -10 -0.375
100000 1 84 35 -10 -0.075
100000 1 84 35 -10 -0.225
100000 1 84 35 -10 0.375
100000 1 84 35 6.8 10
100000 1 84 35 6.8 -0.375
100000 1 84 35 6.8 -0.075
100000 1 84 35 6.8 -0.225
100000 1 84 35 6.8 0.375
100000 1 84 35 7.6 10
100000 1 84 35 7.6 -0.375
100000 1 84 35 7.6 -0.075
100000 1 84 35 7.6 -0.225
100000 1 84 35 7.6 0.375
100000 1 84 35 7.2 10
100000 1 84 35 7.2 -0.375
100000 1 84 35 7.2 -0.075
100000 1 84 35 7.2 -0.225
100000 1 84 35 7.2 0.375
100000 1 84 35 8.8 10
100000 1 84 35 8.8 -0.375
100000 1 84 35 8.8 -0.075
100000 1 84 35 8.8 -0.225
100000 1 84 35 8.8 0.375
100000 1 84 35 8 10
100000 1 84 35 8 -0.375
100000 1 84 35 8 -0.075
100000 1 84 35 8 -0.225
100000 1 84 35 8 0.375
100000 1 84 35 6.4 10
100000 1 84 35 6.4 -0.375
100000 1 84 35 6.4 -0.075
100000 1 84 35 6.4 -0.225
100000 1 84 35 6.4 0.375
100000 1 84 35 4.8 10
100000 1 84 35 4.8 -0.375
100000 1 84 35 4.8 -0.075
100000 1 84 35 4.8 -0.225
100000 1 84 35 4.8 0.375
100000 1 84 35 3.2 10
100000 1 84 35 3.2 -0.375
100000 1 84 35 3.2 -0.075
100000 1 84 35 3.2 -0.225
100000 1 84 35 3.2 0.375
100000 1 84 35 1.6 10
100000 1 84 35 1.6 -0.375
100000 1 84 35 1.6 -0.075
100000 1 84 35 1.6 -0.225
100000 1 84 35 1.6 0.375
100000 1 84 35 0 10
100000 1 84 35 0 -0.45
100000 1 84 35 0 -0.15
100000 1 84 35 0 -0.3
100000 1 84 35 0 0.3
100000 1 84 25 -10 10
100000 1 84 25 -10 -0.375
100000 1 84 25 -10 -0.075
100000 1 84 25 -10 -0.225
100000 1 84 25 -10 0.375
100000 1 84 25 6.8 10
100000 1 84 25 6.8 -0.375
100000 1 84 25 6.8 -0.075
100000 1 84 25 6.8 -0.225
100000 1 84 25 6.8 0.375
100000 1 84 25 7.6 10
100000 1 84 25 7.6 -0.375
100000 1 84 25 7.6 -0.075
100000 1 84 25 7.6 -0.225
100000 1 84 25 7.6 0.375
100000 1 84 25 7.2 10
100000 1 84 25 7.2 -0.375
100000 1 84 25 7.2 -0.075
100000 1 84 25 7.2 -0.225
100000 1 84 25 7.2 0.375
100000 1 84 25 8.8 10
100000 1 84 25 8.8 -0.375
100000 1 84 25 8.8 -0.075
100000 1 84 25 8.8 -0.225
100000 1 84 25 8.8 0.375
100000 1 84 25 8 10
100000 1 84 25 8 -0.375
100000 1 84 25 8 -0.075
100000 1 84 25 8 -0.225
100000 1 84 25 8 0.375
100000 1 84 25 6.4 10
100000 1 84 25 6.4 -0.375
100000 1 84 25 6.4 -0.075
100000 1 84 25 6.4 -0.225
100000 1 84 25 6.4 0.375
100000 1 84 25 4.8 10
100000 1 84 25 4.8 -0.375
100000 1 84 25 4.8 -0.075
100000 1 84 25 4.8 -0.225
100000 1 84 25 4.8 0.375
100000 1 84 25 3.2 10
100000 1 84 25 3.2 -0.375
100000 1 84 25 3.2 -0.075
100000 1 84 25 3.2 -0.225
100000 1 84 25 3.2 0.375
100000 1 84 25 1.6 10
100000 1 84 25 1.6 -0.375
100000 1 84 25 1.6 -0.075
100000 1 84 25 1.6 -0.225
100000 1 84 25 1.6 0.375
100000 1 84 25 0 10
100000 1 84 25 0 -0.45
100000 1 84 25 0 -0.15
100000 1 84 25 0 -0.3
100000 1 84 25 0 0.3
100000 1 84 15 -10 10
100000 1 84 15 -10 -0.375
100000 1 84 15 -10 -0.075
100000 1 84 15 -10 -0.225
100000 1 84 15 -10 0.375
100000 1 84 15 6.8 10
100000 1 84 15 6.8 -0.375
100000 1 84 15 6.8 -0.075
100000 1 84 15 6.8 -0.225
100000 1 84 15 6.8 0.375
100000 1 84 15 7.6 10
100000 1 84 15 7.6 -0.375
100000 1 84 15 7.6 -0.075
100000 1 84 15 7.6 -0.225
100000 1 84 15 7.6 0.375
100000 1 84 15 7.2 10
100000 1 84 15 7.2 -0.375
100000 1 84 15 7.2 -0.075
100000 1 84 15 7.2 -0.225
100000 1 84 15 7.2 0.375
100000 1 84 15 8.8 10
100000 1 84 15 8.8 -0.375
100000 1 84 15 8.8 -0.075
100000 1 84 15 8.8 -0.225
100000 1 84 15 8.8 0.375
100000 1 84 15 8 10
100000 1 84 15 8 -0.375
100000 1 84 15 8 -0.075
100000 1 84 15 8 -0.225
100000 1 84 15 8 0.375
100000 1 84 15 6.4 10
100000 1 84 15 6.4 -0.375
100000 1 84 15 6.4 -0.075
100000 1 84 15 6.4 -0.225
100000 1 84 15 6.4 0.375
100000 1 84 15 4.8 10
100000 1 84 15 4.8 -0.375
100000 1 84 15 4.8 -0.075
100000 1 84 15 4.8 -0.225
100000 1 84 15 4.8 0.375
100000 1 84 15 3.2 10
100000 1 84 15 3.2 -0.375
100000 1 84 15 3.2 -0.075
100000 1 84 15 3.2 -0.225
100000 1 84 15 3.2 0.375
100000 1 84 15 1.6 10
100000 1 84 15 1.6 -0.375
100000 1 84 15 1.6 -0.075
100000 1 84 15 1.6 -0.225
100000 1 84 15 1.6 0.375
100000 1 84 15 0 10
100000 1 84 15 0 -0.45
100000 1 84 15 0 -0.15
100000 1 84 15 0 -0.3
100000 1 84 15 0 0.3
100000 1 84 5 -10 10
100000 1 84 5 -10 -0.375
100000 1 84 5 -10 -0.075
100000 1 84 5 -10 -0.225
100000 1 84 5 -10 0.375
100000 1 84 5 6.8 10
100000 1 84 5 6.8 -0.375
100000 1 84 5 6.8 -0.075
100000 1 84 5 6.8 -0.225
100000 1 84 5 6.8 0.375
100000 1 84 5 7.6 10
100000 1 84 5 7.6 -0.375
100000 1 84 5 7.6 -0.075
100000 1 84 5 7.6 -0.225
100000 1 84 5 7.6 0.375
100000 1 84 5 7.2 10
100000 1 84 5 7.2 -0.375
100000 1 84 5 7.2 -0.075
100000 1 84 5 7.2 -0.225
100000 1 84 5 7.2 0.375
100000 1 84 5 8.8 10
100000 1 84 5 8.8 -0.375
100000 1 84 5 8.8 -0.075
100000 1 84 5 8.8 -0.225
100000 1 84 5 8.8 0.375
100000 1 84 5 8 10
100000 1 84 5 8 -0.375
100000 1 84 5 8 -0.075
100000 1 84 5 8 -0.225
100000 1 84 5 8 0.375
100000 1 84 5 6.4 10
100000 1 84 5 6.4 -0.375
100000 1 84 5 6.4 -0.075
100000 1 84 5 6.4 -0.225
100000 1 84 5 6.4 0.375
100000 1 84 5 4.8 10
100000 1 84 5 4.8 -0.375
100000 1 84 5 4.8 -0.075
100000 1 84 5 4.8 -0.225
100000 1 84 5 4.8 0.375
100000 1 84 5 3.2 10
100000 1 84 5 3.2 -0.375
100000 1 84 5 3.2 -0.075
100000 1 84 5 3.2 -0.225
100000 1 84 5 3.2 0.375
100000 1 84 5 1.6 10
100000 1 84 5 1.6 -0.375
100000 1 84 5 1.6 -0.075
100000 1 84 5 1.6 -0.225
100000 1 84 5 1.6 0.375
100000 1 84 5 0 10
100000 1 84 5 0 -0.45
100000 1 84 5 0 -0.15
100000 1 84 5 0 -0.3
100000 1 84 5 0 0.3
100000 1 96 100 -10 10
100000 1 96 100 -10 -0.375
100000 1 96 100 -10 -0.075
100000 1 96 100 -10 -0.225
100000 1 96 100 -10 0.375
100000 1 96 100 6.8 10
100000 1 96 100 6.8 -0.375
100000 1 96 100 6.8 -0.075
100000 1 96 100 6.8 -0.225
100000 1 96 100 6.8 0.375
100000 1 96 100 7.6 10
100000 1 96 100 7.6 -0.375
100000 1 96 100 7.6 -0.075
100000 1 96 100 7.6 -0.225
100000 1 96 100 7.6 0.375
100000 1 96 100 7.2 10
100000 1 96 100 7.2 -0.375
100000 1 96 100 7.2 -0.075
100000 1 96 100 7.2 -0.225
100000 1 96 100 7.2 0.375
100000 1 96 100 8.8 10
100000 1 96 100 8.8 -0.375
100000 1 96 100 8.8 -0.075
100000 1 96 100 8.8 -0.225
100000 1 96 100 8.8 0.375
100000 1 96 100 8 10
100000 1 96 100 8 -0.375
100000 1 96 100 8 -0.075
100000 1 96 100 8 -0.225
100000 1 96 100 8 0.375
100000 1 96 100 6.4 10
100000 1 96 100 6.4 -0.375
100000 1 96 100 6.4 -0.075
100000 1 96 100 6.4 -0.225
100000 1 96 100 6.4 0.375
100000 1 96 100 4.8 10
100000 1 96 100 4.8 -0.375
100000 1 96 100 4.8 -0.075
100000 1 96 100 4.8 -0.225
100000 1 96 100 4.8 0.375
100000 1 96 100 3.2 10
100000 1 96 100 3.2 -0.375
100000 1 96 100 3.2 -0.075
100000 1 96 100 3.2 -0.225
100000 1 96 100 3.2 0.375
100000 1 96 100 1.6 10
100000 1 96 100 1.6 -0.375
100000 1 96 100 1.6 -0.075
100000 1 96 100 1.6 -0.225
100000 1 96 100 1.6 0.375
100000 1 96 100 0 10
100000 1 96 100 0 -0.45
100000 1 96 100 0 -0.15
100000 1 96 100 0 -0.3
100000 1 96 100 0 0.3
100000 1 96 47.5 -10 10
100000 1 96 47.5 -10 -0.375
100000 1 96 47.5 -10 -0.075
100000 1 96 47.5 -10 -0.225
100000 1 96 47.5 -10 0.375
100000 1 96 47.5 6.8 10
100000 1 96 47.5 6.8 -0.375
100000 1 96 47.5 6.8 -0.075
100000 1 96 47.5 6.8 -0.225
100000 1 96 47.5 6.8 0.375
100000 1 96 47.5 7.6 10
100000 1 96 47.5 7.6 -0.375
100000 1 96 47.5 7.6 -0.075
100000 1 96 47.5 7.6 -0.225
100000 1 96 47.5 7.6 0.375
100000 1 96 47.5 7.2 10
100000 1 96 47.5 7.2 -0.375
100000 1 96 47.5 7.2 -0.075
100000 1 96 47.5 7.2 -0.225
100000 1 96 47.5 7.2 0.375
100000 1 96 47.5 8.8 10
100000 1 96 47.5 8.8 -0.375
100000 1 96 47.5 8.8 -0.075
100000 1 96 47.5 8.8 -0.225
100000 1 96 47.5 8.8 0.375
100000 1 96 47.5 8 10
100000 1 96 47.5 8 -0.375
100000 1 96 47.5 8 -0.075
100000 1 96 47.5 8 -0.225
100000 1 96 47.5 8 0.375
100000 1 96 47.5 6.4 10
100000 1 96 47.5 6.4 -0.375
100000 1 96 47.5 6.4 -0.075
100000 1 96 47.5 6.4 -0.225
100000 1 96 47.5 6.4 0.375
100000 1 96 47.5 4.8 10
100000 1 96 47.5 4.8 -0.375
100000 1 96 47.5 4.8 -0.075
100000 1 96 47.5 4.8 -0.225
100000 1 96 47.5 4.8 0.375
100000 1 96 47.5 3.2 10
100000 1 96 47.5 3.2 -0.375
100000 1 96 47.5 3.2 -0.075
100000 1 96 47.5 3.2 -0.225
100000 1 96 47.5 3.2 0.375
100000 1 96 47.5 1.6 10
100000 1 96 47.5 1.6 -0.375
100000 1 96 47.5 1.6 -0.075
100000 1 96 47.5 1.6 -0.225
100000 1 96 47.5 1.6 0.375
100000 1 96 47.5 0 10
100000 1 96 47.5 0 -0.45
100000 1 96 47.5 0 -0.15
100000 1 96 47.5 0 -0.3
100000 1 96 47.5 0 0.3
100000 1 96 52.5 -10 10
100000 1 96 52.5 -10 -0.375
100000 1 96 52.5 -10 -0.075
100000 1 96 52.5 -10 -0.225
100000 1 96 52.5 -10 0.375
100000 1 96 52.5 6.8 10
100000 1 96 52.5 6.8 -0.375
100000 1 96 52.5 6.8 -0.075
100000 1 96 52.5 6.8 -0.225
100000 1 96 52.5 6.8 0.375
100000 1 96 52.5 7.6 10
100000 1 96 52.5 7.6 -0.375
100000 1 96 52.5 7.6 -0.075
100000 1 96 52.5 7.6 -0.225
100000 1 96 52.5 7.6 0.375
100000 1 96 52.5 7.2 10
100000 1 96 52.5 7.2 -0.375
100000 1 96 52.5 7.2 -0.075
100000 1 96 52.5 7.2 -0.225
100000 1 96 52.5 7.2 0.375
100000 1 96 52.5 8.8 10
100000 1 96 52.5 8.8 -0.375
100000 1 96 52.5 8.8 -0.075
100000 1 96 52.5 8.8 -0.225
100000 1 96 52.5 8.8 0.375
100000 1 96 52.5 8 10
100000 1 96 52.5 8 -0.375
100000 1 96 52.5 8 -0.075
100000 1 96 52.5 8 -0.225
100000 1 96 52.5 8 0.375
100000 1 96 52.5 6.4 10
100000 1 96 52.5 6.4 -0.375
100000 1 96 52.5 6.4 -0.075
100000 1 96 52.5 6.4 -0.225
100000 1 96 52.5 6.4 0.375
100000 1 96 52.5 4.8 10
100000 1 96 52.5 4.8 -0.375
100000 1 96 52.5 4.8 -0.075
100000 1 96 52.5 4.8 -0.225
100000 1 96 52.5 4.8 0.375
100000 1 96 52.5 3.2 10
100000 1 96 52.5 3.2 -0.375
100000 1 96 52.5 3.2 -0.075
100000 1 96 52.5 3.2 -0.225
100000 1 96 52.5 3.2 0.375
100000 1 96 52.5 1.6 10
100000 1 96 52.5 1.6 -0.375
100000 1 96 52.5 1.6 -0.075
100000 1 96 52.5 1.6 -0.225
100000 1 96 52.5 1.6 0.375
100000 1 96 52.5 0 10
100000 1 96 52.5 0 -0.45
100000 1 96 52.5 0 -0.15
100000 1 96 52.5 0 -0.3
100000 1 96 52.5 0 0.3
100000 1 96 50 -10 10
100000 1 96 50 -10 -0.375
100000 1 96 50 -10 -0.075
100000 1 96 50 -10 -0.225
100000 1 96 50 -10 0.375
100000 1 96 50 6.8 10
100000 1 96 50 6.8 -0.375
100000 1 96 50 6.8 -0.075
100000 1 96 50 6.8 -0.225
100000 1 96 50 6.8 0.375
100000 1 96 50 7.6 10
100000 1 96 50 7.6 -0.375
100000 1 96 50 7.6 -0.075
100000 1 96 50 7.6 -0.225
100000 1 96 50 7.6 0.375
100000 1 96 50 7.2 10
100000 1 96 50 7.2 -0.375
100000 1 96 50 7.2 -0.075
100000 1 96 50 7.2 -0.225
100000 1 96 50 7.2 0.375
100000 1 96 50 8.8 10
100000 1 96 50 8.8 -0.375
100000 1 96 50 8.8 -0.075
100000 1 96 50 8.8 -0.225
100000 1 96 50 8.8 0.375
100000 1 96 50 8 10
100000 1 96 50 8 -0.375
100000 1 96 50 8 -0.075
100000 1 96 50 8 -0.225
100000 1 96 50 8 0.375
100000 1 96 50 6.4 10
100000 1 96 50 6.4 -0.375
100000 1 96 50 6.4 -0.075
100000 1 96 50 6.4 -0.225
100000 1 96 50 6.4 0.375
100000 1 96 50 4.8 10
100000 1 96 50 4.8 -0.375
100000 1 96 50 4.8 -0.075
100000 1 96 50 4.8 -0.225
100000 1 96 50 4.8 0.375
100000 1 96 50 3.2 10
100000 1 96 50 3.2 -0.375
100000 1 96 50 3.2 -0.075
100000 1 96 50 3.2 -0.225
100000 1 96 50 3.2 0.375
100000 1 96 50 1.6 10
100000 1 96 50 1.6 -0.375
100000 1 96 50 1.6 -0.075
100000 1 96 50 1.6 -0.225
100000 1 96 50 1.6 0.375
100000 1 96 50 0 10
100000 1 96 50 0 -0.45
100000 1 96 50 0 -0.15
100000 1 96 50 0 -0.3
100000 1 96 50 0 0.3
100000 1 96 60 -10 10
100000 1 96 60 -10 -0.375
100000 1 96 60 -10 -0.075
100000 1 96 60 -10 -0.225
100000 1 96 60 -10 0.375
100000 1 96 60 6.8 10
100000 1 96 60 6.8 -0.375
100000 1 96 60 6.8 -0.075
100000 1 96 60 6.8 -0.225
100000 1 96 60 6.8 0.375
100000 1 96 60 7.6 10
100000 1 96 60 7.6 -0.375
100000 1 96 60 7.6 -0.075
100000 1 96 60 7.6 -0.225
100000 1 96 60 7.6 0.375
100000 1 96 60 7.2 10
100000 1 96 60 7.2 -0.375
100000 1 96 60 7.2 -0.075
100000 1 96 60 7.2 -0.225
100000 1 96 60 7.2 0.375
100000 1 96 60 8.8 10
100000 1 96 60 8.8 -0.375
100000 1 96 60 8.8 -0.075
100000 1 96 60 8.8 -0.225
100000 1 96 60 8.8 0.375
100000 1 96 60 8 10
100000 1 96 60 8 -0.375
100000 1 96 60 8 -0.075
100000 1 96 60 8 -0.225
100000 1 96 60 8 0.375
100000 1 96 60 6.4 10
100000 1 96 60 6.4 -0.375
100000 1 96 60 6.4 -0.075
100000 1 96 60 6.4 -0.225
100000 1 96 60 6.4 0.375
100000 1 96 60 4.8 10
100000 1 96 60 4.8 -0.375
100000 1 96 60 4.8 -0.075
100000 1 96 60 4.8 -0.225
100000 1 96 60 4.8 0.375
100000 1 96 60 3.2 10
100000 1 96 60 3.2 -0.375
100000 1 96 60 3.2 -0.075
100000 1 96 60 3.2 -0.225
100000 1 96 60 3.2 0.375
100000 1 96 60 1.6 10
100000 1 96 60 1.6 -0.375
100000 1 96 60 1.6 -0.075
100000 1 96 60 1.6 -0.225
100000 1 96 60 1.6 0.375
100000 1 96 60 0 10
100000 1 96 60 0 -0.45
100000 1 96 60 0 -0.15
100000 1 96 60 0 -0.3
100000 1 96 60 0 0.3
100000 1 96 55 -10 10
100000 1 96 55 -10 -0.375
100000 1 96 55 -10 -0.075
100000 1 96 55 -10 -0.225
100000 1 96 55 -10 0.375
100000 1 96 55 6.8 10
100000 1 96 55 6.8 -0.375
100000 1 96 55 6.8 -0.075
100000 1 96 55 6.8 -0.225
100000 1 96 55 6.8 0.375
100000 1 96 55 7.6 10
100000 1 96 55 7.6 -0.375
100000 1 96 55 7.6 -0.075
100000 1 96 55 7.6 -0.225
100000 1 96 55 7.6 0.375
100000 1 96 55 7.2 10
100000 1 96 55 7.2 -0.375
100000 1 96 55 7.2 -0.075
100000 1 96 55 7.2 -0.225
100000 1 96 55 7.2 0.375
100000 1 96 55 8.8 10
100000 1 96 55 8.8 -0.375
100000 1 96 55 8.8 -0.075
100000 1 96 55 8.8 -0.225
100000 1 96 55 8.8 0.375
100000 1 96 55 8 10
100000 1 96 55 8 -0.375
100000 1 96 55 8 -0.075
100000 1 96 55 8 -0.225
100000 1 96 55 8 0.375
100000 1 96 55 6.4 10
100000 1 96 55 6.4 -0.375
100000 1 96 55 6.4 -0.075
100000 1 96 55 6.4 -0.225
100000 1 96 55 6.4 0.375
100000 1 96 55 4.8 10
100000 1 96 55 4.8 -0.375
100000 1 96 55 4.8 -0.075
100000 1 96 55 4.8 -0.225
100000 1 96 55 4.8 0.375
100000 1 96 55 3.2 10
100000 1 96 55 3.2 -0.375
100000 1 96 55 3.2 -0.075
100000 1 96 55 3.2 -0.225
100000 1 96 55 3.2 0.375
100000 1 96 55 1.6 10
100000 1 96 55 1.6 -0.375
100000 1 96 55 1.6 -0.075
100000 1 96 55 1.6 -0.225
100000 1 96 55 1.6 0.375
100000 1 96 55 0 10
100000 1 96 55 0 -0.45
100000 1 96 55 0 -0.15
100000 1 96 55 0 -0.3
100000 1 96 55 0 0.3
100000 1 96 45 -10 10
100000 1 96 45 -10 -0.375
100000 1 96 45 -10 -0.075
100000 1 96 45 -10 -0.225
100000 1 96 45 -10 0.375
100000 1 96 45 6.8 10
100000 1 96 45 6.8 -0.375
100000 1 96 45 6.8 -0.075
100000 1 96 45 6.8 -0.225
100000 1 96 45 6.8 0.375
100000 1 96 45 7.6 10
100000 1 96 45 7.6 -0.375
100000 1 96 45 7.6 -0.075
100000 1 96 45 7.6 -0.225
100000 1 96 45 7.6 0.375
100000 1 96 45 7.2 10
100000 1 96 45 7.2 -0.375
100000 1 96 45 7.2 -0.075
100000 1 96 45 7.2 -0.225
100000 1 96 45 7.2 0.375
100000 1 96 45 8.8 10
100000 1 96 45 8.8 -0.375
100000 1 96 45 8.8 -0.075
100000 1 96 45 8.8 -0.225
100000 1 96 45 8.8 0.375
100000 1 96 45 8 10
100000 1 96 45 8 -0.375
100000 1 96 45 8 -0.075
100000 1 96 45 8 -0.225
100000 1 96 45 8 0.375
100000 1 96 45 6.4 10
100000 1 96 45 6.4 -0.375
100000 1 96 45 6.4 -0.075
100000 1 96 45 6.4 -0.225
100000 1 96 45 6.4 0.375
100000 1 96 45 4.8 10
100000 1 96 45 4.8 -0.375
100000 1 96 45 4.8 -0.075
100000 1 96 45 4.8 -0.225
100000 1 96 45 4.8 0.375
100000 1 96 45 3.2 10
100000 1 96 45 3.2 -0.375
100000 1 96 45 3.2 -0.075
100000 1 96 45 3.2 -0.225
100000 1 96 45 3.2 0.375
100000 1 96 45 1.6 10
100000 1 96 45 1.6 -0.375
100000 1 96 45 1.6 -0.075
100000 1 96 45 1.6 -0.225
100000 1 96 45 1.6 0.375
100000 1 96 45 0 10
100000 1 96 45 0 -0.45
100000 1 96 45 0 -0.15
100000 1 96 45 0 -0.3
100000 1 96 45 0 0.3
100000 1 96 35 -10 10
100000 1 96 35 -10 -0.375
100000 1 96 35 -10 -0.075
100000 1 96 35 -10 -0.225
100000 1 96 35 -10 0.375
100000 1 96 35 6.8 10
100000 1 96 35 6.8 -0.375
100000 1 96 35 6.8 -0.075
100000 1 96 35 6.8 -0.225
100000 1 96 35 6.8 0.375
100000 1 96 35 7.6 10
100000 1 96 35 7.6 -0.375
100000 1 96 35 7.6 -0.075
100000 1 96 35 7.6 -0.225
100000 1 96 35 7.6 0.375
100000 1 96 35 7.2 10
100000 1 96 35 7.2 -0.375
100000 1 96 35 7.2 -0.075
100000 1 96 35 7.2 -0.225
100000 1 96 35 7.2 0.375
100000 1 96 35 8.8 10
100000 1 96 35 8.8 -0.375
100000 1 96 35 8.8 -0.075
100000 1 96 35 8.8 -0.225
100000 1 96 35 8.8 0.375
100000 1 96 35 8 10
100000 1 96 35 8 -0.375
100000 1 96 35 8 -0.075
100000 1 96 35 8 -0.225
100000 1 96 35 8 0.375
100000 1 96 35 6.4 10
100000 1 96 35 6.4 -0.375
100000 1 96 35 6.4 -0.075
100000 1 96 35 6.4 -0.225
100000 1 96 35 6.4 0.375
100000 1 96 35 4.8 10
100000 1 96 35 4.8 -0.375
100000 1 96 35 4.8 -0.075
100000 1 96 35 4.8 -0.225
100000 1 96 35 4.8 0.375
100000 1 96 35 3.2 10
100000 1 96 35 3.2 -0.375
100000 1 96 35 3.2 -0.075
100000 1 96 35 3.2 -0.225
100000 1 96 35 3.2 0.375
100000 1 96 35 1.6 10
100000 1 96 35 1.6 -0.375
100000 1 96 35 1.6 -0.075
100000 1 96 35 1.6 -0.225
100000 1 96 35 1.6 0.375
100000 1 96 35 0 10
100000 1 96 35 0 -0.45
100000 1 96 35 0 -0.15
100000 1 96 35 0 -0.3
100000 1 96 35 0 0.3
100000 1 96 25 -10 10
100000 1 96 25 -10 -0.375
100000 1 96 25 -10 -0.075
100000 1 96 25 -10 -0.225
100000 1 96 25 -10 0.375
100000 1 96 25 6.8 10
100000 1 96 25 6.8 -0.375
100000 1 96 25 6.8 -0.075
100000 1 96 25 6.8 -0.225
100000 1 96 25 6.8 0.375
100000 1 96 25 7.6 10
100000 1 96 25 7.6 -0.375
100000 1 96 25 7.6 -0.075
100000 1 96 25 7.6 -0.225
100000 1 96 25 7.6 0.375
100000 1 96 25 7.2 10
100000 1 96 25 7.2 -0.375
100000 1 96 25 7.2 -0.075
100000 1 96 25 7.2 -0.225
100000 1 96 25 7.2 0.375
100000 1 96 25 8.8 10
100000 1 96 25 8.8 -0.375
100000 1 96 25 8.8 -0.075
100000 1 96 25 8.8 -0.225
100000 1 96 25 8.8 0.375
100000 1 96 25 8 10
100000 1 96 25 8 -0.375
100000 1 96 25 8 -0.075
100000 1 96 25 8 -0.225
100000 1 96 25 8 0.375
100000 1 96 25 6.4 10
100000 1 96 25 6.4 -0.375
100000 1 96 25 6.4 -0.075
100000 1 96 25 6.4 -0.225
100000 1 96 25 6.4 0.375
100000 1 96 25 4.8 10
100000 1 96 25 4.8 -0.375
100000 1 96 25 4.8 -0.075
100000 1 96 25 4.8 -0.225
100000 1 96 25 4.8 0.375
100000 1 96 25 3.2 10
100000 1 96 25 3.2 -0.375
100000 1 96 25 3.2 -0.075
100000 1 96 25 3.2 -0.225
100000 1 96 25 3.2 0.375
100000 1 96 25 1.6 10
100000 1 96 25 1.6 -0.375
100000 1 96 25 1.6 -0.075
100000 1 96 25 1.6 -0.225
100000 1 96 25 1.6 0.375
100000 1 96 25 0 10
100000 1 96 25 0 -0.45
100000 1 96 25 0 -0.15
100000 1 96 25 0 -0.3
100000 1 96 25 0 0.3
100000 1 96 15 -10 10
100000 1 96 15 -10 -0.375
100000 1 96 15 -10 -0.075
100000 1 96 15 -10 -0.225
100000 1 96 15 -10 0.375
100000 1 96 15 6.8 10
100000 1 96 15 6.8 -0.375
100000 1 96 15 6.8 -0.075
100000 1 96 15 6.8 -0.225
100000 1 96 15 6.8 0.375
100000 1 96 15 7.6 10
100000 1 96 15 7.6 -0.375
100000 1 96 15 7.6 -0.075
100000 1 96 15 7.6 -0.225
100000 1 96 15 7.6 0.375
100000 1 96 15 7.2 10
100000 1 96 15 7.2 -0.375
100000 1 96 15 7.2 -0.075
100000 1 96 15 7.2 -0.225
100000 1 96 15 7.2 0.375
100000 1 96 15 8.8 10
100000 1 96 15 8.8 -0.375
100000 1 96 15 8.8 -0.075
100000 1 96 15 8.8 -0.225
100000 1 96 15 8.8 0.375
100000 1 96 15 8 10
100000 1 96 15 8 -0.375
100000 1 96 15 8 -0.075
100000 1 96 15 8 -0.225
100000 1 96 15 8 0.375
100000 1 96 15 6.4 10
100000 1 96 15 6.4 -0.375
100000 1 96 15 6.4 -0.075
100000 1 96 15 6.4 -0.225
100000 1 96 15 6.4 0.375
100000 1 96 15 4.8 10
100000 1 96 15 4.8 -0.375
100000 1 96 15 4.8 -0.075
100000 1 96 15 4.8 -0.225
100000 1 96 15 4.8 0.375
100000 1 96 15 3.2 10
100000 1 96 15 3.2 -0.375
100000 1 96 15 3.2 -0.075
100000 1 96 15 3.2 -0.225
100000 1 96 15 3.2 0.375
100000 1 96 15 1.6 10
100000 1 96 15 1.6 -0.375
100000 1 96 15 1.6 -0.075
100000 1 96 15 1.6 -0.225
100000 1 96 15 1.6 0.375
100000 1 96 15 0 10
100000 1 96 15 0 -0.45
100000 1 96 15 0 -0.15
100000 1 96 15 0 -0.3
100000 1 96 15 0 0.3
100000 1 96 5 -10 10
100000 1 96 5 -10 -0.375
100000 1 96 5 -10 -0.075
100000 1 96 5 -10 -0.225
100000 1 96 5 -10 0.375
100000 1 96 5 6.8 10
100000 1 96 5 6.8 -0.375
100000 1 96 5 6.8 -0.075
100000 1 96 5 6.8 -0.225
100000 1 96 5 6.8 0.375
100000 1 96 5 7.6 10
100000 1 96 5 7.6 -0.375
100000 1 96 5 7.6 -0.075
100000 1 96 5 7.6 -0.225
100000 1 96 5 7.6 0.375
100000 1 96 5 7.2 10
100000 1 96 5 7.2 -0.375
100000 1 96 5 7.2 -0.075
100000 1 96 5 7.2 -0.225
100000 1 96 5 7.2 0.375
100000 1 96 5 8.8 10
100000 1 96 5 8.8 -0.375
100000 1 96 5 8.8 -0.075
100000 1 96 5 8.8 -0.225
100000 1 96 5 8.8 0.375
100000 1 96 5 8 10
100000 1 96 5 8 -0.375
100000 1 96 5 8 -0.075
100000 1 96 5 8 -0.225
100000 1 96 5 8 0.375
100000 1 96 5 6.4 10
100000 1 96 5 6.4 -0.375
100000 1 96 5 6.4 -0.075
100000 1 96 5 6.4 -0.225
100000 1 96 5 6.4 0.375
100000 1 96 5 4.8 10
100000 1 96 5 4.8 -0.375
100000 1 96 5 4.8 -0.075
100000 1 96 5 4.8 -0.225
100000 1 96 5 4.8 0.375
100000 1 96 5 3.2 10
100000 1 96 5 3.2 -0.375
100000 1 96 5 3.2 -0.075
100000 1 96 5 3.2 -0.225
100000 1 96 5 3.2 0.375
100000 1 96 5 1.6 10
100000 1 96 5 1.6 -0.375
100000 1 96 5 1.6 -0.075
100000 1 96 5 1.6 -0.225
100000 1 96 5 1.6 0.375
100000 1 96 5 0 10
100000 1 96 5 0 -0.45
100000 1 96 5 0 -0.15
100000 1 96 5 0 -0.3
100000 1 96 5 0 0.3
100000 1 90 100 -10 10
100000 1 90 100 -10 -0.375
100000 1 90 100 -10 -0.075
100000 1 90 100 -10 -0.225
100000 1 90 100 -10 0.375
100000 1 90 100 6.8 10
100000 1 90 100 6.8 -0.375
100000 1 90 100 6.8 -0.075
100000 1 90 100 6.8 -0.225
100000 1 90 100 6.8 0.375
100000 1 90 100 7.6 10
100000 1 90 100 7.6 -0.375
100000 1 90 100 7.6 -0.075
100000 1 90 100 7.6 -0.225
100000 1 90 100 7.6 0.375
100000 1 90 100 7.2 10
100000 1 90 100 7.2 -0.375
100000 1 90 100 7.2 -0.075
100000 1 90 100 7.2 -0.225
100000 1 90 100 7.2 0.375
100000 1 90 100 8.8 10
100000 1 90 100 8.8 -0.375
100000 1 90 100 8.8 -0.075
100000 1 90 100 8.8 -0.225
100000 1 90 100 8.8 0.375
100000 1 90 100 8 10
100000 1 90 100 8 -0.375
100000 1 90 100 8 -0.075
100000 1 90 100 8 -0.225
100000 1 90 100 8 0.375
100000 1 90 100 6.4 10
100000 1 90 100 6.4 -0.375
100000 1 90 100 6.4 -0.075
100000 1 90 100 6.4 -0.225
100000 1 90 100 6.4 0.375
100000 1 90 100 4.8 10
100000 1 90 100 4.8 -0.375
100000 1 90 100 4.8 -0.075
100000 1 90 100 4.8 -0.225
100000 1 90 100 4.8 0.375
100000 1 90 100 3.2 10
100000 1 90 100 3.2 -0.375
100000 1 90 100 3.2 -0.075
100000 1 90 100 3.2 -0.225
100000 1 90 100 3.2 0.375
100000 1 90 100 1.6 10
100000 1 90 100 1.6 -0.375
100000 1 90 100 1.6 -0.075
100000 1 90 100 1.6 -0.225
100000 1 90 100 1.6 0.375
100000 1 90 100 0 10
100000 1 90 100 0 -0.45
100000 1 90 100 0 -0.15
100000 1 90 100 0 -0.3
100000 1 90 100 0 0.3
100000 1 90 47.5 -10 10
100000 1 90 47.5 -10 -0.375
100000 1 90 47.5 -10 -0.075
100000 1 90 47.5 -10 -0.225
100000 1 90 47.5 -10 0.375
100000 1 90 47.5 6.8 10
100000 1 90 47.5 6.8 -0.375
100000 1 90 47.5 6.8 -0.075
100000 1 90 47.5 6.8 -0.225
100000 1 90 47.5 6.8 0.375
100000 1 90 47.5 7.6 10
100000 1 90 47.5 7.6 -0.375
100000 1 90 47.5 7.6 -0.075
100000 1 90 47.5 7.6 -0.225
100000 1 90 47.5 7.6 0.375
100000 1 90 47.5 7.2 10
100000 1 90 47.5 7.2 -0.375
100000 1 90 47.5 7.2 -0.075
100000 1 90 47.5 7.2 -0.225
100000 1 90 47.5 7.2 0.375
100000 1 90 47.5 8.8 10
100000 1 90 47.5 8.8 -0.375
100000 1 90 47.5 8.8 -0.075
100000 1 90 47.5 8.8 -0.225
100000 1 90 47.5 8.8 0.375
100000 1 90 47.5 8 10
100000 1 90 47.5 8 -0.375
100000 1 90 47.5 8 -0.075
100000 1 90 47.5 8 -0.225
100000 1 90 47.5 8 0.375
100000 1 90 47.5 6.4 10
100000 1 90 47.5 6.4 -0.375
100000 1 90 47.5 6.4 -0.075
100000 1 90 47.5 6.4 -0.225
100000 1 90 47.5 6.4 0.375
100000 1 90 47.5 4.8 10
100000 1 90 47.5 4.8 -0.375
100000 1 90 47.5 4.8 -0.075
100000 1 90 47.5 4.8 -0.225
100000 1 90 47.5 4.8 0.375
100000 1 90 47.5 3.2 10
100000 1 90 47.5 3.2 -0.375
100000 1 90 47.5 3.2 -0.075
100000 1 90 47.5 3.2 -0.225
100000 1 90 47.5 3.2 0.375
100000 1 90 47.5 1.6 10
100000 1 90 47.5 1.6 -0.375
100000 1 90 47.5 1.6 -0.075
100000 1 90 47.5 1.6 -0.225
100000 1 90 47.5 1.6 0.375
100000 1 90 47.5 0 10
100000 1 90 47.5 0 -0.45
100000 1 90 47.5 0 -0.15
100000 1 90 47.5 0 -0.3
100000 1 90 47.5 0 0.3
100000 1 90 52.5 -10 10
100000 1 90 52.5 -10 -0.375
100000 1 90 52.5 -10 -0.075
100000 1 90 52.5 -10 -0.225
100000 1 90 52.5 -10 0.375
100000 1 90 52.5 6.8 10
100000 1 90 52.5 6.8 -0.375
100000 1 90 52.5 6.8 -0.075
100000 1 90 52.5 6.8 -0.225
100000 1 90 52.5 6.8 0.375
100000 1 90 52.5 7.6 10
100000 1 90 52.5 7.6 -0.375
100000 1 90 52.5 7.6 -0.075
100000 1 90 52.5 7.6 -0.225
100000 1 90 52.5 7.6 0.375
100000 1 90 52.5 7.2 10
100000 1 90 52.5 7.2 -0.375
100000 1 90 52.5 7.2 -0.075
100000 1 90 52.5 7.2 -0.225
100000 1 90 52.5 7.2 0.375
100000 1 90 52.5 8.8 10
100000 1 90 52.5 8.8 -0.375
100000 1 90 52.5 8.8 -0.075
100000 1 90 52.5 8.8 -0.225
100000 1 90 52.5 8.8 0.375
100000 1 90 52.5 8 10
100000 1 90 52.5 8 -0.375
100000 1 90 52.5 8 -0.075
100000 1 90 52.5 8 -0.225
100000 1 90 52.5 8 0.375
100000 1 90 52.5 6.4 10
100000 1 90 52.5 6.4 -0.375
100000 1 90 52.5 6.4 -0.075
100000 1 90 52.5 6.4 -0.225
100000 1 90 52.5 6.4 0.375
100000 1 90 52.5 4.8 10
100000 1 90 52.5 4.8 -0.375
100000 1 90 52.5 4.8 -0.075
100000 1 90 52.5 4.8 -0.225
100000 1 90 52.5 4.8 0.375
100000 1 90 52.5 3.2 10
100000 1 90 52.5 3.2 -0.375
100000 1 90 52.5 3.2 -0.075
100000 1 90 52.5 3.2 -0.225
100000 1 90 52.5 3.2 0.375
100000 1 90 52.5 1.6 10
100000 1 90 52.5 1.6 -0.375
100000 1 90 52.5 1.6 -0.075
100000 1 90 52.5 1.6 -0.225
100000 1 90 52.5 1.6 0.375
100000 1 90 52.5 0 10
100000 1 90 52.5 0 -0.45
100000 1 90 52.5 0 -0.15
100000 1 90 52.5 0 -0.3
100000 1 90 52.5 0 0.3
100000 1 90 50 -10 10
100000 1 90 50 -10 -0.375
100000 1 90 50 -10 -0.075
100000 1 90 50 -10 -0.225
100000 1 90 50 -10 0.375
100000 1 90 50 6.8 10
100000 1 90 50 6.8 -0.375
100000 1 90 50 6.8 -0.075
100000 1 90 50 6.8 -0.225
100000 1 90 50 6.8 0.375
100000 1 90 50 7.6 10
100000 1 90 50 7.6 -0.375
100000 1 90 50 7.6 -0.075
100000 1 90 50 7.6 -0.225
100000 1 90 50 7.6 0.375
100000 1 90 50 7.2 10
100000 1 90 50 7.2 -0.375
100000 1 90 50 7.2 -0.075
100000 1 90 50 7.2 -0.225
100000 1 90 50 7.2 0.375
100000 1 90 50 8.8 10
100000 1 90 50 8.8 -0.375
100000 1 90 50 8.8 -0.075
100000 1 90 50 8.8 -0.225
100000 1 90 50 8.8 0.375
100000 1 90 50 8 10
100000 1 90 50 8 -0.375
100000 1 90 50 8 -0.075
100000 1 90 50 8 -0.225
100000 1 90 50 8 0.375
100000 1 90 50 6.4 10
100000 1 90 50 6.4 -0.375
100000 1 90 50 6.4 -0.075
100000 1 90 50 6.4 -0.225
100000 1 90 50 6.4 0.375
100000 1 90 50 4.8 10
100000 1 90 50 4.8 -0.375
100000 1 90 50 4.8 -0.075
100000 1 90 50 4.8 -0.225
100000 1 90 50 4.8 0.375
100000 1 90 50 3.2 10
100000 1 90 50 3.2 -0.375
100000 1 90 50 3.2 -0.075
100000 1 90 50 3.2 -0.225
100000 1 90 50 3.2 0.375
100000 1 90 50 1.6 10
100000 1 90 50 1.6 -0.375
100000 1 90 50 1.6 -0.075
100000 1 90 50 1.6 -0.225
100000 1 90 50 1.6 0.375
100000 1 90 50 0 10
100000 1 90 50 0 -0.45
100000 1 90 50 0 -0.15
100000 1 90 50 0 -0.3
100000 1 90 50 0 0.3
100000 1 90 60 -10 10
100000 1 90 60 -10 -0.375
100000 1 90 60 -10 -0.075
100000 1 90 60 -10 -0.225
100000 1 90 60 -10 0.375
100000 1 90 60 6.8 10
100000 1 90 60 6.8 -0.375
100000 1 90 60 6.8 -0.075
100000 1 90 60 6.8 -0.225
100000 1 90 60 6.8 0.375
100000 1 90 60 7.6 10
100000 1 90 60 7.6 -0.375
100000 1 90 60 7.6 -0.075
100000 1 90 60 7.6 -0.225
100000 1 90 60 7.6 0.375
100000 1 90 60 7.2 10
100000 1 90 60 7.2 -0.375
100000 1 90 60 7.2 -0.075
100000 1 90 60 7.2 -0.225
100000 1 90 60 7.2 0.375
100000 1 90 60 8.8 10
100000 1 90 60 8.8 -0.375
100000 1 90 60 8.8 -0.075
100000 1 90 60 8.8 -0.225
100000 1 90 60 8.8 0.375
100000 1 90 60 8 10
100000 1 90 60 8 -0.375
100000 1 90 60 8 -0.075
100000 1 90 60 8 -0.225
100000 1 90 60 8 0.375
100000 1 90 60 6.4 10
100000 1 90 60 6.4 -0.375
100000 1 90 60 6.4 -0.075
100000 1 90 60 6.4 -0.225
100000 1 90 60 6.4 0.375
100000 1 90 60 4.8 10
100000 1 90 60 4.8 -0.375
100000 1 90 60 4.8 -0.075
100000 1 90 60 4.8 -0.225
100000 1 90 60 4.8 0.375
100000 1 90 60 3.2 10
100000 1 90 60 3.2 -0.375
100000 1 90 60 3.2 -0.075
100000 1 90 60 3.2 -0.225
100000 1 90 60 3.2 0.375
100000 1 90 60 1.6 10
100000 1 90 60 1.6 -0.375
100000 1 90 60 1.6 -0.075
100000 1 90 60 1.6 -0.225
100000 1 90 60 1.6 0.375
100000 1 90 60 0 10
100000 1 90 60 0 -0.45
100000 1 90 60 0 -0.15
100000 1 90 60 0 -0.3
100000 1 90 60 0 0.3
100000 1 90 55 -10 10
100000 1 90 55 -10 -0.375
100000 1 90 55 -10 -0.075
100000 1 90 55 -10 -0.225
100000 1 90 55 -10 0.375
100000 1 90 55 6.8 10
100000 1 90 55 6.8 -0.375
100000 1 90 55 6.8 -0.075
100000 1 90 55 6.8 -0.225
100000 1 90 55 6.8 0.375
100000 1 90 55 7.6 10
100000 1 90 55 7.6 -0.375
100000 1 90 55 7.6 -0.075
100000 1 90 55 7.6 -0.225
100000 1 90 55 7.6 0.375
100000 1 90 55 7.2 10
100000 1 90 55 7.2 -0.375
100000 1 90 55 7.2 -0.075
100000 1 90 55 7.2 -0.225
100000 1 90 55 7.2 0.375
100000 1 90 55 8.8 10
100000 1 90 55 8.8 -0.375
100000 1 90 55 8.8 -0.075
100000 1 90 55 8.8 -0.225
100000 1 90 55 8.8 0.375
100000 1 90 55 8 10
100000 1 90 55 8 -0.375
0
180784 0 100 -10 0.225