5274587 1.82724 100 65 1 2.55
5274587 1.82724 100 55 1 2.55
5274587 1.82724 100 0 1 2.55
4585194 1.9386 100 0 0.6 2.55
4502857 1.933 60 75 0.6 2.55
4502857 1.933 100 75 0.6 2.55
3142698 1.81831 100 65 10 2.7
2562354 1.94393 60 65 10 2.7
2557146 1.94325 100 75 10 2.7
2557146 1.94325 60 75 10 2.7
2546634 1.95512 60 0 10 2.85
2546634 1.95512 100 0 10 2.85
2531106 1.93983 100 77.5 10 2.7
2531106 1.93983 60 77.5 10 2.7
2513154 1.9514 60 45 10 2.85
2513154 1.9514 100 45 10 2.85
2488044 1.94861 100 55 10 2.85
2404215 1.9393 100 65 10 2.85
2341284 1.7439 48 77.5 -0.2 2.4
2341284 1.7439 60 77.5 -0.2 2.4
2341284 1.7439 100 77.5 -0.2 2.4
2261731 1.73348 60 77.5 -0.6 2.4
2261731 1.73348 100 77.5 -0.6 2.4
2245781 1.4761 100 65 10 2.55
2177704 1.72288 48 77.5 -0.2 2.25
2133662 1.70426 60 55 -0.2 2.4
2133662 1.70426 60 65 -0.2 2.4
2133662 1.70426 100 65 -0.2 2.4
2133662 1.70426 48 45 -0.4 2.4
2133662 1.70426 60 0 -0.2 2.4
2133662 1.70426 48 65 -0.2 2.4
2133662 1.70426 60 45 -0.4 2.4
2133662 1.70426 100 55 -0.2 2.4
2133662 1.70426 48 0 -0.2 2.4
2133662 1.70426 100 45 -0.4 2.4
2133662 1.70426 48 55 -0.2 2.4
2065148 1.70814 100 77.5 -0.6 2.25
2065148 1.70814 60 77.5 -0.6 2.25
2061219 1.69385 100 65 -0.6 2.4
2061219 1.69385 100 0 -0.6 2.4
2061219 1.69385 60 55 -0.6 2.4
2061219 1.69385 100 55 -0.6 2.4
2061219 1.69385 60 0 -0.6 2.4
2061219 1.69385 60 65 -0.6 2.4
2061219 1.69385 60 75 -0.6 2.4
2061219 1.69385 100 75 -0.6 2.4
2052502 1.47193 60 0 10 2.55
2052502 1.47193 100 0 10 2.55
2025490 1.46986 60 45 10 2.55
2025490 1.46986 100 45 10 2.55
1984635 1.68324 48 0 -0.2 2.25
1984635 1.68324 60 45 -0.4 2.25
1984635 1.68324 100 45 -0.4 2.25
1984635 1.68324 48 55 -0.2 2.25
1984635 1.68324 48 65 -0.2 2.25
1984635 1.68324 48 45 -0.4 2.25
1955537 1.46609 100 55 10 2.55
1928895 1.60559 100 0 1.4 2.55
1882189 1.66851 60 55 -0.6 2.25
1882189 1.66851 100 75 -0.6 2.25
1882189 1.66851 100 65 -0.6 2.25
1882189 1.66851 60 65 -0.6 2.25
1882189 1.66851 100 55 -0.6 2.25
1882189 1.66851 100 0 -0.6 2.25
1882189 1.66851 60 75 -0.6 2.25
1882189 1.66851 60 0 -0.6 2.25
1876864 1.59781 60 77.5 10 2.55
1876864 1.59781 100 77.5 10 2.55
1874052 1.87988 48 80 1 2.4
1874052 1.87988 100 80 1 2.4
1874052 1.87988 60 80 1 2.4
1831013 1.50729 60 65 10 2.55
1791100 1.86779 100 80 -0.6 2.4
1791100 1.86779 100 80 -0.2 2.4
1791100 1.86779 60 80 -0.2 2.4
1791100 1.86779 60 80 -0.6 2.4
1791100 1.86779 48 80 -0.2 2.4
1743012 1.84266 100 80 1 2.25
1743012 1.84266 60 80 1 2.25
1743012 1.84266 48 80 1 2.25
1739647 1.84138 60 82.5 1 2.4
1739647 1.84138 100 82.5 1 2.4
1665977 1.83056 48 80 -0.2 2.25
1665977 1.83056 60 80 -0.2 2.25
1665977 1.83056 100 80 -0.2 2.25
1664552 1.81468 100 65 1 2.7
1664552 1.81468 100 55 1 2.7
1664552 1.81468 100 0 1.4 2.7
1664552 1.81468 100 0 1 2.7
1662618 1.82928 100 82.5 -0.6 2.4
1662618 1.82928 60 82.5 -0.6 2.4
1662618 1.82928 100 82.5 -0.2 2.4
1662618 1.82928 60 82.5 -0.2 2.4
1635379 1.82539 60 80 -0.6 2.25
1635379 1.82539 100 80 -0.6 2.25
1625623 1.80186 48 77.5 -0.6 2.4
1617927 1.80415 60 82.5 1 2.25
1617927 1.80415 100 82.5 1 2.25
1606287 1.84081 60 80 10 2.4
1606287 1.84081 48 80 10 2.4
1606287 1.84081 100 80 10 2.4
1594479 1.79393 100 77.5 -1 2.4
1594479 1.79393 60 77.5 -1 2.4
1546362 1.79206 100 82.5 -0.2 2.25
1546362 1.79206 60 82.5 -0.2 2.25
1540632 1.49022 60 55 10 2.55
1518118 1.78688 100 82.5 -0.6 2.25
1518118 1.78688 60 82.5 -0.6 2.25
1508449 1.784 100 82.5 -0.6 2.1
1508449 1.784 60 82.5 -0.6 2.1
1494061 1.80359 48 80 10 2.25
1494061 1.80359 60 80 10 2.25
1494061 1.80359 100 80 10 2.25
1491126 1.80231 100 82.5 10 2.4
1491126 1.80231 60 82.5 10 2.4
1484252 1.77146 48 77.5 -0.6 2.25
1481463 1.7543 48 55 -0.6 2.4
1481463 1.7543 48 0 -0.6 2.4
1481463 1.7543 48 65 -0.6 2.4
1481463 1.7543 48 75 -0.6 2.4
1461093 1.76458 60 77.5 -1 2.25
1461093 1.76458 100 77.5 -1 2.25
1457622 1.77461 60 82.5 -0.2 2.1
1457622 1.77461 100 82.5 -0.2 2.1
1453199 1.74637 60 45 -0.8 2.4
1453199 1.74637 100 45 -0.8 2.4
1453199 1.74637 100 55 -1 2.4
1453199 1.74637 60 45 -1.2 2.4
1453199 1.74637 60 55 -1 2.4
1453199 1.74637 100 45 -1.2 2.4
1453199 1.74637 60 65 -1 2.4
1453199 1.74637 60 0 -1 2.4
1453199 1.74637 100 65 -1 2.4
1446873 1.98765 60 77.5 -0.2 2.7
1446873 1.98765 100 77.5 -0.2 2.7
1446873 1.98765 60 55 -0.2 2.7
1446873 1.98765 60 65 -0.2 2.7
1446873 1.98765 100 75 0.6 2.7
1446873 1.98765 100 65 -0.2 2.7
1446873 1.98765 100 0 0.6 2.7
1446873 1.98765 100 55 -0.2 2.7
1446873 1.98765 60 0 -0.2 2.7
1446873 1.98765 60 75 0.6 2.7
1413135 1.53984 60 75 10 2.55
1413135 1.53984 100 75 10 2.55
1386866 1.76508 60 82.5 10 2.25
1386866 1.76508 100 82.5 10 2.25
1352602 1.72389 48 75 -0.6 2.25
1352602 1.72389 48 55 -0.6 2.25
1352602 1.72389 48 0 -0.6 2.25
1352602 1.72389 48 65 -0.6 2.25
1331638 1.71702 100 65 -1 2.25
1331638 1.71702 100 45 -1.2 2.25
1331638 1.71702 60 45 -1.2 2.25
1331638 1.71702 60 0 -1 2.25
1331638 1.71702 60 55 -1 2.25
1331638 1.71702 100 55 -1 2.25
1331638 1.71702 60 65 -1 2.25
1331027 1.97704 100 85 1 2.4
1331027 1.97704 60 85 1 2.4
1326905 1.71596 60 45 -0.8 2.25
1326905 1.71596 100 45 -0.8 2.25
1287360 1.98684 48 80 -0.6 2.4
1272175 1.95986 100 85 -0.6 2.4
1272175 1.95986 60 85 -0.2 2.4
1272175 1.95986 60 85 -0.6 2.4
1272175 1.95986 100 85 -0.2 2.4
1262673 1.97129 60 80 -1 2.4
1262673 1.97129 100 80 -1 2.4
1242339 1.93183 100 85 1 2.25
1242339 1.93183 60 85 1 2.25
1230083 1.50896 36 65 10 2.4
1222215 1.73016 100 82.5 10 2.1
1222215 1.73016 60 82.5 10 2.1
1220122 1.43585 36 65 10 2.25
1203350 1.91111 48 77.5 -1 2.4
1199056 1.78164 27 45 0.8 1.2
1187441 1.91465 60 85 -0.2 2.25
1187441 1.91465 100 85 -0.2 2.25
1178505 1.72179 100 82.5 1 2.1
1178505 1.72179 60 82.5 1 2.1
1175418 1.93384 48 80 -0.6 2.25
1174423 1.80092 30 77.5 10 2.1
1171999 1.92316 100 82.5 -1 2.4
1171999 1.92316 60 82.5 -1 2.4
1165749 1.90818 60 85 -0.6 2.25
1165749 1.90818 100 85 -0.6 2.25
1158325 1.90457 60 85 -0.6 2.1
1158325 1.90457 100 85 -0.6 2.1
1158325 1.90457 60 85 -0.6 1.95
1158325 1.90457 100 85 -0.6 1.95
1157044 1.92129 100 80 -1 2.25
1157044 1.92129 60 80 -1 2.25
1151950 1.43335 36 0 10 2.25
1151950 1.43335 36 45 10 2.25
1140864 1.92154 60 85 10 2.4
1140864 1.92154 100 85 10 2.4
1123147 1.43085 36 55 10 2.25
1119303 1.50351 36 0 10 2.4
1119303 1.50351 36 45 10 2.4
1119250 1.89284 100 85 -0.2 2.1
1119250 1.89284 60 85 -0.2 1.95
1119250 1.89284 60 85 -0.2 2.1
1119250 1.89284 100 85 -0.2 1.95
1102686 1.87442 48 77.5 -1 2.25
1096646 1.85165 48 0 -1 2.4
1096646 1.85165 48 65 -1 2.4
1096646 1.85165 48 45 -0.8 2.4
1096646 1.85165 48 55 -1 2.4
1096646 1.85165 48 45 -1.2 2.4
1091681 1.50065 36 55 10 2.4
1073959 1.87316 60 82.5 -1 2.25
1073959 1.87316 100 82.5 -1 2.25
1067119 1.86967 60 82.5 -1 2.1
1067119 1.86967 100 82.5 -1 2.1
1064947 1.87633 60 85 10 2.25
1064947 1.87633 100 85 10 2.25
1051148 1.9626 48 82.5 10 2.1
1024410 1.95346 30 45 0.8 1.8
1016998 1.85917 100 65 1 2.85
1016998 1.85917 100 0 1 2.85
1016998 1.85917 100 55 1 2.85
1016998 1.85917 100 0 1.4 2.85
1013735 1.32358 100 65 10 2.4
1013535 1.95213 48 82.5 1 2.1
1004905 1.81496 48 45 -1.2 2.25
1004905 1.81496 48 65 -1 2.25
1004905 1.81496 48 0 -1 2.25
1004905 1.81496 48 55 -1 2.25
1004666 1.94739 30 65 1 1.8
1004666 1.94739 30 55 1 1.8
1004666 1.94739 30 0 1 1.8
1003700 1.85452 60 85 10 1.95
1003700 1.85452 60 85 10 2.1
1003700 1.85452 100 85 10 1.95
1003700 1.85452 100 85 10 2.1
1001349 1.81364 48 45 -0.8 2.25
988737 1.61466 27 45 0.8 1.05
977223 1.32511 60 0 10 2.4
977223 1.32511 100 0 10 2.4
971555 1.96932 30 70 -0.6 1.35
967881 1.84263 100 85 1 1.95
967881 1.84263 60 85 1 2.1
967881 1.84263 100 85 1 2.1
967881 1.84263 60 85 1 1.95
967392 1.96528 30 65 -0.6 1.35
967392 1.96528 30 55 -0.6 1.35
967392 1.96528 30 0 -0.6 1.35
964321 1.32304 100 45 10 2.4
964321 1.32304 60 45 10 2.4
956623 1.64021 30 45 0.8 1.65
944162 1.97114 27 72.5 0.6 1.05
944162 1.97114 27 72.5 0.6 0.75
944162 1.97114 27 72.5 0.6 0.9
930877 1.31927 100 55 10 2.4
901106 1.6495 36 45 0.8 2.25
897461 1.79589 36 55 1 2.4
897461 1.79589 36 0 1 2.4
897461 1.79589 36 65 1 2.4
890041 1.64746 36 0 1 2.25
890041 1.64746 36 65 1 2.25
890041 1.64746 36 55 1 2.25
884713 1.50307 100 0 10 2.7
884713 1.50307 60 0 10 2.7
875715 1.40286 100 55 1 2.4
875715 1.40286 100 0 1 2.4
875715 1.40286 100 65 1 2.4
875715 1.40286 100 0 1.4 2.4
873118 1.49997 100 45 10 2.7
873118 1.49997 60 45 10 2.7
864448 1.49764 100 55 10 2.7
851362 1.37853 100 0 -0.6 1.95
851362 1.37853 100 55 -0.6 1.95
844321 1.4455 48 77.5 -0.2 2.1
844321 1.4455 48 77.5 -0.2 1.95
844321 1.4455 100 77.5 -0.2 2.1
844321 1.4455 60 77.5 -0.2 2.1
844170 1.4429 48 77.5 -0.6 1.95
844170 1.4429 60 75 -0.6 2.1
844170 1.4429 48 55 -0.6 1.95
844170 1.4429 100 55 -0.6 2.1
844170 1.4429 60 77.5 -0.6 2.1
844170 1.4429 60 77.5 -0.6 1.95
844170 1.4429 48 65 -0.6 1.95
844170 1.4429 48 75 -0.6 1.95
844170 1.4429 60 65 -0.6 1.95
844170 1.4429 60 55 -0.6 2.1
844170 1.4429 60 55 -0.6 1.95
844170 1.4429 100 65 -0.6 1.95
844170 1.4429 100 77.5 -0.6 2.1
844170 1.4429 100 0 -0.6 2.1
844170 1.4429 100 75 -0.6 2.1
844170 1.4429 60 75 -0.6 1.95
844170 1.4429 100 77.5 -0.6 1.95
844170 1.4429 60 65 -0.6 2.1
844170 1.4429 100 65 -0.6 2.1
844170 1.4429 100 75 -0.6 1.95
844170 1.4429 48 0 -0.6 1.95
844170 1.4429 60 0 -0.6 2.1
844170 1.4429 60 0 -0.6 1.95
835265 1.42369 24 65 -0.2 0.45
826491 1.33406 48 65 10 2.4
826491 1.33406 60 65 10 2.4
817269 1.58691 36 75 10 2.25
816616 1.45575 48 75 1.4 2.4
816616 1.45575 60 75 1.4 2.4
816616 1.45575 100 75 1.4 2.4
815575 1.42045 24 65 -0.2 0.6
810892 1.58521 18 57.5 -0.2 0.45
810651 1.36905 100 45 -0.8 1.95
807054 1.45702 48 45 0.8 2.4
807054 1.45702 60 45 0.8 2.4
807054 1.45702 100 45 0.8 2.4
806701 1.43273 60 45 -1.2 1.95
806701 1.43273 48 55 -1 1.95
806701 1.43273 48 0 -1 1.95
806701 1.43273 60 77.5 -1 1.95
806701 1.43273 60 0 -1 1.95
806701 1.43273 60 55 -1 1.95
806701 1.43273 60 65 -1 1.95
806701 1.43273 48 77.5 -1 1.95
806701 1.43273 100 55 -1 1.95
806701 1.43273 48 65 -1 1.95
806701 1.43273 100 77.5 -1 1.95
806701 1.43273 100 65 -1 1.95
806701 1.43273 100 45 -1.2 1.95
803840 1.43184 48 45 -0.8 1.95
803840 1.43184 60 45 -0.8 1.95
792609 1.45141 60 77.5 1 2.4
792609 1.45141 48 75 1 2.4
792609 1.45141 100 75 1 2.4
792609 1.45141 60 75 1 2.4
792609 1.45141 48 77.5 1 2.4
792609 1.45141 100 77.5 1 2.4
788229 1.45362 60 0 1 2.4
788229 1.45362 60 65 1 2.4
788229 1.45362 48 65 1 2.4
788229 1.45362 60 55 1 2.4
788229 1.45362 48 0 1 2.4
788229 1.45362 48 55 1 2.4
787828 1.45159 100 0 0.6 2.4
773691 1.44599 60 75 0.6 2.4
773691 1.44599 48 75 0.6 2.4
773691 1.44599 100 75 0.6 2.4
771434 1.31896 48 65 10 2.25
756636 1.68167 36 75 10 2.4
752049 1.3259 48 45 10 2.4
752049 1.3259 48 0 10 2.4
751144 1.85805 33 75 1 2.1
749816 1.88677 30 75 -0.6 0.6
749816 1.88677 30 75 -0.6 0
749816 1.88677 30 75 -0.6 0.9
749816 1.88677 30 75 -0.6 -10
749816 1.88677 30 75 -0.6 0.15
749816 1.88677 30 75 -0.6 0.45
749816 1.88677 30 75 -0.6 0.3
748931 1.67932 36 77.5 10 2.4
748428 1.52233 18 60 0.6 0
745545 1.40377 27 65 -0.2 0.45
742964 1.57174 36 77.5 10 2.25
742061 1.4343 48 45 0.8 2.25
742061 1.4343 100 45 0.8 2.25
742061 1.4343 60 45 0.8 2.25
738299 1.80984 30 77.5 0.6 0.9
738299 1.80984 30 77.5 0.6 1.5
738299 1.80984 30 77.5 0.6 0.75
738299 1.80984 30 77.5 0.6 1.05
738299 1.80984 30 77.5 0.6 1.2
737276 1.88211 30 75 -0.2 1.2
737276 1.88211 30 75 -0.2 0.9
737276 1.88211 30 75 -0.2 1.05
737276 1.88211 30 75 -0.2 0.75
737276 1.88211 30 75 -0.2 0.6
737233 1.43039 48 77.5 1 2.25
737233 1.43039 100 77.5 1 2.25
737233 1.43039 100 75 1 2.25
737233 1.43039 60 75 1 2.25
737233 1.43039 60 77.5 1 2.25
737233 1.43039 48 75 1 2.25
735088 1.24682 100 0 10 2.1
735088 1.24682 60 0 10 2.1
733592 1.3234 48 55 10 2.4
733592 1.3234 60 55 10 2.4
732951 1.4326 60 0 1 2.25
732951 1.4326 60 55 1 2.25
732951 1.4326 60 65 1 2.25
732951 1.4326 48 65 1 2.25
732951 1.4326 48 0 1 2.25
732951 1.4326 48 55 1 2.25
730041 1.24546 60 45 10 2.1
730041 1.24546 100 45 10 2.1
728284 1.31645 48 0 10 2.25
728284 1.31645 48 45 10 2.25
728190 1.51454 18 62.5 0.6 0
728190 1.51454 18 62.5 1 0
728190 1.51454 18 62.5 1.4 0
728167 1.40054 27 65 -0.2 0.6
726280 1.2662 100 65 10 2.1
723020 1.39575 24 55 -0.2 0.45
719732 1.42496 48 75 0.6 2.25
710092 1.31395 48 55 10 2.25
707645 1.51944 100 82.5 -0.6 1.8
707645 1.51944 100 82.5 -0.6 1.95
707645 1.51944 60 82.5 -0.6 1.8
707645 1.51944 60 82.5 -0.6 1.95
707645 1.51944 48 82.5 -0.6 1.8
704763 1.24206 100 55 10 2.1
701596 1.5156 48 82.5 -0.6 1.65
699439 1.78361 30 80 1.4 1.5
699439 1.78361 30 80 1 1.5
683793 1.51006 100 82.5 -0.2 1.8
683793 1.51006 48 82.5 -0.2 1.8
683793 1.51006 100 82.5 -0.2 1.95
683793 1.51006 60 82.5 -0.2 1.95
683793 1.51006 60 82.5 -0.2 1.8
683754 1.3533 100 45 -0.4 1.95
682824 1.5126 48 80 -0.6 1.8
682824 1.5126 100 80 -0.6 1.8
682824 1.5126 60 80 -0.6 1.8
682257 1.37606 24 45 0.4 0.3
681039 1.54982 60 55 10 2.7
677950 1.50621 48 82.5 -0.2 1.65
677938 1.41347 100 45 -0.4 2.1
677938 1.41347 60 45 -0.4 2.1
677938 1.41347 60 45 -0.4 1.95
677938 1.41347 48 45 -0.4 2.1
677938 1.41347 48 45 -0.4 1.95
677430 1.38573 27 45 -0.4 0.3
675374 1.34123 48 75 10 2.25
671430 1.50537 60 82.5 -1 1.95
671430 1.50537 60 82.5 -1 1.8
671430 1.50537 100 82.5 -1 1.95
671430 1.50537 100 82.5 -1 1.8
671430 1.50537 48 82.5 -1 1.8
668551 1.50626 100 80 -0.6 2.1
668551 1.50626 60 80 -0.6 1.95
668551 1.50626 100 80 -0.6 1.95
668551 1.50626 60 80 -0.6 2.1
668551 1.50626 48 80 -0.6 1.95
666744 1.37128 24 45 0.8 0.3
666496 1.36913 24 45 0.4 0.45
665693 1.50153 48 82.5 -1 1.65
665334 1.71262 27 45 -0.8 1.2
664825 1.34717 48 75 10 2.4
664825 1.34717 60 75 10 2.4
664825 1.34717 100 75 10 2.4
661288 1.38188 24 55 -0.2 0.6
660852 1.36884 24 0 0.6 0.3
659740 1.50322 60 80 -0.2 1.8
659740 1.50322 48 80 -0.2 1.8
659740 1.50322 100 80 -0.2 1.8
658055 1.34549 100 77.5 10 2.4
658055 1.34549 60 77.5 10 2.4
658055 1.34549 48 77.5 10 2.4
651324 1.36435 24 45 0.8 0.45
650769 1.36589 24 45 0.4 0.6
650143 1.49933 48 80 -1 1.8
650143 1.49933 100 80 -1 1.8
650143 1.49933 60 80 -1 1.8
645921 1.49687 100 80 -0.2 1.95
645921 1.49687 48 80 -0.2 1.95
645921 1.49687 48 80 -0.2 2.1
645921 1.49687 60 80 -0.2 2.1
645921 1.49687 60 80 -0.2 1.95
645921 1.49687 100 80 -0.2 2.1
645584 1.36191 24 0 0.6 0.45
644587 1.49549 48 80 -1 1.65
643293 1.40133 60 55 -0.2 2.1
643293 1.40133 48 65 -0.2 2.1
643293 1.40133 48 65 -0.2 1.95
643293 1.40133 48 55 -0.2 2.1
643293 1.40133 100 65 -0.2 2.1
643293 1.40133 48 0 -0.2 1.95
643293 1.40133 100 55 -0.2 2.1
643293 1.40133 48 0 -0.2 2.1
643293 1.40133 60 65 -0.2 2.1
643293 1.40133 60 0 -0.2 2.1
643293 1.40133 48 55 -0.2 1.95
640225 1.46861 18 65 1.4 0
640225 1.46861 18 65 1 0
640225 1.46861 18 65 0.6 0
638859 1.49405 60 80 -1 1.95
638859 1.49405 100 80 -1 1.95
638093 1.47521 48 82.5 -0.6 1.5
636731 1.37748 27 45 -0.4 0
636731 1.37748 27 45 -0.4 0.15
635986 1.37308 27 55 -0.2 0.45
635986 1.37308 27 0 -0.2 0.45
633378 1.34178 24 65 -0.2 0
633378 1.34178 24 65 -0.2 0.15
633378 1.34178 24 65 -0.2 0.3
630369 1.35867 24 45 0.8 0.6
630369 1.35867 24 0 0.6 0.6
630214 1.38295 48 77.5 -0.2 1.8
630214 1.38295 60 77.5 -0.2 1.8
630214 1.38295 100 77.5 -0.2 1.8
630060 1.38036 48 77.5 -0.6 1.8
630060 1.38036 60 77.5 -0.6 1.8
630060 1.38036 100 77.5 -0.6 1.8
626504 1.39156 60 75 1.4 2.25
626504 1.39156 100 75 1.4 2.25
626504 1.39156 48 75 1.4 2.25
626302 1.4737 18 60 1.4 0.15
626302 1.4737 18 60 1.4 0
626302 1.4737 18 60 1 0.15
626302 1.4737 18 60 1 0
625434 1.30134 24 0 1 -10
624222 1.95091 30 80 10 1.8
624222 1.95091 30 80 10 1.65
622330 1.28033 30 65 10 1.95
621032 1.33517 24 65 -0.6 -10
621032 1.33517 24 65 -0.6 -0.45
621032 1.33517 24 65 -0.6 -0.3
621032 1.33517 24 65 -0.6 -0.15
620946 1.69184 27 55 -0.6 1.2
620946 1.69184 27 0 -0.6 1.2
620431 1.4711 18 60 1.4 0.45
616587 1.46583 48 82.5 -0.2 1.5
616210 1.44792 18 60 0.6 -0.15
616210 1.44792 18 60 0.6 -0.3
616124 1.35566 24 55 -0.6 -10
615292 1.35051 24 55 -0.2 0.3
614781 1.36683 27 45 -0.4 0.45
614025 1.32822 48 77.5 10 2.25
612378 1.76257 27 67.5 1.4 1.8
611845 1.46726 18 60 1 0.45
610574 1.33251 24 65 -0.2 -10
608742 1.45422 48 45 -1.2 1.95
607164 1.67602 30 80 10 -10
607164 1.67602 30 80 10 0.6
607164 1.67602 30 80 10 1.35
607164 1.67602 30 80 10 1.5
607164 1.67602 30 80 10 1.2
607164 1.67602 30 80 10 0
606609 1.45316 48 0 -0.6 2.1
606609 1.45316 48 75 -0.6 2.1
606609 1.45316 48 55 -0.6 2.1
606609 1.45316 48 65 -0.6 2.1
606609 1.45316 48 77.5 -0.6 2.1
605715 1.35289 27 55 -0.6 -10
605443 1.46114 48 82.5 -1 1.5
605443 1.46114 48 82.5 -1 1.35
605387 1.50125 33 65 10 2.25
601427 1.44815 100 65 -1 2.1
601427 1.44815 60 65 -1 2.1
601427 1.44815 100 45 -1.2 2.1
601427 1.44815 100 77.5 -1 2.1
601427 1.44815 60 0 -1 2.1
601427 1.44815 60 45 -1.2 2.1
601427 1.44815 60 55 -1 2.1
601427 1.44815 100 55 -1 2.1
601427 1.44815 60 77.5 -1 2.1
601114 1.36029 27 45 -0.4 -10
600383 1.3636 27 45 -0.4 0.6
600096 1.3693 60 77.5 -1 1.8
600096 1.3693 100 77.5 -1 1.8
600096 1.3693 48 77.5 -1 1.8
599569 1.44014 18 62.5 0.6 -0.3
599569 1.44014 18 62.5 1.4 -0.15
599569 1.44014 18 62.5 1 -0.3
599569 1.44014 18 62.5 1 -0.15
599569 1.44014 18 62.5 0.6 -0.15
599569 1.44014 18 62.5 1.4 -0.3
599319 1.4471 60 45 -0.8 2.1
599319 1.4471 100 45 -0.8 2.1
599297 1.65944 30 80 0.6 1.2
597031 1.60056 36 85 10 0.15
597031 1.60056 36 85 10 0.45
597031 1.60056 36 85 10 -10
597031 1.60056 36 85 10 0.3
597031 1.60056 36 85 10 0.9
597031 1.60056 36 85 10 0.6
597031 1.60056 36 85 10 0
596982 1.46052 18 60 1.4 0.3
596982 1.46052 18 60 1 0.3
594711 1.35384 18 45 1.2 -10
594711 1.35384 18 45 0.8 -10
594711 1.35384 18 45 0.4 -10
593477 1.38653 18 57.5 -0.2 0.15
593477 1.38653 18 57.5 -0.2 0
592238 1.27145 60 65 10 2.1
592238 1.27145 48 65 10 2.1
592238 1.27145 36 65 10 2.1
591336 1.34999 24 55 1 0.3
591336 1.34999 24 0 1 0.3
590707 1.34984 24 45 1.2 0.3
589351 1.64811 30 80 0.6 0
589351 1.64811 30 80 0.6 0.75
589351 1.64811 30 80 0.6 0.9
589351 1.64811 30 80 0.6 -10
589351 1.64811 30 80 0.6 0.6
589351 1.64811 30 80 0.6 1.05
587690 1.65337 30 80 1.4 1.2
587690 1.65337 30 80 1 1.2
584542 1.35603 24 45 0.4 -10
583332 1.79787 33 45 0.8 2.1
582330 1.59886 36 75 -0.6 1.65
581639 1.35922 27 55 -0.2 0.6
581639 1.35922 27 0 -0.2 0.6
578766 1.31941 100 65 1 2.1
578766 1.31941 100 55 1 2.1
578766 1.31941 100 0 1 2.1
578131 1.35274 24 45 0.4 0
577973 1.64205 30 80 1 0
577973 1.64205 30 80 1.4 -10
577973 1.64205 30 80 1 0.9
577973 1.64205 30 80 1.4 0.9
577973 1.64205 30 80 1 0.6
577973 1.64205 30 80 1.4 0
577973 1.64205 30 80 1.4 0.6
577973 1.64205 30 80 1 -10
577642 1.34306 24 0 1 0.45
577642 1.34306 24 55 1 0.45
576966 1.3429 24 45 1.2 0.45
576848 1.37518 18 57.5 1 0.3
576782 1.36967 18 57.5 1 0.15
576782 1.36967 18 57.5 1 0
576331 1.46661 24 55 -1 0.3
575825 1.58867 36 85 1 0.15
575825 1.58867 36 85 1.4 0.45
575825 1.58867 36 85 1 0.45
575825 1.58867 36 85 1 0.6
575825 1.58867 36 85 1 0.3
575825 1.58867 36 85 0.6 0.3
575825 1.58867 36 85 1 -10
575825 1.58867 36 85 1.4 0
575825 1.58867 36 85 0.6 0.9
575825 1.58867 36 85 0.6 0.6
575825 1.58867 36 85 1.4 0.6
575825 1.58867 36 85 0.6 0.45
575825 1.58867 36 85 1 0.9
575825 1.58867 36 85 0.6 0
575825 1.58867 36 85 0.6 0.15
575825 1.58867 36 85 1.4 0.9
575825 1.58867 36 85 1 0
575825 1.58867 36 85 1.4 0.3
575825 1.58867 36 85 0.6 -10
575825 1.58867 36 85 1.4 0.15
575825 1.58867 36 85 1.4 -10
573347 1.46561 100 82.5 10 1.8
573347 1.46561 48 82.5 10 1.95
573347 1.46561 48 82.5 10 1.8
573347 1.46561 100 82.5 10 1.95
573347 1.46561 60 82.5 10 1.8
573347 1.46561 60 82.5 10 1.95
573313 1.35222 24 45 0.8 -10
573153 1.63638 30 80 1.4 1.35
573153 1.63638 30 80 1 1.35
572267 1.7918 33 65 1 2.1
572267 1.7918 33 70 1 2.1
572267 1.7918 33 0 1 2.1
572267 1.7918 33 55 1 2.1
570598 1.42629 18 65 1 -0.15
570598 1.42629 18 65 1 -0.3
570598 1.42629 18 65 0.6 -0.15
570598 1.42629 18 65 1.4 -0.3
570598 1.42629 18 65 0.6 -0.3
570598 1.42629 18 65 1.4 -0.15
570306 1.35138 24 45 1.2 -10
570264 1.34048 24 55 -0.2 0.15
570235 1.34285 48 80 -1 1.5
569413 1.2411 48 45 10 2.1
569413 1.2411 36 45 10 2.1
568022 1.42467 18 60 0.6 -10
568022 1.42467 18 60 0.6 -0.45
566949 1.34893 24 0 0.6 0
566949 1.34893 24 45 0.8 0
565862 1.37555 18 57.5 -0.2 0.3
565840 1.38425 24 55 -0.6 0.3
565764 1.24054 36 0 10 2.1
565764 1.24054 48 0 10 2.1
565371 1.32186 27 65 -0.2 0
565371 1.32186 27 65 -0.2 0.15
565371 1.32186 27 65 -0.2 0.3
564622 1.34825 24 0 1 0
563959 1.3481 24 45 1.2 0
563181 1.44452 48 82.5 -0.6 1.35
560701 1.42111 18 62.5 0.6 -10
560701 1.42111 18 62.5 1 -10
560701 1.42111 18 62.5 1.4 -10
560701 1.42111 18 62.5 1.4 -0.45
560701 1.42111 18 62.5 1 -0.45
560701 1.42111 18 62.5 0.6 -0.45
560511 1.44259 48 82.5 -0.6 -10
560511 1.44259 48 82.5 -0.6 0
560511 1.44259 60 82.5 -0.6 -10
560511 1.44259 60 82.5 -0.6 0
560511 1.44259 100 82.5 -0.6 0
560511 1.44259 100 82.5 -0.6 -10
560511 1.44259 60 82.5 -0.6 0.6
560511 1.44259 48 82.5 -0.6 0.6
560511 1.44259 48 82.5 -0.6 1.2
560511 1.44259 60 82.5 -0.6 1.2
560511 1.44259 100 82.5 -0.6 0.6
560511 1.44259 100 82.5 -0.6 1.2
559595 1.43255 18 60 1.4 0.6
558996 1.33738 24 55 1 0.6
558996 1.33738 24 0 1 0.6
558517 1.33723 24 45 1.2 0.6
556084 1.48375 33 65 10 2.4
555385 1.42374 18 60 -0.6 -0.3
555385 1.42374 18 60 -0.6 -0.15
555350 1.23887 36 55 10 2.1
555350 1.23887 60 55 10 2.1
555350 1.23887 48 55 10 2.1
554936 1.32836 24 65 1 0.15
554936 1.32836 24 65 1 0.3
554936 1.32836 24 65 1 0.45
554936 1.32836 24 65 1 0
553690 1.34642 24 45 -0.8 -10
552807 1.45723 60 82.5 1 1.8
552807 1.45723 100 82.5 1 1.8
552807 1.45723 100 82.5 1 1.95
552807 1.45723 48 82.5 1 1.95
552807 1.45723 60 82.5 1 1.95
552807 1.45723 48 82.5 1 1.8
552765 1.37615 24 55 -0.6 0.45
551902 1.4287 18 60 1 0.6
551527 1.43298 33 80 10 1.8
551527 1.43298 33 80 10 1.65
549709 1.57728 60 85 -0.6 1.8
549709 1.57728 100 85 -0.6 1.8
548158 1.33996 24 55 1 0
548158 1.33996 24 0 1 0.15
548158 1.33996 24 55 1 0.15
547511 1.33981 24 45 1.2 0.15
546602 1.34572 27 45 -0.8 -10
546414 1.34559 27 45 0.8 -10
546217 1.33898 24 55 1 -10
544987 1.3126 27 65 -0.2 -10
544800 1.33993 24 45 0.4 0.15
544198 1.43513 48 82.5 -0.2 1.35
543796 1.33898 18 45 -0.8 -10
543707 1.55568 18 62.5 1.4 0.3
543707 1.55568 18 62.5 1 0.3
543707 1.55568 18 62.5 0.6 0.3
543707 1.55568 18 60 0.6 0.3
541956 1.32513 24 65 1 0.6
541619 1.43321 48 82.5 -0.2 -10
541619 1.43321 48 82.5 -0.2 1.2
541619 1.43321 48 82.5 -0.2 0.6
541619 1.43321 100 82.5 -0.2 1.2
541619 1.43321 60 82.5 -0.2 1.2
541619 1.43321 60 82.5 -0.2 -10
541619 1.43321 100 82.5 -0.2 0.6
541619 1.43321 48 82.5 -0.2 0
541619 1.43321 100 82.5 -0.2 0
541619 1.43321 60 82.5 -0.2 0
541619 1.43321 100 82.5 -0.2 -10
541619 1.43321 60 82.5 -0.2 0.6
541380 1.41149 18 65 1.4 -10
541380 1.41149 18 65 1 -10
541380 1.41149 18 65 1 -0.45
541380 1.41149 18 65 0.6 -10
541380 1.41149 18 65 0.6 -0.45
541380 1.41149 18 65 1.4 -0.45
541154 1.32785 27 55 -0.2 0.3
541154 1.32785 27 0 -0.2 0.3
540567 1.41595 18 62.5 -0.6 -0.15
540567 1.41595 18 62.5 -0.6 -0.3
539756 1.37238 24 55 -0.6 0.6
539325 1.43766 18 57.5 1 0.45
538825 1.23503 48 45 10 1.95
538825 1.23503 36 45 10 1.95
538171 1.31045 27 65 -0.6 -0.15
538171 1.31045 27 65 -0.6 -0.3
538171 1.31045 27 65 -0.6 -10
538171 1.31045 27 65 -0.6 -0.45
538153 1.3347 18 0 -0.6 -0.45
537712 1.36613 18 55 -0.2 0.15
537582 1.36195 100 45 0.8 2.1
537582 1.36195 100 0 0.6 2.1
537582 1.36195 36 45 0.8 2.1
537582 1.36195 48 45 0.8 2.1
537582 1.36195 60 45 0.8 2.1
536814 1.33586 27 55 -0.2 -10
536642 1.99937 24 55 1 1.2
536642 1.99937 24 0 1 1.2
536642 1.99937 24 65 1 1.2
536468 1.33604 33 80 10 1.35
536468 1.33604 33 80 10 1.5
536468 1.33604 33 80 10 1.2
536468 1.33604 33 80 10 0.6
536468 1.33604 33 80 10 0
536468 1.33604 33 80 10 -10
535755 1.3903 27 70 0.6 0.3
535755 1.3903 27 70 0.6 0
535755 1.3903 27 70 0.6 -0.3
535755 1.3903 27 70 0.6 -0.15
535755 1.3903 27 70 0.6 -10
535755 1.3903 27 70 0.6 -0.45
535712 1.43038 60 82.5 -1 0
535712 1.43038 60 82.5 -1 -10
535712 1.43038 100 82.5 -1 0
535712 1.43038 100 82.5 -1 0.6
535712 1.43038 48 82.5 -1 1.2
535712 1.43038 100 82.5 -1 1.2
535712 1.43038 60 82.5 -1 1.2
535712 1.43038 100 82.5 -1 -10
535712 1.43038 48 82.5 -1 0
535712 1.43038 60 82.5 -1 0.6
535712 1.43038 48 82.5 -1 0.6
535712 1.43038 48 82.5 -1 -10
535484 1.23447 36 0 10 1.95
535484 1.23447 48 0 10 1.95
534313 1.35804 48 75 0.6 2.1
534313 1.35804 60 75 0.6 2.1
534313 1.35804 100 75 0.6 2.1
532450 1.33449 24 55 -0.2 -10
532403 1.33515 24 45 0.8 0.15
532243 1.33792 27 45 0.8 0
531185 1.56555 60 85 -0.2 1.8
531185 1.56555 100 85 -0.2 1.8
530826 1.36317 18 55 -0.2 0.3
529839 1.32334 27 0 -0.2 -10
529412 1.37253 24 55 -1 0.15
528421 1.5534 48 55 10 2.7
528421 1.5534 48 45 10 2.7
528421 1.5534 48 0 10 2.7
527703 1.33271 24 0 0.6 0.15
527040 1.77121 36 80 -0.6 1.8
525364 1.2328 48 55 10 1.95
525364 1.2328 36 55 10 1.95
524553 1.37254 24 55 -0.6 0.15
523984 1.354 48 75 1 2.1
523984 1.354 60 75 1 2.1
523984 1.354 60 77.5 1 2.1
523984 1.354 100 75 1 2.1
523984 1.354 100 77.5 1 2.1
523984 1.354 48 77.5 1 2.1
522536 1.7648 36 80 -0.6 1.65
521981 1.25915 33 65 10 1.95
521981 1.25915 48 65 10 1.95
521981 1.25915 36 65 10 1.95
521728 1.39666 30 45 -0.8 1.2
520903 1.35621 36 65 1 2.1
520903 1.35621 48 0 1 2.1
520903 1.35621 36 55 1 2.1
520903 1.35621 36 0 1 2.1
520903 1.35621 48 55 1 2.1
520903 1.35621 60 65 1 2.1
520903 1.35621 48 65 1 2.1
520903 1.35621 60 55 1 2.1
520903 1.35621 60 0 1 2.1
520339 1.23024 30 45 10 1.95
519761 1.55805 100 85 -1 1.8
519761 1.55805 60 85 -1 1.8
519637 1.32527 27 45 0.8 0.6
519582 1.35566 24 65 -0.6 0
519582 1.35566 24 65 -0.6 0.3
519428 1.22999 33 45 10 1.95
519385 1.51275 30 70 -1 1.2
519385 1.51275 30 0 -1 1.2
519385 1.51275 30 55 -1 1.2
519385 1.51275 30 45 -1.2 1.2
519385 1.51275 30 65 -1 1.2
517143 1.22969 30 0 10 1.95
516997 1.42138 48 82.5 10 1.5
516195 1.3201 48 80 -1 1.35
516115 1.22944 33 0 10 1.95
515668 1.3993 18 60 1.4 -10
515668 1.3993 18 60 1.4 -0.3
515668 1.3993 18 60 1 -10
515668 1.3993 18 60 1 -0.3
515397 1.85116 27 45 -1.2 1.05
515397 1.85116 27 45 -1.2 0.9
515319 1.55324 60 85 -1 1.35
515319 1.55324 60 85 -1 1.65
515319 1.55324 100 85 -1 1.5
515319 1.55324 100 85 -1 1.65
515319 1.55324 100 85 -1 1.35
515319 1.55324 60 85 -1 1.5
515101 1.91818 30 80 0.6 1.5
515030 1.31868 27 0 -0.6 -10
514546 1.41945 60 82.5 10 1.2
514546 1.41945 100 82.5 10 0
514546 1.41945 100 82.5 10 1.2
514546 1.41945 100 82.5 10 -10
514546 1.41945 48 82.5 10 0
514546 1.41945 48 82.5 10 0.6
514546 1.41945 48 82.5 10 -10
514546 1.41945 60 82.5 10 0
514546 1.41945 48 82.5 10 1.2
514546 1.41945 60 82.5 10 -10
514546 1.41945 60 82.5 10 0.6
514546 1.41945 100 82.5 10 0.6
514413 1.40211 18 65 -0.6 -0.15
514413 1.40211 18 65 -0.6 -0.3
514391 1.3351 27 45 -1.2 -10
513714 1.3408 18 55 -0.6 -0.45
513714 1.3408 18 55 -0.6 -10
513432 1.63006 27 45 -0.8 1.05
513351 1.82626 18 65 0.6 0.6
513351 1.82626 18 65 1 0.6
513351 1.82626 18 62.5 0.6 0.6
513351 1.82626 18 65 1.4 0.6
513212 1.43577 36 77.5 1 2.1
513212 1.43577 36 75 1 2.1
512309 1.56033 36 77.5 -0.6 1.8
512309 1.56033 36 75 -0.6 1.8
512131 1.40048 18 60 -0.6 -10
512131 1.40048 18 60 -0.6 -0.45
511078 1.98062 24 55 -0.6 0.9
511078 1.98062 24 0 -0.6 0.9
511078 1.98062 24 0 -0.6 1.05
510359 1.29969 100 45 -0.4 1.8
510207 1.31604 27 45 -0.4 -0.3
509480 1.39507 18 57.5 -0.6 0
508604 1.3196 27 0 -0.2 0
508604 1.3196 27 0 -0.2 0.15
507931 1.55552 36 77.5 -0.6 1.65
507361 1.22802 30 55 10 1.95
507322 1.35188 24 65 -0.6 0.6
506514 1.22777 33 55 10 1.95
505991 1.35092 60 45 -0.4 1.8
505991 1.35092 48 45 -0.4 1.8
505553 1.39692 18 62.5 -0.6 -0.45
505553 1.39692 18 62.5 -0.6 -10
505327 1.52584 36 82.5 10 -10
505327 1.52584 36 82.5 10 0.6
505327 1.52584 36 82.5 10 0.45
505327 1.52584 36 82.5 10 0.9
505327 1.52584 36 82.5 10 0
505327 1.52584 36 82.5 10 0.3
505327 1.52584 36 82.5 10 0.15
504187 1.3134 24 0 -0.6 -10
502824 1.5159 18 62.5 1.4 0.6
502824 1.5159 18 62.5 1 0.6
502822 1.33676 18 55 1 0.15
502563 1.97442 24 65 -0.2 1.2
502513 1.30252 24 65 1 -10
502513 1.30252 24 65 1 -0.3
502299 1.51557 18 65 0.6 0.3
502299 1.51557 18 65 1.4 0.3
502299 1.51557 18 65 1 0.3
501609 1.31782 27 55 -0.2 0.15
501609 1.31782 27 55 -0.2 0
500920 1.33599 18 57.5 -0.6 -10
500920 1.33599 18 57.5 -0.6 -0.45
498481 1.413 48 82.5 1 1.5
497519 1.31645 24 55 -0.2 0
496501 1.33379 18 55 1 0.3
496413 1.30391 18 0 1.4 -10
496413 1.30391 18 0 0.6 -10
496413 1.30391 18 0 1 -10
496120 1.41108 100 82.5 1 1.2
496120 1.41108 60 82.5 1 1.2
496120 1.41108 100 82.5 1 0.6
496120 1.41108 100 82.5 1 0
496120 1.41108 100 82.5 1 -10
496120 1.41108 48 82.5 1 1.2
496120 1.41108 48 82.5 1 0.6
496120 1.41108 48 82.5 1 0
496120 1.41108 60 82.5 1 0
496120 1.41108 60 82.5 1 0.6
496120 1.41108 60 82.5 1 -10
496120 1.41108 48 82.5 1 -10
495945 1.54535 36 80 -0.2 2.1
495945 1.54535 36 75 -0.2 1.95
495945 1.54535 36 77.5 -0.2 1.95
495945 1.54535 36 80 -0.2 1.95
495945 1.54535 36 75 -0.2 2.1
495945 1.54535 36 80 -0.2 1.8
495945 1.54535 36 77.5 -0.2 2.1
494028 1.50989 18 60 0.6 0.6
493909 1.64704 18 57.5 -0.2 0.6
493646 1.58206 24 67.5 1.4 1.35
493646 1.58206 24 0 1.4 1.35
492430 1.30969 24 0 0.6 -10
492003 1.31168 24 0 1 -0.3
491414 1.31153 24 45 1.2 -0.3
491397 1.9648 24 55 -0.2 1.2
491353 1.30449 24 55 -1 -10
491290 1.32304 18 55 -0.6 -0.15
490711 1.54754 36 75 -1 1.65
490711 1.54754 33 75 -1 1.65
490226 1.30712 48 80 -0.6 1.2
490226 1.30712 100 80 -0.6 0
490226 1.30712 60 80 -0.6 0.6
490226 1.30712 60 80 -0.6 0
490226 1.30712 60 80 -0.6 -10
490226 1.30712 48 80 -0.6 0.6
490226 1.30712 100 80 -0.6 0.6
490226 1.30712 100 80 -0.6 1.2
490226 1.30712 100 80 -0.6 -10
490226 1.30712 60 80 -0.6 1.2
490226 1.30712 48 80 -0.6 0
490226 1.30712 48 80 -0.6 -10
488663 1.42275 100 80 1 2.1
488663 1.42275 60 80 1 2.1
488663 1.42275 36 80 10 2.1
488663 1.42275 100 80 10 2.1
488663 1.42275 36 80 1 2.1
488663 1.42275 48 80 1 2.1
488663 1.42275 60 80 10 2.1
488663 1.42275 48 80 10 2.1
488188 1.38731 18 65 -0.6 -10
488188 1.38731 18 65 -0.6 -0.45
487485 1.34536 18 45 0.4 0.3
487485 1.34536 18 0 0.6 0.3
487273 1.51394 36 82.5 1.4 0.6
487273 1.51394 36 82.5 0.6 0
487273 1.51394 36 82.5 1.4 -10
487273 1.51394 36 82.5 1.4 0.15
487273 1.51394 36 82.5 0.6 0.6
487273 1.51394 36 82.5 1.4 0.45
487273 1.51394 36 82.5 1 0
487273 1.51394 36 82.5 1.4 0.3
487273 1.51394 36 82.5 1.4 0.9
487273 1.51394 36 82.5 1 0.6
487273 1.51394 36 82.5 1 0.9
487273 1.51394 36 82.5 0.6 0.9
487273 1.51394 36 82.5 1.4 0
487273 1.51394 36 82.5 0.6 0.3
487273 1.51394 36 82.5 0.6 0.15
487273 1.51394 36 82.5 1 0.3
487273 1.51394 36 82.5 0.6 0.45
487273 1.51394 36 82.5 1 -10
487273 1.51394 36 82.5 1 0.15
487273 1.51394 36 82.5 1 0.45
487273 1.51394 36 82.5 0.6 -10
487223 1.38583 18 57.5 -1 0
486897 1.33697 30 65 -1 0
486712 1.33379 24 67.5 0.6 0.3
486712 1.33379 24 67.5 0.6 0.45
486712 1.33379 24 67.5 0.6 0
486712 1.33379 24 67.5 0.6 -10
486712 1.33379 24 67.5 0.6 0.6
486712 1.33379 24 67.5 0.6 0.15
486543 1.3991 18 57.5 1 0.6
485365 1.34428 24 70 10 1.8
484211 1.28929 100 55 -0.2 1.8
484127 1.41651 18 55 -0.2 0.45
484112 1.31952 18 55 -0.6 -0.3
483640 1.92803 24 0 1.4 1.8
483640 1.92803 24 67.5 1.4 1.8
482128 1.42182 36 77.5 -0.2 1.8
482128 1.42182 36 75 -0.2 1.8
480989 1.52887 60 85 -0.6 0
480989 1.52887 60 85 -0.6 -10
480989 1.52887 60 85 -0.6 0.6
480989 1.52887 60 85 -0.6 1.2
480989 1.52887 100 85 -0.6 0.6
480989 1.52887 100 85 -0.6 1.2
480989 1.52887 100 85 -0.6 0
480989 1.52887 100 85 -0.6 -10
480406 1.53493 48 80 -0.6 2.1
480016 1.33879 48 65 -0.2 1.8
480016 1.33879 60 0 -0.2 1.8
480016 1.33879 60 55 -0.2 1.8
480016 1.33879 100 65 -0.2 1.8
480016 1.33879 48 0 -0.2 1.8
480016 1.33879 60 65 -0.2 1.8
480016 1.33879 48 55 -0.2 1.8
479830 1.46588 33 0 10 2.4
479830 1.46588 33 45 10 2.25
479830 1.46588 33 0 10 2.25
479830 1.46588 33 45 10 2.4
479558 1.33943 27 75 10 1.8
478879 1.31823 18 57.5 -0.6 -0.15
478824 1.28577 100 0 -0.6 1.8
478824 1.28577 100 55 -0.6 1.8
477585 1.2762 60 77.5 10 2.1
477585 1.2762 100 77.5 10 2.1
477585 1.2762 48 77.5 10 2.1
476638 1.54471 30 65 10 2.25
476275 1.52723 48 85 10 1.8
476275 1.52723 100 85 10 1.8
476275 1.52723 60 85 10 1.8
476266 1.52483 100 80 -1 2.1
476266 1.52483 60 80 -1 2.1
475793 1.35632 24 45 -0.8 0.3
475219 1.36495 27 70 0.6 0.6
475195 1.53459 33 77.5 -1 1.65
475195 1.53459 36 77.5 -1 1.65
474861 1.33468 60 65 -0.6 1.8
474861 1.33468 48 65 -0.6 1.8
474861 1.33468 48 0 -0.6 1.8
474861 1.33468 100 65 -0.6 1.8
474861 1.33468 60 0 -0.6 1.8
474861 1.33468 48 55 -0.6 1.8
474861 1.33468 60 55 -0.6 1.8
474186 1.3056 27 0 -1 -10
474059 1.31437 27 70 1 -10
474059 1.31437 27 70 1 0.3
474059 1.31437 27 70 1 -0.3
474059 1.31437 27 70 1 -0.45
474059 1.31437 27 70 1 -0.15
474059 1.31437 27 70 1 0
473889 1.35352 24 0 -0.6 0.3
473736 1.2993 48 80 -0.2 -10
473736 1.2993 48 80 -0.2 0.6
473736 1.2993 60 80 -0.2 0
473736 1.2993 48 80 -0.2 0
473736 1.2993 48 80 -0.2 1.2
473736 1.2993 100 80 -0.2 0
473736 1.2993 100 80 -0.2 -10
473736 1.2993 100 80 -0.2 1.2
473736 1.2993 60 80 -0.2 0.6
473736 1.2993 60 80 -0.2 1.2
473736 1.2993 60 80 -0.2 -10
473736 1.2993 100 80 -0.2 0.6
472206 1.52242 60 85 10 1.2
472206 1.52242 100 85 10 1.2
472206 1.52242 100 85 10 -10
472206 1.52242 60 85 10 0
472206 1.52242 60 85 10 0.6
472206 1.52242 48 85 10 0
472206 1.52242 48 85 10 -10
472206 1.52242 100 85 10 0
472206 1.52242 48 85 10 0.6
472206 1.52242 48 85 10 1.35
472206 1.52242 48 85 10 1.65
472206 1.52242 60 85 10 -10
472206 1.52242 100 85 10 0.6
472206 1.52242 48 85 10 1.2
472206 1.52242 48 85 10 1.5
471923 1.31471 18 57.5 -0.6 -0.3
471815 1.36905 30 70 -0.6 1.2
470896 1.5375 33 70 10 2.25
470896 1.5375 30 70 10 2.25
470852 1.37002 27 67.5 1 1.5
470852 1.37002 27 65 1 1.5
470852 1.37002 27 0 1 1.65
470852 1.37002 27 65 1 1.65
470852 1.37002 27 67.5 1 1.65
470852 1.37002 27 70 1 1.2
470852 1.37002 27 55 1 1.5
470852 1.37002 27 55 1 1.65
470852 1.37002 27 0 1 1.5
470636 1.33183 18 45 0.4 0.15
470636 1.33183 18 0 0.6 0.15
469939 1.5363 30 75 10 2.25
469939 1.5363 33 75 10 2.25
468961 1.33809 18 55 -0.2 0
468868 1.29696 27 55 -1 -10
468749 1.36913 27 55 1 1.35
468749 1.36913 27 67.5 1 1.35
468749 1.36913 27 65 1 1.35
468749 1.36913 27 0 1 1.35
468304 1.31445 27 45 0.8 0.75
467906 1.46188 33 55 10 2.4
467906 1.46188 33 55 10 2.25
467744 1.34353 27 55 -0.6 0.6
467118 1.36828 33 75 -0.6 0.75
467118 1.36828 36 75 -0.6 1.2
467118 1.36828 33 75 -0.6 1.5
467118 1.36828 33 75 -0.6 0.9
467118 1.36828 36 75 -0.6 0.6
467118 1.36828 33 75 -0.6 1.05
467118 1.36828 36 75 -0.6 -10
467118 1.36828 33 75 -0.6 1.2
467118 1.36828 36 75 -0.6 0
467118 1.36828 33 75 -0.6 0.6
467118 1.36828 33 75 -0.6 0
467118 1.36828 36 75 -0.6 1.5
467118 1.36828 33 75 -0.6 -10
467118 1.36828 36 75 -0.6 1.35
464749 1.51714 100 85 -0.2 0
464749 1.51714 100 85 -0.2 -10
464749 1.51714 60 85 -0.2 -10
464749 1.51714 60 85 -0.2 0
464749 1.51714 100 85 -0.2 0.6
464749 1.51714 100 85 -0.2 1.2
464749 1.51714 60 85 -0.2 0.6
464749 1.51714 60 85 -0.2 1.2
464308 1.3477 24 55 -0.6 0
462095 1.32464 30 65 -1 -10
460515 1.36526 27 67.5 1 1.2
459453 1.8714 24 67.5 1.4 1.65
459453 1.8714 24 67.5 1.4 1.5
459453 1.8714 24 0 1.4 1.5
459453 1.8714 24 0 1.4 1.65
459355 1.51534 60 85 1 1.8
459355 1.51534 48 85 0.6 1.8
459355 1.51534 100 85 1 1.8
459355 1.51534 48 85 1 1.8
459355 1.51534 48 85 1.4 1.8
458887 1.29607 100 80 -1 0
458887 1.29607 100 80 -1 0.6
458887 1.29607 48 80 -1 1.2
458887 1.29607 48 80 -1 0.6
458887 1.29607 60 80 -1 -10
458887 1.29607 100 80 -1 1.2
458887 1.29607 48 80 -1 -10
458887 1.29607 48 80 -1 0
458887 1.29607 60 80 -1 1.2
458887 1.29607 100 80 -1 -10
458887 1.29607 60 80 -1 0
458887 1.29607 60 80 -1 0.6
458830 1.29062 18 0 -0.6 -10
458097 1.84252 12 0 -0.6 0.3
458035 1.51228 100 85 -1 0.6
458035 1.51228 60 85 -1 0.6
458035 1.51228 100 85 -1 1.2
458035 1.51228 60 85 -1 -10
458035 1.51228 60 85 -1 1.2
458035 1.51228 60 85 -1 0
458035 1.51228 100 85 -1 0
458035 1.51228 100 85 -1 -10
457204 1.34793 36 0 -1 0.9
457204 1.34793 33 45 -1.2 0.9
457204 1.34793 33 0 -1 0.9
457204 1.34793 33 65 -1 0.9
457204 1.34793 36 65 -1 0.9
457204 1.34793 36 45 -1.2 0.9
456458 1.34447 27 55 -0.6 0
456158 1.27151 48 75 10 1.95
455972 1.27629 100 45 -0.8 1.8
455429 1.51053 48 85 1.4 1.35
455429 1.51053 60 85 1 1.2
455429 1.51053 100 85 1 0
455429 1.51053 100 85 1 0.6
455429 1.51053 48 85 0.6 -10
455429 1.51053 100 85 1 1.2
455429 1.51053 100 85 1 -10
455429 1.51053 48 85 0.6 1.35
455429 1.51053 48 85 0.6 1.65
455429 1.51053 48 85 0.6 1.5
455429 1.51053 60 85 1 0
455429 1.51053 48 85 0.6 1.2
455429 1.51053 48 85 0.6 0.6
455429 1.51053 48 85 1 0
455429 1.51053 48 85 0.6 0
455429 1.51053 48 85 1.4 -10
455429 1.51053 48 85 1 0.6
455429 1.51053 48 85 1 1.2
455429 1.51053 60 85 1 0.6
455429 1.51053 48 85 1.4 1.65
455429 1.51053 48 85 1.4 1.5
455429 1.51053 48 85 1.4 0
455429 1.51053 48 85 1 1.5
455429 1.51053 48 85 1.4 1.2
455429 1.51053 48 85 1.4 0.6
455429 1.51053 48 85 1 1.65
455429 1.51053 48 85 1 1.35
455429 1.51053 48 85 1 -10
455429 1.51053 60 85 1 -10
453844 1.47888 48 45 -1.2 2.1
453844 1.47888 48 0 -1 2.1
453844 1.47888 48 65 -1 2.1
453844 1.47888 48 77.5 -1 2.1
453844 1.47888 48 55 -1 2.1
453039 1.31931 18 0 1.4 0.15
453039 1.31931 18 0 1 0.15
453039 1.31931 18 45 1.2 0.15
453039 1.31931 18 45 0.8 0.15
452836 1.38125 18 55 1 0.45
452520 1.26995 100 75 10 2.1
452520 1.26995 48 75 10 2.1
452520 1.26995 60 75 10 2.1
452491 1.32632 30 77.5 10 1.8
452491 1.32632 30 77.5 10 1.95
452180 1.47756 48 45 -0.8 2.1
452175 1.32362 60 0 -1 1.8
452175 1.32362 60 45 -0.8 1.8
452175 1.32362 60 55 -1 1.8
452175 1.32362 48 55 -1 1.8
452175 1.32362 48 0 -1 1.8
452175 1.32362 48 65 -1 1.8
452175 1.32362 100 45 -1.2 1.8
452175 1.32362 60 65 -1 1.8
452175 1.32362 48 45 -0.8 1.8
452175 1.32362 60 45 -1.2 1.8
452175 1.32362 100 55 -1 1.8
452175 1.32362 100 65 -1 1.8
452044 1.40604 27 55 -1 0.3
450267 1.32681 27 65 -0.6 0
450267 1.32681 27 65 -0.6 0.3
448594 1.92795 27 65 -0.2 1.2
448002 1.26796 100 0 1.4 2.1
447193 1.31635 18 45 0.8 0.3
447193 1.31635 18 0 1.4 0.3
447193 1.31635 18 45 1.2 0.3
447193 1.31635 18 0 1 0.3
445225 1.37751 18 55 1 0.6
444703 1.32581 48 75 -0.6 1.8
444703 1.32581 100 75 -0.6 1.8
444703 1.32581 60 75 -0.6 1.8
444620 1.33855 24 0 -0.6 0.6
444599 1.39514 18 45 0.4 0.45
444599 1.39514 18 0 0.6 0.45
444446 1.31034 18 57.5 1 -10
444359 1.25897 33 65 10 2.1
443715 1.28066 36 55 -0.6 0.3
443715 1.28066 33 55 -0.6 -10
443715 1.28066 36 55 -0.6 0
443715 1.28066 36 55 -0.6 -0.3
443715 1.28066 36 55 -0.6 -10
443715 1.28066 33 55 -0.6 0
443715 1.28066 36 55 -0.6 -0.15
443715 1.28066 33 55 -0.6 0.3
443715 1.28066 33 55 -0.6 -0.45
443715 1.28066 33 55 -0.6 -0.3
443715 1.28066 33 55 -0.6 -0.15
443715 1.28066 36 55 -0.6 -0.45
442641 1.39515 18 55 -0.2 0.6
440667 1.26633 48 77.5 10 1.95
440093 1.58319 27 45 -0.8 0.9
439675 1.32304 27 65 -0.6 0.6
439595 1.28227 33 75 -0.2 0.9
439595 1.28227 33 75 -0.2 1.5
439595 1.28227 33 75 -0.2 1.05
439595 1.28227 33 75 -0.2 0.75
439595 1.28227 33 75 -0.2 0.6
439595 1.28227 36 75 -0.2 0.6
439595 1.28227 36 75 -0.2 1.2
439595 1.28227 36 75 -0.2 1.5
439595 1.28227 33 75 -0.2 1.2
438580 1.30871 18 55 1 0
438469 1.35137 30 65 -0.6 1.2
438469 1.35137 30 55 -0.6 1.2
438469 1.35137 30 0 -0.6 1.2
438199 1.17386 48 0 10 1.8
438199 1.17386 100 0 10 1.8
438199 1.17386 60 0 10 1.8
438182 1.78362 24 45 1.2 1.2
437261 1.39947 30 55 -1 0.75
437261 1.39947 30 0 -1 0.75
437112 1.35589 33 75 -1 1.5
437112 1.35589 36 75 -1 1.5
434711 1.35381 27 65 1 1.2
434711 1.35381 27 55 1 1.2
434711 1.35381 27 0 1 1.2
434354 1.26364 100 45 0.8 1.95
433403 1.27372 33 55 -0.6 0.6
433403 1.27372 36 55 -0.6 0.6
433267 1.33006 24 55 -1 0
433267 1.33006 24 55 -1 -0.3
433260 1.30976 24 67.5 1 0.6
433260 1.30976 24 67.5 1 -10
433260 1.30976 24 67.5 1 0.15
433260 1.30976 24 67.5 1 0.45
433260 1.30976 24 67.5 1 0.3
433260 1.30976 24 67.5 1 0
432543 1.50918 33 70 10 2.4
431664 1.50798 33 75 10 2.4
430627 1.30975 48 45 0.8 1.95
430627 1.30975 36 45 0.8 1.95
430627 1.30975 60 45 0.8 1.95
429422 1.26233 100 0 1 1.8
429422 1.26233 100 55 1 1.8
429422 1.26233 100 65 1 1.8
428886 1.40439 24 65 -0.2 0.9
427760 1.34842 33 77.5 -1 1.5
427760 1.34842 36 77.5 -1 1.5
427269 1.50197 33 77.5 10 2.4
427269 1.50197 33 77.5 10 2.25
426046 1.40385 36 45 -0.4 1.65
425504 1.79269 12 45 -0.8 -0.15
425173 1.31517 30 45 -0.8 0.6
424998 1.25683 30 65 -0.2 -0.15
424998 1.25683 30 65 -0.2 -0.3
424998 1.25683 30 65 -0.2 0.3
424998 1.25683 30 65 -0.2 -0.45
424998 1.25683 30 65 -0.2 -10
424998 1.25683 30 65 -0.2 0
424856 1.48802 33 70 -0.6 1.65
424856 1.48802 36 0 -0.6 1.65
424729 1.30343 48 75 0.6 1.95
424294 1.30104 18 57.5 -0.2 -10
424077 1.37316 24 65 -1 0
424077 1.37316 24 65 -1 -0.15
424077 1.37316 24 65 -1 -0.3
422529 1.25955 48 75 10 1.8
422529 1.25955 100 75 10 1.8
422529 1.25955 60 75 10 1.8
421274 1.3188 33 45 -1.2 0.75
421274 1.3188 36 0 -1 0.75
421274 1.3188 36 45 -1.2 0.75
421274 1.3188 33 0 -1 0.75
420611 1.56977 27 45 -0.4 1.2
420611 1.56977 27 0 -0.2 1.2
420611 1.56977 27 55 -0.2 1.2
419934 1.34603 18 55 -0.6 0
419285 1.22656 24 0 1.4 -10
419203 1.30338 27 67.5 0.6 0.15
419203 1.30338 27 67.5 0.6 0
419203 1.30338 27 67.5 0.6 -10
419203 1.30338 27 67.5 0.6 0.6
419203 1.30338 27 67.5 0.6 0.45
419203 1.30338 27 67.5 0.6 0.3
419038 1.27103 30 55 -1 -10
419038 1.27103 30 55 -1 0
418238 1.26237 30 55 -0.6 0.6
417652 1.29831 100 75 1.4 1.95
417652 1.29831 48 75 1.4 1.95
417652 1.29831 60 75 1.4 1.95
417652 1.29831 60 75 1.4 2.1
417652 1.29831 48 75 1.4 2.1
417652 1.29831 100 75 1.4 2.1
417234 1.304 48 65 1 1.95
417234 1.304 48 55 1 1.95
417234 1.304 36 0 1 1.95
417234 1.304 48 0 1 1.95
417234 1.304 60 55 1 1.95
417234 1.304 60 65 1 1.95
417234 1.304 60 0 1 1.95
417234 1.304 36 65 1 1.95
417234 1.304 36 55 1 1.95
416986 1.28486 18 55 -1 -10
416640 1.2665 30 55 -0.6 -10
416640 1.2665 30 55 -0.6 0
416513 1.29939 100 75 1 1.95
416513 1.29939 48 75 1 1.95
416513 1.29939 60 75 1 1.95
416513 1.29939 60 77.5 1 1.95
416513 1.29939 100 77.5 1 1.95
416513 1.29939 48 77.5 1 1.95
416289 1.43269 36 80 -0.6 1.5
416289 1.43269 33 80 -0.6 0.75
416289 1.43269 33 80 -0.6 0.6
416289 1.43269 36 80 -0.6 1.35
416289 1.43269 33 80 -0.6 1.5
416289 1.43269 36 80 -0.6 -10
416289 1.43269 33 80 -0.6 -10
416289 1.43269 36 80 -0.6 1.2
416289 1.43269 33 80 -0.6 0.9
416289 1.43269 33 80 -0.6 0
416289 1.43269 33 80 -0.6 1.05
416289 1.43269 33 80 -0.6 1.2
416289 1.43269 36 80 -0.6 0.6
416289 1.43269 36 80 -0.6 0
415243 1.29771 27 70 1 0.6
415207 1.32205 27 55 -1 0.15
414825 1.27654 30 45 -0.8 -10
413885 1.3943 27 65 -0.2 0.9
413430 1.32127 27 55 -1 0
413430 1.32127 27 55 -1 -0.3
412666 1.25202 30 65 -0.6 -10
412666 1.25202 30 65 -0.6 0
412356 1.22088 33 45 10 2.1
411751 1.3365 36 77.5 -0.6 1.35
411751 1.3365 33 77.5 -0.6 0.6
411751 1.3365 36 77.5 -0.6 1.5
411751 1.3365 36 77.5 -0.6 0
411751 1.3365 33 77.5 -0.6 -10
411751 1.3365 36 77.5 -0.6 -10
411751 1.3365 33 77.5 -0.6 0.75
411751 1.3365 36 77.5 -0.6 0.6
411751 1.3365 33 77.5 -0.6 1.05
411751 1.3365 33 77.5 -0.6 0.9
411751 1.3365 33 77.5 -0.6 1.5
411751 1.3365 33 77.5 -0.6 1.2
411751 1.3365 36 77.5 -0.6 1.2
411751 1.3365 33 77.5 -0.6 0
409768 1.22025 33 0 10 2.1
409235 1.77873 12 45 -0.8 0
407948 1.34346 36 75 1 1.95
407948 1.34346 36 77.5 1 1.95
407853 1.36032 18 0 1 0.45
407853 1.36032 18 0 1.4 0.45
407853 1.36032 18 45 0.8 0.45
407853 1.36032 18 45 1.2 0.45
407431 1.25616 36 65 -0.6 0.3
407431 1.25616 33 65 -0.6 -10
407431 1.25616 36 65 -0.6 0.45
407431 1.25616 36 65 -0.6 0.6
407431 1.25616 33 65 -0.6 0.3
407431 1.25616 36 65 -0.6 0
407431 1.25616 36 65 -0.6 0.15
407431 1.25616 36 65 -0.6 -10
407431 1.25616 33 65 -0.6 0.6
407431 1.25616 33 65 -0.6 0.15
407431 1.25616 33 65 -0.6 0
407431 1.25616 33 65 -0.6 0.45
406956 1.30094 18 45 0.8 0
406956 1.30094 18 0 0.6 0
406956 1.30094 18 45 0.4 0
406956 1.30094 18 45 1.2 0
406956 1.30094 18 0 1.4 0
406956 1.30094 18 0 1 0
406482 1.28005 18 57.5 -1 -10
406361 1.3222 33 65 -0.6 0.9
406361 1.3222 36 65 -0.6 0.9
406038 1.26189 30 45 -0.4 0.3
405818 1.16227 60 45 10 1.8
405818 1.16227 100 45 10 1.8
404992 1.32083 33 45 -0.8 0.9
404992 1.32083 36 45 -0.8 0.9
404216 1.38929 33 55 -0.2 1.65
404216 1.38929 33 0 -0.2 1.65
404216 1.38929 33 70 -0.2 1.65
404157 1.42157 30 55 -1 1.05
404157 1.42157 30 70 -1 1.05
404157 1.42157 30 65 -1 0.9
404157 1.42157 30 55 -1 0.9
404157 1.42157 30 0 -1 0.9
404157 1.42157 30 70 -1 0.9
404157 1.42157 30 45 -1.2 0.9
404157 1.42157 30 45 -1.2 1.05
404157 1.42157 30 65 -1 1.05
404157 1.42157 30 0 -1 1.05
403266 1.33439 24 67.5 -0.6 -10
403266 1.33439 24 67.5 -0.6 0.3
403266 1.33439 24 67.5 -0.6 0.15
403266 1.33439 24 67.5 -0.6 0.6
403266 1.33439 24 67.5 -0.6 0.45
403266 1.33439 24 67.5 -0.6 0
402875 1.30222 27 75 10 1.95
402644 1.33062 30 45 -0.8 1.05
402433 1.35837 24 65 -1 -0.45
402433 1.35837 24 65 -1 -10
402253 1.25131 100 45 0.8 1.8
402253 1.25131 100 0 0.6 1.8
402193 1.21838 33 55 10 2.1
401054 1.35658 18 45 0.4 0.6
401054 1.35658 18 45 0.8 0.6
401054 1.35658 18 0 0.6 0.6
401054 1.35658 18 0 1.4 0.6
401054 1.35658 18 0 1 0.6
401054 1.35658 18 45 1.2 0.6
401014 1.2662 60 77.5 -0.6 0
401014 1.2662 60 77.5 -0.6 0.6
401014 1.2662 48 77.5 -0.6 -10
401014 1.2662 60 77.5 -0.6 1.2
401014 1.2662 48 77.5 -0.6 1.2
401014 1.2662 100 77.5 -0.6 0
401014 1.2662 100 77.5 -0.6 0.6
401014 1.2662 100 77.5 -0.6 -10
401014 1.2662 48 77.5 -0.6 0.6
401014 1.2662 60 77.5 -0.6 -10
401014 1.2662 100 77.5 -0.6 1.2
401014 1.2662 48 77.5 -0.6 0
400712 1.38565 30 45 -1.2 0.75
400336 1.27849 18 57.5 1 -0.3
399123 1.3237 24 45 -0.8 0
399123 1.3237 24 45 -0.8 -0.3
398900 1.29579 60 45 0.8 1.8
398900 1.29579 48 45 0.8 1.8
398900 1.29579 36 45 0.8 1.8
398803 1.24972 60 77.5 10 1.8
398803 1.24972 100 77.5 10 1.8
398803 1.24972 48 77.5 10 1.8
398756 1.33487 18 55 -1 0
398282 1.1959 30 65 10 1.8
398135 1.24695 30 65 -0.2 0.6
397076 1.32098 24 0 -0.6 0
395987 1.2983 36 65 -1 0.75
395987 1.2983 33 65 -1 0.75
395693 1.32859 36 75 -1 -10
395693 1.32859 33 75 -1 0.9
395693 1.32859 36 75 -1 0
395693 1.32859 36 75 -1 1.2
395693 1.32859 33 75 -1 0
395693 1.32859 36 75 -1 0.6
395693 1.32859 33 75 -1 -10
395693 1.32859 36 75 -1 0.9
395693 1.32859 36 75 -1 1.35
395693 1.32859 33 75 -1 1.35
395693 1.32859 33 75 -1 1.2
395693 1.32859 33 75 -1 0.6
395502 1.26431 33 45 -0.4 -10
395502 1.26431 33 45 -0.4 -0.45
395481 1.36241 33 45 0.8 1.95
395001 1.63918 48 85 -0.6 1.8
393685 1.29391 33 45 0.8 1.8
393654 1.26725 30 45 -1.2 -10
393436 1.28948 60 75 0.6 1.8
393436 1.28948 48 75 0.6 1.8
393436 1.28948 100 75 0.6 1.8
393136 1.2448 30 65 -0.6 0.6
392972 1.26332 30 45 -0.4 -10
392454 1.26199 33 45 -0.4 -0.15
392454 1.26199 33 45 -0.4 0
392454 1.26199 33 45 -0.4 0.3
392454 1.26199 33 45 -0.4 -0.3
391799 1.15887 100 55 10 1.8
391709 1.31971 36 80 -0.2 0
391709 1.31971 33 80 -0.2 0.6
391709 1.31971 36 80 -0.2 0.6
391709 1.31971 36 80 -0.2 -10
391709 1.31971 36 80 -0.2 1.2
391709 1.31971 33 80 -0.2 0
391709 1.31971 33 80 -0.2 1.05
391709 1.31971 33 80 -0.2 1.2
391709 1.31971 33 80 -0.2 1.5
391709 1.31971 36 80 -0.2 1.5
391709 1.31971 33 80 -0.2 -10
391709 1.31971 33 80 -0.2 0.9
391709 1.31971 33 80 -0.2 0.75
391625 1.63277 48 85 -0.6 1.5
391625 1.63277 48 85 -0.6 1.65
390463 1.36177 30 55 -1 0.6
390463 1.36177 30 0 -1 0.6
390463 1.36177 30 45 -1.2 0.6
390303 1.32852 18 55 -1 -0.15
390230 1.25618 30 0 -0.2 0.3
390230 1.25618 30 55 -0.2 0.3
390027 1.26101 30 45 -0.4 -0.3
389806 1.21775 27 0 1 -10
388971 1.28819 18 55 1 -10
388439 1.33044 48 80 10 1.8
388439 1.33044 36 80 1 1.8
388439 1.33044 100 80 10 1.95
388439 1.33044 60 80 10 1.95
388439 1.33044 48 80 1 1.95
388439 1.33044 100 80 10 1.8
388439 1.33044 36 80 10 1.95
388439 1.33044 48 80 1 1.8
388439 1.33044 36 80 1 1.95
388439 1.33044 100 80 1 1.8
388439 1.33044 36 80 10 1.8
388439 1.33044 60 80 1 1.95
388439 1.33044 48 80 10 1.95
388439 1.33044 60 80 1 1.8
388439 1.33044 60 80 10 1.8
388439 1.33044 100 80 1 1.95
388125 1.31777 27 45 -0.8 0
387941 1.35756 33 65 1 1.95
387941 1.35756 33 0 1 1.95
387941 1.35756 33 55 1 1.95
387870 1.36558 30 65 -1 0.75
387483 1.25838 100 77.5 -0.2 1.2
387483 1.25838 100 77.5 -0.2 -10
387483 1.25838 48 77.5 -0.2 -10
387483 1.25838 60 77.5 -0.2 -10
387483 1.25838 100 77.5 -0.2 0.6
387483 1.25838 36 77.5 -0.2 0
387483 1.25838 33 77.5 -0.2 0
387483 1.25838 33 77.5 -0.2 0.6
387483 1.25838 36 77.5 -0.2 0.6
387483 1.25838 100 77.5 -0.2 0
387483 1.25838 33 77.5 -0.2 1.2
387483 1.25838 36 77.5 -0.2 1.2
387483 1.25838 48 77.5 -0.2 1.2
387483 1.25838 33 77.5 -0.2 1.5
387483 1.25838 36 77.5 -0.2 1.5
387483 1.25838 60 77.5 -0.2 0.6
387483 1.25838 36 77.5 -0.2 -10
387483 1.25838 60 77.5 -0.2 1.2
387483 1.25838 33 77.5 -0.2 0.9
387483 1.25838 48 77.5 -0.2 0.6
387483 1.25838 48 77.5 -0.2 0
387483 1.25838 33 77.5 -0.2 1.05
387483 1.25838 33 77.5 -0.2 0.75
387483 1.25838 33 77.5 -0.2 -10
387483 1.25838 60 77.5 -0.2 0
387220 1.32112 33 77.5 -1 -10
387220 1.32112 33 77.5 -1 0.9
387220 1.32112 33 77.5 -1 1.2
387220 1.32112 36 77.5 -1 -10
387220 1.32112 36 77.5 -1 0
387220 1.32112 33 77.5 -1 0.6
387220 1.32112 36 77.5 -1 0.9
387220 1.32112 33 77.5 -1 1.35
387220 1.32112 36 77.5 -1 0.6
387220 1.32112 36 77.5 -1 1.2
387220 1.32112 33 77.5 -1 0
387220 1.32112 36 77.5 -1 1.35
387111 1.38338 36 45 -0.4 1.8
386857 1.28435 100 75 1.4 1.8
386857 1.28435 60 75 1.4 1.8
386857 1.28435 48 75 1.4 1.8
386537 1.29005 48 65 1 1.8
386537 1.29005 36 55 1 1.8
386537 1.29005 36 0 1 1.8
386537 1.29005 48 0 1 1.8
386537 1.29005 60 65 1 1.8
386537 1.29005 60 0 1 1.8
386537 1.29005 36 65 1 1.8
386537 1.29005 60 55 1 1.8
386537 1.29005 48 55 1 1.8
386121 1.46243 36 0 -0.6 1.8
386121 1.46243 36 65 -0.6 1.8
386121 1.46243 36 55 -0.6 1.8
386075 1.31505 27 0 -0.6 0
386041 1.28986 33 0 1 1.8
386041 1.28986 33 65 1 1.8
386041 1.28986 33 55 1 1.8
385844 1.28544 60 75 1 1.8
385844 1.28544 48 75 1 1.8
385844 1.28544 100 75 1 1.8
385384 1.25955 30 45 -0.8 0
385343 1.30971 27 0 -0.6 0.6
384594 1.3243 18 55 -1 -0.3
384116 1.24963 30 45 -0.4 0.45
383670 1.37895 24 55 -0.2 0.9
383398 1.25506 33 45 -0.4 0.6
382608 1.34179 18 55 1 0.9
382168 1.26919 18 57.5 -0.2 -0.3
381962 1.62346 36 77.5 -1 1.8
381962 1.62346 36 75 -1 1.8
381646 1.25363 30 45 -0.4 0.15
381646 1.25363 30 45 -0.4 0
381309 1.31497 24 45 -0.8 0.15
381189 1.24924 30 55 -0.2 0.45
381189 1.24924 30 0 -0.2 0.45
380511 1.32276 18 57.5 -1 -0.15
379682 1.42055 33 75 1 1.95
378492 1.37464 27 55 -0.2 0.9
378492 1.37464 27 0 -0.2 0.9
377917 1.4791 36 65 -0.2 2.1
377917 1.4791 36 55 -0.2 2.1
377917 1.4791 36 0 -0.2 2.1
377917 1.4791 36 0 -0.2 1.95
377917 1.4791 36 65 -0.2 1.95
377917 1.4791 36 55 -0.2 1.95
377844 1.32672 36 75 1 1.8
377844 1.32672 33 75 1 1.8
377836 1.25059 36 80 10 0.6
377836 1.25059 36 80 10 0
377836 1.25059 48 80 1 -10
377836 1.25059 100 80 1 0
377836 1.25059 60 80 1 0
377836 1.25059 60 80 1 0.6
377836 1.25059 60 80 1 1.2
377836 1.25059 36 80 10 1.2
377836 1.25059 36 80 10 1.5
377836 1.25059 36 80 10 -10
377836 1.25059 100 80 1 1.2
377836 1.25059 60 80 1 -10
377836 1.25059 100 80 1 -10
377836 1.25059 48 80 1 1.2
377836 1.25059 100 80 10 0
377836 1.25059 100 80 10 0.6
377836 1.25059 100 80 10 1.2
377836 1.25059 48 80 1 0.6
377836 1.25059 48 80 1 0
377836 1.25059 100 80 10 -10
377836 1.25059 36 80 1 0
377836 1.25059 60 80 10 -10
377836 1.25059 36 80 1 0.6
377836 1.25059 48 80 10 -10
377836 1.25059 36 80 1 1.2
377836 1.25059 60 80 10 0
377836 1.25059 100 80 1 0.6
377836 1.25059 48 80 10 1.2
377836 1.25059 48 80 10 0.6
377836 1.25059 60 80 10 0.6
377836 1.25059 60 80 10 1.2
377836 1.25059 48 80 10 0
377836 1.25059 36 80 1 -10
377836 1.25059 36 80 1 1.5
377759 1.25663 30 0 -0.2 -0.3
376861 1.28001 60 77.5 1 1.8
376861 1.28001 48 77.5 1 1.8
376861 1.28001 100 77.5 1 1.8
376109 1.16891 100 65 10 1.8
375035 1.30327 27 0 -1 0.3
374975 1.31853 18 57.5 -1 -0.3
373721 1.42619 24 67.5 1.4 1.2
373721 1.42619 24 0 1.4 1.2
373378 1.2961 30 45 -0.8 0.75
373119 1.29171 36 45 -0.8 0.75
373119 1.29171 33 45 -0.8 0.6
373119 1.29171 36 45 -0.8 0.6
373119 1.29171 33 45 -0.8 0.75
371974 1.39343 33 80 -1 0
371974 1.39343 36 80 -1 -10
371974 1.39343 36 80 -1 0.75
371974 1.39343 33 80 -1 0.6
371974 1.39343 36 80 -1 1.05
371974 1.39343 36 80 -1 0.9
371974 1.39343 33 80 -1 1.2
371974 1.39343 36 80 -1 1.2
371974 1.39343 33 80 -1 -10
371974 1.39343 36 80 -1 0.6
371974 1.39343 36 80 -1 0
371974 1.39343 33 80 -1 0.9
371974 1.39343 33 80 -1 1.05
371974 1.39343 33 80 -1 0.75
371736 1.27803 27 67.5 0.6 0.9
371179 1.27889 18 55 -0.2 -10
370821 1.23987 27 67.5 1 0
370821 1.23987 27 67.5 1 0.6
370821 1.23987 27 67.5 1 -10
370802 1.2507 36 55 -1 0
370802 1.2507 36 55 -1 -0.15
370802 1.2507 36 55 -1 -0.3
370802 1.2507 33 55 -1 -0.3
370802 1.2507 36 55 -1 -10
370802 1.2507 33 55 -1 0
370802 1.2507 33 55 -1 -0.45
370802 1.2507 33 55 -1 -0.15
370802 1.2507 33 55 -1 -10
370802 1.2507 36 55 -1 0.3
370802 1.2507 33 55 -1 0.3
370802 1.2507 36 55 -1 -0.45
370306 1.39248 18 55 -0.6 0.3
370306 1.39248 18 57.5 -0.6 0.3
369197 1.23896 24 67.5 1.4 0
369197 1.23896 24 67.5 1.4 -10
369197 1.23896 24 67.5 1.4 0.6
369062 1.32021 36 77.5 1 1.8
369062 1.32021 33 77.5 1 1.8
368354 1.25398 33 0 -0.6 -0.45
367688 1.31161 18 55 -1 -0.45
367237 1.36882 36 65 -0.2 1.8
367237 1.36882 36 0 -0.2 1.8
367237 1.36882 36 55 -0.2 1.8
367020 1.33717 30 65 -1 0.6
366751 1.24793 30 0 -0.2 0.15
366751 1.24793 30 0 -0.2 0
365590 1.25166 36 0 -0.6 0
365590 1.25166 33 0 -0.6 -0.15
365590 1.25166 33 0 -0.6 -0.3
365590 1.25166 33 0 -0.6 0
365590 1.25166 33 0 -0.6 0.3
365374 1.26824 36 77.5 10 2.1
365374 1.26824 33 77.5 10 2.1
361714 1.24615 30 55 -0.2 -0.3
361714 1.24615 30 55 -0.2 0
361714 1.24615 30 55 -0.2 0.15
361714 1.24615 30 55 -0.2 -10
361584 1.40205 33 80 1 1.65
361584 1.40205 33 80 1 1.8
359848 1.23975 30 45 -0.4 0.6
359446 1.59135 48 80 -1 2.1
359170 1.24233 48 77.5 -1 -10
359170 1.24233 100 77.5 -1 0.6
359170 1.24233 100 77.5 -1 0
359170 1.24233 100 77.5 -1 1.2
359170 1.24233 48 77.5 -1 0.6
359170 1.24233 48 77.5 -1 1.2
359170 1.24233 48 77.5 -1 0
359170 1.24233 60 77.5 -1 -10
359170 1.24233 60 77.5 -1 0
359170 1.24233 60 77.5 -1 0.6
359170 1.24233 60 77.5 -1 1.2
359170 1.24233 100 77.5 -1 -10
358426 1.30584 18 57.5 -1 -0.45
358056 1.4367 33 70 -1 1.65
357908 1.45814 30 0 10 2.4
357908 1.45814 30 45 10 2.25
357908 1.45814 30 45 10 2.4
357908 1.45814 30 0 10 2.25
357280 1.26983 30 75 10 1.8
357084 1.24473 36 0 -0.6 0.6
357084 1.24473 33 0 -0.6 0.6
354627 1.25828 18 0 0.6 -0.3
354627 1.25828 18 45 0.4 -0.3
354627 1.25828 18 45 0.8 -0.3
354627 1.25828 18 0 1.4 -0.3
354627 1.25828 18 0 1 -0.3
354627 1.25828 18 45 1.2 -0.3
354057 1.42352 24 55 -1 0.45
354026 1.29442 27 0 -1 -0.3
354026 1.29442 27 0 -1 0
353786 1.26853 30 70 10 1.8
353786 1.26853 27 70 10 1.8
353067 1.26814 27 72.5 10 1.8
352962 1.26612 33 70 10 1.95
352920 1.37184 30 70 -1 0
352920 1.37184 30 70 -1 -10
352591 1.29364 27 0 -1 0.15
352412 1.22808 27 65 1 0
351676 1.29191 33 80 1 0.6
351676 1.29191 33 80 1 1.2
351676 1.29191 33 80 1 -10
351676 1.29191 33 80 1 0
351676 1.29191 33 80 1 1.35
351676 1.29191 33 80 1 1.5
351522 1.24469 30 0 -1 0
350307 1.26267 33 70 10 2.1
349709 1.24477 33 45 -0.8 -10
349709 1.24477 36 45 -0.8 -10
349143 1.45167 30 55 10 2.4
349143 1.45167 30 55 10 2.25
348959 1.26441 30 75 10 1.95
348959 1.26441 36 75 10 1.95
348959 1.26441 33 75 10 1.95
348619 1.23538 30 55 -0.2 0.6
348619 1.23538 30 0 -0.2 0.6
347090 1.20979 60 75 1 -10
347090 1.20979 30 75 1 0.6
347090 1.20979 48 75 1 0.6
347090 1.20979 33 75 1 1.5
347090 1.20979 30 75 1 1.2
347090 1.20979 48 75 1 0
347090 1.20979 30 75 1 1.5
347090 1.20979 48 75 1 1.2
347090 1.20979 33 75 1 1.2
347090 1.20979 100 75 1 1.2
347090 1.20979 60 75 1 1.2
347090 1.20979 36 75 1 0
347090 1.20979 36 75 1 -10
347090 1.20979 48 75 1 -10
347090 1.20979 36 75 1 0.6
347090 1.20979 30 75 1 1.05
347090 1.20979 30 75 1 0
347090 1.20979 36 75 1 1.2
347090 1.20979 30 75 1 0.9
347090 1.20979 36 75 1 1.5
347090 1.20979 30 75 1 -10
347090 1.20979 100 75 1 -10
347090 1.20979 33 75 1 -10
347090 1.20979 30 75 1 0.75
347090 1.20979 100 75 1 0.6
347090 1.20979 100 75 1 0
347090 1.20979 33 75 1 0
347090 1.20979 33 75 1 0.6
347090 1.20979 60 75 1 0
347090 1.20979 60 75 1 0.6
347056 1.24246 36 45 -0.8 0
347056 1.24246 36 45 -0.8 0.3
347056 1.24246 33 45 -0.8 0.3
347056 1.24246 33 45 -0.8 0
346919 1.26135 30 70 10 2.1
346560 1.26106 30 65 10 2.1
346214 1.26096 33 75 10 2.1
346214 1.26096 36 75 10 2.1
346214 1.26096 30 75 10 2.1
345947 1.26329 30 70 10 1.95
345730 1.41786 24 55 -1 0.6
345683 1.29689 27 67.5 -0.6 0.15
345683 1.29689 27 67.5 -0.6 0
345683 1.29689 27 67.5 -0.6 0.6
345683 1.29689 27 67.5 -0.6 0.3
345683 1.29689 27 67.5 -0.6 -10
345683 1.29689 27 67.5 -0.6 0.45
345545 1.57463 48 85 -0.6 -10
345545 1.57463 48 85 -0.6 1.35
345545 1.57463 48 85 -0.6 0
345545 1.57463 48 85 -0.6 0.6
345545 1.57463 48 85 -0.6 1.2
345211 1.23795 30 0 -0.6 0
345098 1.29312 30 45 -0.8 0.9
344952 1.3208 24 67.5 0.6 0.9
344880 1.28247 24 75 10 1.2
344880 1.28247 24 75 10 0.6
344880 1.28247 24 75 10 0
344880 1.28247 24 75 10 -10
344880 1.28247 24 75 10 0.75
344880 1.28247 24 75 10 1.05
344880 1.28247 24 75 10 0.9
344644 1.51187 33 80 -1 1.5
344644 1.51187 36 80 -1 1.5
344547 1.23338 30 0 -0.6 0.6
344404 1.32765 24 45 -0.8 0.6
344095 1.22485 27 65 1 0.6
341816 1.2442 36 45 -0.4 1.5
341077 1.3233 48 45 -1.2 1.8
340807 1.27961 33 70 -0.6 1.5
340807 1.27961 36 0 -0.6 1.5
340807 1.27961 33 70 -0.6 1.35
340324 1.24332 36 45 -0.4 1.35
339362 1.27855 36 0 -0.6 1.35
337971 1.20514 60 75 1.4 -10
337971 1.20514 100 75 1.4 -10
337971 1.20514 48 75 1.4 0.6
337971 1.20514 100 75 1.4 1.2
337971 1.20514 60 75 1.4 0
337971 1.20514 48 75 1.4 1.2
337971 1.20514 60 75 1.4 0.6
337971 1.20514 100 75 1.4 0.6
337971 1.20514 100 75 1.4 0
337971 1.20514 48 75 1.4 -10
337971 1.20514 48 75 1.4 0
337971 1.20514 60 75 1.4 1.2
337138 1.25673 33 77.5 10 1.95
337138 1.25673 36 77.5 10 1.95
336705 1.55539 24 75 0.6 0.3
336705 1.55539 24 75 0.6 -10
336705 1.55539 24 75 1 0.3
336705 1.55539 24 75 1 0.45
336705 1.55539 24 75 0.6 0.6
336705 1.55539 24 75 1 0
336705 1.55539 24 75 0.6 0.15
336705 1.55539 24 75 1 0.15
336705 1.55539 24 75 0.6 0
336705 1.55539 24 75 1 -10
336705 1.55539 24 75 0.6 0.45
336705 1.55539 24 75 1 0.6
334748 1.27665 30 45 -1.2 0
334320 1.24704 18 55 -0.2 -0.3
333521 1.15534 30 45 10 1.8
332786 1.39278 24 65 -1 0.3
332601 1.31259 27 65 -1 -0.3
332601 1.31259 27 65 -1 -0.15
332601 1.31259 27 65 -1 0
332207 1.21863 24 0 1.4 0.6
331994 1.31774 27 75 10 2.1
331859 1.23548 33 45 -1.2 -10
331859 1.23548 36 45 -1.2 -10
331668 1.86231 36 75 -0.6 2.1
331668 1.86231 36 77.5 -0.6 2.1
331668 1.86231 36 80 -0.6 2.1
331668 1.86231 36 0 -0.6 2.1
331393 1.15478 30 0 10 1.8
330382 1.26832 33 0 -1 0.6
330382 1.26832 36 55 -1 0.6
330382 1.26832 36 45 -1.2 0.6
330382 1.26832 33 45 -1.2 0.6
330382 1.26832 36 0 -1 0.6
330382 1.26832 33 55 -1 0.6
327800 1.24277 18 0 -0.6 -0.15
327800 1.24277 18 0 -0.6 -0.3
327750 1.22256 24 0 1.4 0
326999 1.21641 30 0 -0.2 -10
326979 1.25217 33 70 10 1.8
326600 1.25167 27 45 0.8 0.9
325290 1.81795 18 57.5 -1 0.3
325196 1.15311 30 55 10 1.8
325078 1.21915 30 0 -1 -10
324944 1.38711 24 65 -1 0.6
324775 1.2232 27 67.5 1 0.9
324259 1.23207 33 70 -0.2 1.5
324259 1.23207 36 65 -0.2 1.5
324259 1.23207 36 0 -0.2 1.5
324259 1.23207 33 55 -0.2 1.5
324259 1.23207 33 0 -0.2 1.5
324259 1.23207 36 55 -0.2 1.5
324259 1.23207 33 70 -0.2 1.35
324206 1.26615 33 70 -0.6 1.2
323228 1.25045 36 75 10 1.8
323228 1.25045 33 75 10 1.8
322883 1.23119 33 55 -0.2 1.35
322883 1.23119 33 0 -0.2 1.35
322685 1.21653 36 0 -0.6 -10
322685 1.21653 33 0 -0.6 -10
321859 1.28009 27 72.5 0.6 0.3
321859 1.28009 27 72.5 0.6 -10
321859 1.28009 27 72.5 0.6 0
321859 1.28009 27 72.5 0.6 0.6
320943 1.24032 27 72.5 1 -10
320943 1.24032 27 72.5 1 0.9
320943 1.24032 27 72.5 1 0.6
320943 1.24032 27 72.5 1 0
320943 1.24032 27 72.5 1 0.3
320943 1.24032 27 72.5 1 0.45
320943 1.24032 27 72.5 1 0.15
320759 1.2186 27 0 1 0
320581 1.21289 27 55 1 0.6
320581 1.21289 27 0 1 0.6
320391 1.34622 18 60 -0.6 0
319105 1.20224 27 65 1 -10
318959 1.26722 33 70 -1 1.5
317916 1.21175 30 0 -0.6 -10
317155 1.27923 18 0 -0.6 0.3
316541 1.2276 36 0 -1 0
316541 1.2276 33 0 -1 0.3
316541 1.2276 36 0 -1 0.3
316541 1.2276 33 0 -1 0
316531 1.14896 36 45 10 1.8
316531 1.14896 48 45 10 1.8
315619 1.29779 27 65 -1 -0.45
315619 1.29779 27 65 -1 -10
314577 1.1484 36 0 10 1.8
311808 1.33649 18 62.5 -0.6 0
311008 1.29515 24 45 0.4 0.9
310885 1.22951 48 75 -0.6 -10
310885 1.22951 60 75 -0.6 1.2
310885 1.22951 48 75 -0.6 1.2
310885 1.22951 60 75 -0.6 0
310885 1.22951 48 75 -0.6 0.6
310885 1.22951 48 75 -0.6 0
310885 1.22951 100 75 -0.6 0
310885 1.22951 60 75 -0.6 -10
310885 1.22951 60 75 -0.6 0.6
310885 1.22951 100 75 -0.6 0.6
310885 1.22951 100 75 -0.6 1.2
310885 1.22951 100 75 -0.6 -10
310576 1.24782 33 65 -1 -10
310576 1.24782 33 65 -1 0
310576 1.24782 33 65 -1 0.3
310576 1.24782 36 65 -1 -10
310576 1.24782 36 65 -1 0.3
310576 1.24782 36 65 -1 0.6
310576 1.24782 33 65 -1 0.6
310576 1.24782 36 65 -1 0
310152 1.22527 100 75 0.6 0
310152 1.22527 48 75 0.6 0
310152 1.22527 48 75 0.6 -10
310152 1.22527 100 75 0.6 0.6
310152 1.22527 100 75 0.6 1.2
310152 1.22527 48 75 0.6 0.6
310152 1.22527 60 75 0.6 0.6
310152 1.22527 48 75 0.6 1.2
310152 1.22527 100 75 0.6 -10
310152 1.22527 60 75 0.6 0
310152 1.22527 60 75 0.6 1.2
310152 1.22527 60 75 0.6 -10
309442 1.97734 18 75 10 0.9
309442 1.97734 18 75 10 1.05
309442 1.97734 18 75 10 0.75
308704 1.14674 60 55 10 1.8
308704 1.14674 48 55 10 1.8
308704 1.14674 36 55 10 1.8
308398 1.3441 33 80 10 2.1
307720 1.21101 30 45 10 2.1
307149 1.20853 27 55 1 0
307047 1.29196 24 67.5 1 0.9
306638 1.16233 33 65 10 1.8
306638 1.16233 48 65 10 1.8
306638 1.16233 60 65 10 1.8
306638 1.16233 36 65 10 1.8
306306 1.21257 27 65 1 0.9
306078 1.20756 27 55 1 -10
306068 1.27439 18 45 -0.8 0.15
305885 1.21036 30 0 10 2.1
305157 1.14393 33 45 10 1.8
305082 1.23735 33 77.5 10 1.8
305082 1.23735 36 77.5 10 1.8
305029 1.28982 24 0 0.6 0.9
305029 1.28982 24 45 0.8 0.9
303588 1.24971 36 45 -0.8 1.05
303588 1.24971 33 45 -0.8 1.2
303588 1.24971 36 45 -0.8 1.2
303588 1.24971 33 45 -0.8 1.05
303277 1.14337 33 0 10 1.8
301352 1.24846 33 65 -0.6 1.2
301352 1.24846 36 55 -0.6 1.2
301352 1.24846 36 0 -0.6 1.2
301352 1.24846 33 55 -0.6 1.2
301352 1.24846 36 65 -0.6 1.2
301352 1.24846 33 0 -0.6 1.2
300881 1.74131 18 55 -1 0.3
300119 1.20842 30 55 10 2.1
297771 1.25439 33 45 -1.2 0
297771 1.25439 36 45 -1.2 0
297771 1.25439 36 45 -1.2 0.3
297771 1.25439 33 45 -1.2 0.3
297575 1.1417 33 55 10 1.8
297561 1.23151 27 70 10 1.95
297248 1.23122 24 65 10 1.95
297248 1.23122 27 65 10 1.95
297019 1.25372 30 45 -0.4 1.2
296958 1.15643 100 55 -0.6 -10
296958 1.15643 100 55 -0.6 0.6
296958 1.15643 100 55 -0.6 0
296956 1.23111 27 72.5 10 1.95
296725 1.31918 18 65 -0.6 0
296650 1.1807 24 65 10 1.8
296650 1.1807 27 65 10 1.8
296181 1.2158 27 75 1.4 0.75
296181 1.2158 27 75 1.4 1.2
296181 1.2158 27 75 1.4 0.9
296181 1.2158 27 75 1.4 1.5
296181 1.2158 27 75 1.4 -10
296181 1.2158 27 75 1.4 1.05
296181 1.2158 27 75 1.4 0
296181 1.2158 27 75 1.4 0.6
296146 1.17927 60 65 -0.2 0
296146 1.17927 33 65 -0.2 0.6
296146 1.17927 33 65 -0.2 -10
296146 1.17927 48 65 -0.2 0
296146 1.17927 48 65 -0.2 0.6
296146 1.17927 100 65 -0.2 0
296146 1.17927 100 65 -0.2 0.6
296146 1.17927 33 65 -0.2 0
296146 1.17927 60 65 -0.2 0.6
296146 1.17927 33 65 -0.2 0.3
296146 1.17927 36 65 -0.2 -10
296146 1.17927 33 65 -0.2 0.45
296146 1.17927 33 65 -0.2 0.15
296146 1.17927 36 65 -0.2 0
296146 1.17927 48 65 -0.2 -10
296146 1.17927 100 65 -0.2 -10
296146 1.17927 60 65 -0.2 -10
296146 1.17927 36 65 -0.2 0.6
295948 1.18098 100 55 -0.6 1.2
295948 1.18098 100 0 -0.6 1.2
295205 1.29015 27 45 -0.8 0.6
295053 1.1523 100 55 1 1.2
295053 1.1523 100 65 1 1.2
295053 1.1523 100 0 1 1.2
294389 1.17987 48 65 -0.6 -10
294389 1.17987 100 65 -0.6 0
294389 1.17987 48 55 -0.6 0.6
294389 1.17987 60 65 -0.6 0.6
294389 1.17987 100 65 -0.6 0.6
294389 1.17987 48 55 -0.6 0
294389 1.17987 60 65 -0.6 0
294389 1.17987 60 55 -0.6 0.6
294389 1.17987 60 55 -0.6 -10
294389 1.17987 60 65 -0.6 -10
294389 1.17987 48 55 -0.6 -10
294389 1.17987 100 65 -0.6 -10
294389 1.17987 48 65 -0.6 0.6
294389 1.17987 60 55 -0.6 0
294389 1.17987 48 65 -0.6 0
293799 1.24472 33 45 -1.2 1.05
293799 1.24472 33 45 -1.2 1.2
293799 1.24472 33 70 -1 0.9
293799 1.24472 33 65 -1 1.2
293799 1.24472 33 55 -1 1.2
293799 1.24472 36 45 -1.2 1.05
293799 1.24472 36 45 -1.2 1.2
293799 1.24472 33 65 -1 1.05
293799 1.24472 36 65 -1 1.05
293799 1.24472 33 70 -1 1.2
293799 1.24472 33 70 -1 0.6
293799 1.24472 36 65 -1 1.2
293799 1.24472 33 70 -1 0
293799 1.24472 33 0 -1 1.05
293799 1.24472 36 0 -1 1.05
293799 1.24472 33 70 -1 -10
293799 1.24472 33 0 -1 1.2
293799 1.24472 36 55 -1 1.2
293799 1.24472 36 0 -1 1.2
293669 1.22886 27 67.5 10 1.95
293669 1.22886 24 67.5 10 1.95
293452 1.21242 60 65 -0.6 1.2
293452 1.21242 48 0 -0.6 1.2
293452 1.21242 100 65 -0.6 1.2
293452 1.21242 48 65 -0.6 1.2
293452 1.21242 48 55 -0.6 1.2
293452 1.21242 60 55 -0.6 1.2
293452 1.21242 60 0 -0.6 1.2
293077 1.17869 24 67.5 10 1.8
293077 1.17869 27 67.5 10 1.8
292354 1.77078 36 85 -0.6 -10
292354 1.77078 36 85 -0.6 0.45
292354 1.77078 36 85 -0.6 0.6
292354 1.77078 36 85 -0.6 0
292354 1.77078 36 85 -0.6 0.3
292354 1.77078 36 85 -0.6 0.15
292354 1.77078 36 85 -0.6 0.9
289450 1.17396 36 45 0.8 1.5
289257 1.3543 33 70 1 1.95
288857 1.32578 24 0 10 2.1
288857 1.32578 24 45 10 2.1
288857 1.32578 24 55 10 2.1
288739 1.23992 33 70 -1 1.35
287898 1.35826 24 75 10 1.8
287857 1.49294 36 45 -0.8 1.8
287857 1.49294 36 65 -1 1.8
287857 1.49294 36 0 -1 1.8
287857 1.49294 36 55 -1 1.8
287836 1.27372 33 70 1 1.8
287805 1.30911 30 70 -1 0.6
287805 1.30911 30 70 -1 0.75
287394 1.4222 30 45 -0.8 1.5
287283 1.173 33 70 1 1.2
287283 1.173 33 55 1 1.5
287283 1.173 33 70 1 1.5
287283 1.173 33 0 1 1.5
287283 1.173 33 65 1 1.5
285706 1.17234 33 45 0.8 1.5
285473 1.08593 60 0 10 0
285473 1.08593 48 0 10 0
285473 1.08593 100 0 10 0
285384 1.20061 27 0 1 0.9
285384 1.20061 27 55 1 0.9
284350 1.35572 24 72.5 10 1.8
284052 1.17336 100 45 -0.8 1.2
283725 1.38933 24 75 1.4 0.15
283725 1.38933 24 75 1.4 -10
283725 1.38933 24 75 1.4 0
283725 1.38933 24 75 1.4 0.6
283725 1.38933 24 75 1.4 0.3
283725 1.38933 24 75 1.4 0.45
283670 1.40265 24 65 10 2.1
283439 1.26936 12 0 1 -10
283439 1.26936 12 0 1.4 -10
283048 1.23381 30 70 -0.2 -0.3
283048 1.23381 30 70 -0.2 0.3
283048 1.23381 30 70 -0.2 -10
283048 1.23381 30 70 -0.2 -0.45
283048 1.23381 30 70 -0.2 -0.15
283048 1.23381 30 70 -0.2 0
282031 1.18937 24 45 10 1.95
282031 1.18937 27 45 10 1.95
282031 1.18937 24 0 10 1.95
282031 1.18937 24 55 10 1.95
282031 1.18937 27 55 10 1.95
281608 1.20241 60 45 -0.8 1.2
281608 1.20241 48 45 -0.8 1.2
281458 1.1504 24 45 10 1.8
281458 1.1504 27 55 10 1.8
281458 1.1504 24 0 10 1.8
281458 1.1504 24 55 10 1.8
281458 1.1504 27 45 10 1.8
280895 1.52391 36 45 -0.4 2.1
280782 1.26963 24 55 1 0.9
280475 1.78316 27 0 10 2.4
280475 1.78316 27 45 10 2.4
280475 1.78316 27 65 10 2.4
280475 1.78316 27 55 10 2.4
280475 1.78316 27 55 10 2.25
280475 1.78316 27 65 10 2.25
280475 1.78316 27 0 10 2.25
280475 1.78316 27 45 10 2.25
280253 1.39543 24 67.5 10 2.1
279426 1.19246 36 0 -1 -10
279426 1.19246 33 0 -1 -10
279202 1.1696 30 55 1 1.5
279202 1.1696 30 70 1 1.35
279202 1.1696 30 0 1 1.5
279202 1.1696 30 70 1 1.5
279202 1.1696 30 70 1 1.2
279202 1.1696 30 65 1 1.5
279145 1.31556 18 45 -0.8 0.3
278227 1.37199 27 45 -1.2 0.75
278210 1.25376 30 77.5 1 0.75
278210 1.25376 30 77.5 1 1.05
278210 1.25376 30 77.5 1 0.9
278210 1.25376 30 77.5 1 1.5
278210 1.25376 30 77.5 1 -10
278210 1.25376 30 77.5 1 1.2
278210 1.25376 30 77.5 1 0.6
278210 1.25376 30 77.5 1 0
277982 1.16885 30 0 1 1.35
277982 1.16885 30 55 1 1.35
277982 1.16885 30 65 1 1.35
277888 1.22865 33 70 -0.6 0.6
277888 1.22865 33 70 -0.6 0
277888 1.22865 33 70 -0.6 0.9
277888 1.22865 33 70 -0.6 -10
277689 1.16895 30 45 0.8 1.5
277668 1.3478 27 55 -1 0.45
277097 1.76874 27 70 10 2.4
277097 1.76874 27 67.5 10 2.25
277097 1.76874 27 67.5 10 2.4
277097 1.76874 27 70 10 2.25
277007 1.26559 24 70 10 1.95
276534 1.76633 27 75 10 2.25
276534 1.76633 27 72.5 10 2.4
276534 1.76633 27 75 10 2.4
276534 1.76633 27 72.5 10 2.25
276479 1.16819 30 45 0.8 1.35
274840 1.22707 30 70 -0.6 -10
274840 1.22707 30 70 -0.6 0
274260 1.24337 18 0 -0.6 0
273475 1.20998 36 75 -0.2 -10
273475 1.20998 33 75 -0.2 -10
273475 1.20998 33 75 -0.2 0
273475 1.20998 36 75 -0.2 0
273276 1.26245 33 77.5 1 1.65
272486 1.19825 48 65 -1 1.2
272486 1.19825 48 55 -1 1.2
272486 1.19825 60 45 -1.2 1.2
272486 1.19825 60 0 -1 1.2
272486 1.19825 100 65 -1 1.2
272486 1.19825 100 55 -1 1.2
272486 1.19825 60 55 -1 1.2
272486 1.19825 48 45 -1.2 1.2
272486 1.19825 60 65 -1 1.2
272486 1.19825 100 45 -1.2 1.2
272486 1.19825 48 0 -1 1.2
272383 1.27657 24 45 -0.8 0.45
272317 1.19521 33 70 -0.2 0.9
272317 1.19521 33 70 -0.2 1.2
272317 1.19521 33 70 -0.2 0
272317 1.19521 33 70 -0.2 -10
272317 1.19521 33 70 -0.2 0.6
271990 1.16605 100 45 -0.4 1.2
271893 1.22317 33 45 -0.4 1.2
271278 1.24117 18 45 -0.8 -0.3
271278 1.24117 18 45 -0.8 0
271139 1.34214 27 55 -1 0.6
271139 1.34214 27 0 -1 0.6
271139 1.34214 27 45 -1.2 0.6
270876 1.24726 30 77.5 1.4 1.05
270876 1.24726 30 77.5 1.4 -10
270876 1.24726 30 77.5 1.4 0.75
270876 1.24726 30 77.5 1.4 0.6
270876 1.24726 30 77.5 1.4 0
270876 1.24726 30 77.5 1.4 1.2
270876 1.24726 30 77.5 1.4 1.5
270876 1.24726 30 77.5 1.4 0.9
270726 1.28135 24 0 -0.6 0.75
270480 1.19794 33 77.5 1 -10
270480 1.19794 36 77.5 1 0.6
270480 1.19794 100 77.5 1 -10
270480 1.19794 60 77.5 1 -10
270480 1.19794 33 77.5 1 1.35
270480 1.19794 48 77.5 1 1.2
270480 1.19794 36 77.5 1 -10
270480 1.19794 100 77.5 1 0
270480 1.19794 36 77.5 1 1.2
270480 1.19794 48 77.5 1 0.6
270480 1.19794 36 77.5 1 1.5
270480 1.19794 33 77.5 1 0
270480 1.19794 33 77.5 1 0.6
270480 1.19794 100 77.5 1 0.6
270480 1.19794 33 77.5 1 1.2
270480 1.19794 48 77.5 1 -10
270480 1.19794 48 77.5 1 0
270480 1.19794 60 77.5 1 1.2
270480 1.19794 100 77.5 1 1.2
270480 1.19794 60 77.5 1 0.6
270480 1.19794 60 77.5 1 0
270480 1.19794 36 77.5 1 0
270480 1.19794 33 77.5 1 1.5
269702 1.17021 48 75 10 0
269702 1.17021 36 75 10 0.6
269702 1.17021 100 75 10 0.6
269702 1.17021 36 75 10 0
269702 1.17021 60 75 10 0
269702 1.17021 60 75 10 0.6
269702 1.17021 60 75 10 1.2
269702 1.17021 100 75 10 0
269702 1.17021 48 75 10 -10
269702 1.17021 30 75 10 1.5
269702 1.17021 33 75 10 0
269702 1.17021 30 75 10 -10
269702 1.17021 48 75 10 1.2
269702 1.17021 36 75 10 -10
269702 1.17021 33 75 10 -10
269702 1.17021 27 75 10 1.2
269702 1.17021 100 75 10 1.2
269702 1.17021 30 75 10 1.2
269702 1.17021 100 75 10 -10
269702 1.17021 30 75 10 0.6
269702 1.17021 30 75 10 0
269702 1.17021 27 75 10 0
269702 1.17021 33 75 10 0.6
269702 1.17021 48 75 10 0.6
269702 1.17021 60 75 10 -10
269702 1.17021 36 75 10 1.2
269702 1.17021 27 75 10 -10
269702 1.17021 27 75 10 0.6
269702 1.17021 33 75 10 1.2
269702 1.17021 27 75 10 1.5
269687 1.19501 48 45 -0.4 1.2
269687 1.19501 60 45 -0.4 1.2
269687 1.19501 36 45 -0.4 1.2
269561 1.13905 100 45 0.8 1.2
267504 1.14333 100 45 -0.4 0.6
267504 1.14333 100 45 -0.4 -10
267504 1.14333 100 45 -0.4 0
267268 1.16007 36 45 0.8 1.2
267268 1.16007 60 45 0.8 1.2
267268 1.16007 48 45 0.8 1.2
265556 1.15927 36 0 1 1.2
265556 1.15927 48 55 1 1.2
265556 1.15927 36 65 1 1.2
265556 1.15927 48 0 1 1.2
265556 1.15927 60 0 1 1.2
265556 1.15927 48 65 1 1.2
265556 1.15927 60 65 1 1.2
265556 1.15927 36 55 1 1.2
265556 1.15927 60 55 1 1.2
265274 1.16491 48 45 -0.4 -10
265274 1.16491 60 45 -0.4 0.6
265274 1.16491 36 45 -0.4 -10
265274 1.16491 48 45 -0.4 0.6
265274 1.16491 60 45 -0.4 -10
265274 1.16491 36 45 -0.4 0.6
265274 1.16491 48 45 -0.4 0
265274 1.16491 36 45 -0.4 0
265274 1.16491 60 45 -0.4 0
265194 1.15911 33 0 1 1.2
265194 1.15911 33 55 1 1.2
265194 1.15911 33 65 1 1.2
264634 1.66501 36 82.5 -0.6 0.9
264634 1.66501 36 82.5 -0.6 0
264634 1.66501 36 82.5 -0.6 0.3
264634 1.66501 36 82.5 -0.6 0.15
264634 1.66501 36 82.5 -0.6 0.45
264634 1.66501 36 82.5 -0.6 -10
264634 1.66501 36 82.5 -0.6 0.6
264277 1.51216 24 70 10 2.1
263728 1.15845 33 45 0.8 1.2
261816 1.15672 100 0 1.4 1.8
260997 1.31706 27 65 -1 0.3
259278 1.26727 27 45 -0.8 0.75
258791 1.37442 30 55 -0.6 1.5
258791 1.37442 30 70 -0.6 1.5
258791 1.37442 30 65 -0.6 1.5
258791 1.37442 30 0 -0.6 1.5
258066 1.15565 100 55 -0.2 1.2
257793 1.15571 30 55 1 1.2
257793 1.15571 30 0 1 1.2
257793 1.15571 30 65 1 1.2
257600 1.09702 24 0 10 -10
256345 1.15505 30 45 0.8 1.2
255845 1.18287 60 55 -0.2 1.2
255845 1.18287 33 65 -0.2 0.9
255845 1.18287 33 65 -0.2 1.2
255845 1.18287 36 0 -0.2 1.2
255845 1.18287 60 0 -0.2 1.2
255845 1.18287 100 65 -0.2 1.2
255845 1.18287 48 55 -0.2 1.2
255845 1.18287 36 65 -0.2 1.2
255845 1.18287 33 55 -0.2 1.2
255845 1.18287 36 55 -0.2 1.2
255845 1.18287 33 0 -0.2 1.2
255845 1.18287 48 0 -0.2 1.2
255845 1.18287 48 65 -0.2 1.2
255845 1.18287 60 65 -0.2 1.2
255546 1.24444 12 0 0.6 -10
255546 1.24444 12 0 -0.6 -10
254855 1.31139 27 65 -1 0.6
252692 1.11458 100 0 1 -10
252151 1.19834 27 45 10 2.1
252151 1.19834 27 55 10 2.1
252013 1.15972 33 77.5 10 0.6
252013 1.15972 100 77.5 10 1.2
252013 1.15972 100 77.5 10 -10
252013 1.15972 30 77.5 10 1.2
252013 1.15972 30 77.5 10 0.6
252013 1.15972 30 77.5 10 0
252013 1.15972 60 77.5 10 -10
252013 1.15972 60 77.5 10 1.2
252013 1.15972 48 77.5 10 1.2
252013 1.15972 33 77.5 10 1.2
252013 1.15972 48 77.5 10 0.6
252013 1.15972 36 77.5 10 -10
252013 1.15972 33 77.5 10 0
252013 1.15972 48 77.5 10 0
252013 1.15972 100 77.5 10 0.6
252013 1.15972 60 77.5 10 0.6
252013 1.15972 60 77.5 10 0
252013 1.15972 48 77.5 10 -10
252013 1.15972 100 77.5 10 0
252013 1.15972 30 77.5 10 1.5
252013 1.15972 36 77.5 10 1.2
252013 1.15972 30 77.5 10 -10
252013 1.15972 33 77.5 10 -10
252013 1.15972 36 77.5 10 0.6
252013 1.15972 36 77.5 10 0
251321 1.23982 30 77.5 0.6 -10
251321 1.23982 30 77.5 0.6 0.6
251321 1.23982 30 77.5 0.6 0
247870 1.2347 27 70 10 2.1
247624 1.23435 27 65 10 2.1
247366 1.23423 27 72.5 10 2.1
246973 1.17465 27 0 10 1.95
246896 1.13766 27 0 10 1.8
245960 1.26086 27 75 0.6 0.45
245960 1.26086 27 75 0.6 0.15
245960 1.26086 27 75 0.6 0.6
245960 1.26086 27 75 0.6 0
245960 1.26086 27 75 0.6 -10
245960 1.26086 27 75 0.6 0.3
245881 1.20433 30 75 -0.2 0
245881 1.20433 30 75 -0.2 -10
245819 1.1304 100 55 -0.2 -10
245819 1.1304 100 55 -0.2 0.6
245819 1.1304 100 55 -0.2 0
244839 1.14564 30 70 1 0
244839 1.14564 30 70 1 -10
244672 1.17434 30 70 1 1.65
244672 1.17434 30 0 1 1.65
244672 1.17434 30 55 1 1.65
244672 1.17434 30 65 1 1.65
244642 1.23153 27 67.5 10 2.1
244636 1.13106 100 0 -0.6 0
244636 1.13106 100 0 -0.6 -10
244636 1.13106 100 0 -0.6 0.6
243723 1.15013 60 55 -0.2 0
243723 1.15013 36 0 -0.2 0.6
243723 1.15013 60 0 -0.2 0
243723 1.15013 60 0 -0.2 0.6
243723 1.15013 33 55 -0.2 0
243723 1.15013 48 0 -0.2 0
243723 1.15013 60 0 -0.2 -10
243723 1.15013 36 0 -0.2 -10
243723 1.15013 33 55 -0.2 0.6
243723 1.15013 48 55 -0.2 0
243723 1.15013 48 55 -0.2 0.6
243723 1.15013 36 55 -0.2 0.6
243723 1.15013 48 0 -0.2 -10
243723 1.15013 33 0 -0.2 0
243723 1.15013 48 55 -0.2 -10
243723 1.15013 33 0 -0.2 -10
243723 1.15013 36 55 -0.2 0
243723 1.15013 33 0 -0.2 0.6
243723 1.15013 48 0 -0.2 0.6
243723 1.15013 36 0 -0.2 0
243723 1.15013 36 55 -0.2 -10
243723 1.15013 33 55 -0.2 -10
243723 1.15013 60 55 -0.2 0.6
243723 1.15013 60 55 -0.2 -10
243451 1.14658 100 45 -0.8 0.6
243269 1.25175 27 45 -1.2 0.3
242601 1.15088 60 0 -0.6 -10
242601 1.15088 60 0 -0.6 0.6
242601 1.15088 48 0 -0.6 0.6
242601 1.15088 48 0 -0.6 -10
242601 1.15088 60 0 -0.6 0
242601 1.15088 48 0 -0.6 0
241369 1.17116 48 45 -0.8 0.6
241369 1.17116 60 45 -0.8 0.6
241189 1.17132 27 67.5 1.4 1.5
241189 1.17132 27 67.5 1.4 1.65
241103 1.34199 24 70 -1 -10
241103 1.34199 24 70 -1 -0.15
241103 1.34199 24 70 -1 -0.45
241103 1.34199 24 70 -1 -0.3
241103 1.34199 24 70 -1 0.3
241103 1.34199 24 70 -1 0
240377 1.6407 36 45 -1.2 1.8
240170 1.19343 30 70 -0.2 0.6
240170 1.19343 30 70 -0.2 1.2
240142 1.17044 27 67.5 1.4 1.35
239651 1.14185 27 70 1.4 0
239651 1.14185 27 70 1.4 -0.45
239651 1.14185 27 70 1.4 -0.15
239651 1.14185 27 70 1.4 -10
239651 1.14185 27 70 1.4 -0.3
239651 1.14185 27 70 1.4 0.3
239578 1.21154 27 75 1 -10
239578 1.21154 27 75 1 1.2
239578 1.21154 27 75 1 0.75
239578 1.21154 27 75 1 0.6
239578 1.21154 27 75 1 0
239578 1.21154 27 75 1 1.05
239578 1.21154 27 75 1 0.9
239578 1.21154 27 75 1 1.5
238541 1.08674 100 0 10 0.6
238541 1.08674 48 0 10 0.6
238541 1.08674 60 0 10 0.6
238356 1.23672 24 75 10 1.5
238350 1.14059 27 67.5 1.4 0
238350 1.14059 27 67.5 1.4 -10
238350 1.14059 27 67.5 1.4 0.6
237776 1.19107 30 70 -0.6 0.9
237776 1.19107 30 70 -0.6 0.6
236231 1.13875 100 0 0.6 1.2
234349 1.14044 100 55 -1 -10
234349 1.14044 60 55 -1 0
234349 1.14044 48 55 -1 -10
234349 1.14044 48 55 -1 0
234349 1.14044 60 55 -1 -10
234349 1.14044 100 55 -1 0
234280 1.53181 33 80 -0.6 1.8
234006 1.16649 33 0 -0.2 0.9
234006 1.16649 33 55 -0.2 0.9
232857 1.3265 18 62.5 -0.6 0.3
232857 1.3265 18 65 -0.6 0.3
232857 1.3265 18 60 -0.6 0.3
232252 1.13492 30 65 1 -10
232252 1.13492 30 65 1 0
230402 1.23613 27 0 -1 0.45
228555 1.10165 48 0 10 1.2
228555 1.10165 60 0 10 1.2
228555 1.10165 100 0 10 1.2
227739 1.33044 33 75 -0.6 1.8
227739 1.33044 33 77.5 -0.6 1.8
227721 1.23927 27 45 -1.2 0
227416 1.11746 100 65 1 -10
227416 1.11435 60 0 1 -10
227416 1.11435 36 0 1 -10
227416 1.11435 48 0 1 -10
227416 1.11746 100 65 1 0.6
227416 1.11746 100 65 1 0
227390 1.10357 100 0 1.4 -10
227142 1.11419 33 0 1 -10
226803 1.13169 30 65 1 0.6
226548 1.11388 30 0 1 -10
225655 1.17864 30 55 -0.2 1.2
225655 1.17864 30 65 -0.2 1.2
225655 1.17864 30 0 -0.2 1.2
223544 1.30801 24 70 -0.6 0
223544 1.30801 24 70 -0.6 -10
223544 1.30801 24 70 -0.6 -0.15
223544 1.30801 24 70 -0.6 0.3
223544 1.30801 24 70 -0.6 -0.3
223544 1.30801 24 70 -0.6 -0.45
223447 1.17627 30 0 -0.6 0.9
223447 1.17627 30 55 -0.6 0.9
223447 1.17627 30 65 -0.6 0.9
222452 1.13121 27 70 10 0
222452 1.13121 30 70 10 0
222452 1.13121 30 70 10 -10
222452 1.13121 24 70 10 0
222452 1.13121 27 70 10 -10
222452 1.13121 24 70 10 -10
222162 1.23199 12 0 1.4 0.6
221420 1.11499 100 45 -1.2 -10
221160 1.11556 100 45 -0.8 0
221160 1.11556 100 45 -0.8 -10
220638 1.13238 33 70 1 0.6
220638 1.13238 33 70 1 -10
220638 1.13238 33 70 1 0
220476 1.31047 33 80 -0.2 1.8
220006 1.06799 30 0 10 0
219830 1.30097 24 70 -0.2 0.3
219830 1.30097 24 70 -0.2 -0.45
219830 1.30097 24 70 -0.2 -0.15
219830 1.30097 24 70 -0.2 0
219830 1.30097 24 70 -0.2 -0.3
219830 1.30097 24 70 -0.2 -10
219781 1.22259 27 72.5 -0.6 -0.3
219781 1.22259 27 72.5 -0.6 -0.15
219781 1.22259 27 72.5 -0.6 -10
219781 1.22259 27 72.5 -0.6 -0.45
219781 1.22259 27 72.5 -0.6 0
219329 1.1322 48 45 -0.8 -10
219329 1.1322 60 45 -0.8 -10
219329 1.1322 48 45 -0.8 0
219329 1.1322 60 45 -0.8 0
218529 1.12789 27 67.5 10 0.6
218529 1.12789 27 67.5 10 0
218529 1.12789 27 67.5 10 -10
218529 1.12789 24 67.5 10 -10
218529 1.12789 24 67.5 10 0
218529 1.12789 24 67.5 10 0.6
218454 1.17966 27 0 10 2.1
218414 1.05838 30 0 10 -10
217830 1.22697 12 0 1.4 0.45
217580 1.10639 30 65 10 0
217580 1.10639 30 65 10 -10
215918 1.32781 18 45 -0.8 0.45
215282 1.1103 30 65 10 1.5
214462 1.12898 30 70 1 0.9
214462 1.12898 30 70 1 0.6
214328 1.21478 33 75 -0.2 1.8
214328 1.21478 33 77.5 -0.2 1.8
213746 1.14777 100 65 -1 -10
213746 1.14777 100 65 -1 0.6
213746 1.14777 100 65 -1 0
213746 1.14777 100 55 -1 0.6
213746 1.14777 48 55 -1 0.6
213746 1.14777 60 65 -1 0
213746 1.14777 60 55 -1 0.6
213746 1.14777 60 0 -1 0.6
213746 1.14777 48 45 -1.2 0.6
213746 1.14777 60 65 -1 0.6
213746 1.14777 100 45 -1.2 0.6
213746 1.14777 60 45 -1.2 0.6
213746 1.14777 48 65 -1 -10
213746 1.14777 48 0 -1 0.6
213746 1.14777 48 65 -1 0.6
213746 1.14777 48 65 -1 0
213746 1.14777 60 65 -1 -10
213247 1.21409 27 72.5 -0.6 0.3
212482 1.10326 30 65 10 0.6
212320 1.29792 33 77.5 1 2.1
211911 1.10785 100 0 1 0
211911 1.10785 100 55 1 -10
211911 1.10785 100 55 1 0.6
211911 1.10785 100 0 1 0.6
211911 1.10785 100 55 1 0
211324 1.11973 30 0 1 0.6
211324 1.11973 30 55 1 0.6
210183 1.11908 30 45 0.8 0.6
209897 1.12519 27 72.5 1.4 0.9
209897 1.12519 27 70 1.4 0.6
209897 1.12519 27 72.5 1.4 0
209897 1.12519 27 72.5 1.4 -10
209897 1.12519 27 72.5 1.4 0.15
209897 1.12519 27 72.5 1.4 0.6
209897 1.12519 27 72.5 1.4 0.45
209897 1.12519 27 72.5 1.4 0.3
208076 1.12291 48 45 -1.2 -10
208076 1.12291 60 45 -1.2 -10
206774 1.20263 27 70 -0.6 0.3
206774 1.20263 27 70 -0.6 -0.3
206774 1.20263 27 70 -0.6 0
206774 1.20263 27 70 -0.6 -10
206774 1.20263 27 70 -0.6 -0.15
206774 1.20263 27 70 -0.6 -0.45
206518 1.08806 60 45 10 1.2
206518 1.08806 100 45 10 1.2
205367 1.27564 24 72.5 -1 -10
205367 1.27564 24 72.5 -1 0
205367 1.27564 24 72.5 -1 -0.3
205367 1.27564 24 72.5 -1 -0.45
205367 1.27564 24 72.5 -1 -0.15
204705 1.11858 48 65 1 0
204705 1.11858 36 65 1 -10
204705 1.11858 36 65 1 0.6
204705 1.11858 60 65 1 0.6
204705 1.11858 48 65 1 -10
204705 1.11858 60 65 1 0
204705 1.11858 36 65 1 0
204705 1.11858 60 65 1 -10
204705 1.11858 48 65 1 0.6
204439 1.11842 33 65 1 0
204439 1.11842 33 65 1 -10
204439 1.11842 33 65 1 0.6
204386 1.10278 100 0 1.4 1.2
203799 1.05782 36 0 10 0
203697 1.27212 24 72.5 -0.6 -0.45
203697 1.27212 24 72.5 -0.6 -0.3
203697 1.27212 24 72.5 -0.6 0
203697 1.27212 24 72.5 -0.6 -0.15
203697 1.27212 24 72.5 -0.6 -10
203468 1.11471 30 0 1 0
202703 1.10082 100 0 0.6 0.6
202703 1.10082 100 0 0.6 0
202703 1.10082 100 0 0.6 -10
202336 1.11406 30 45 0.8 0
202177 1.27325 33 80 1 2.1
202026 1.08306 24 0 10 0
201375 1.19934 12 0 1.4 0.3
200666 1.11293 30 55 1 0
200666 1.11293 30 55 1 -10
200492 1.11795 33 70 10 0.6
200492 1.11795 33 70 10 1.2
200492 1.11795 33 70 10 -10
200492 1.11795 33 70 10 0
200225 1.11629 100 45 -1.2 0
200041 1.11734 48 0 -1 -10
200041 1.11734 60 0 -1 -10
200041 1.11734 60 0 -1 0
200041 1.11734 48 0 -1 0
199827 1.26539 24 70 -1 0.6
199545 1.41316 27 45 -0.8 1.5
199545 1.41316 27 0 -0.6 1.5
199545 1.41316 27 55 -0.6 1.5
199298 1.26432 24 72.5 -1 0.3
197621 1.26079 24 72.5 -0.6 0.3
197588 1.08353 100 55 10 1.2
196188 1.11536 30 70 10 1.2
196188 1.11536 24 70 10 0.6
196188 1.11536 24 70 10 1.2
196188 1.11536 30 70 10 1.5
196188 1.11536 24 70 10 1.5
196188 1.11536 27 70 10 1.5
196188 1.11536 30 70 10 0.6
196188 1.11536 27 70 10 1.2
196188 1.11536 27 70 10 0.6
195865 1.19469 24 70 1 0
195865 1.19469 24 70 1 -0.15
195865 1.19469 24 70 1 -0.45
195865 1.19469 24 70 1 -10
195865 1.19469 24 70 1 0.3
195865 1.19469 24 70 1 -0.3
195552 1.9556 48 0 -1 2.7
195552 1.9556 48 77.5 -1 2.7
195552 1.9556 48 65 -1 2.7
195552 1.9556 48 77.5 -0.6 2.7
195552 1.9556 48 75 -0.6 2.7
195552 1.9556 48 45 -1.2 2.7
195552 1.9556 48 65 -0.6 2.7
195552 1.9556 48 55 -1 2.7
195552 1.9556 48 0 -0.6 2.7
195552 1.9556 48 45 -0.8 2.7
195552 1.9556 48 55 -0.6 2.7
195041 1.11328 27 72.5 10 0
195041 1.11328 27 72.5 10 1.5
195041 1.11328 27 72.5 10 1.2
195041 1.11328 27 72.5 10 0.6
195041 1.11328 27 72.5 10 -10
194352 1.25806 18 70 1 -0.45
194352 1.25806 18 70 1 -0.3
194352 1.25806 18 70 1 -0.15
194352 1.25806 18 70 1 -10
194352 1.25806 18 70 1 0
193905 1.08757 100 65 10 0.6
193905 1.08757 100 65 10 0
193905 1.08757 100 65 10 -10
193686 1.25646 18 70 1 0.3
193605 1.09459 100 45 0.8 -10
193605 1.09459 100 45 0.8 0
193605 1.09459 100 45 0.8 0.6
193548 1.2563 18 70 1.4 -0.15
193548 1.2563 18 70 1.4 -0.45
193548 1.2563 18 70 1.4 -0.3
193548 1.2563 18 70 1.4 -10
193548 1.2563 18 70 1.4 0
193498 1.25191 12 60 -0.6 -0.3
193498 1.25191 12 60 -0.6 -0.15
193498 1.25191 12 60 -0.6 -0.45
193498 1.25191 12 60 -0.6 0
193498 1.25191 12 60 -0.6 -10
193498 1.25191 12 55 -0.6 0
192886 1.25469 18 70 1.4 0.3
192772 1.18976 12 0 1.4 0.15
192730 1.15528 27 72.5 1 1.2
191955 1.10743 36 45 0.8 -10
191955 1.10743 36 45 0.8 0.6
191955 1.10743 48 45 0.8 0
191955 1.10743 48 45 0.8 -10
191955 1.10743 36 45 0.8 0
191955 1.10743 60 45 0.8 0.6
191955 1.10743 60 45 0.8 -10
191955 1.10743 60 45 0.8 0
191955 1.10743 48 45 0.8 0.6
191496 1.2471 12 55 -0.6 -0.3
191496 1.2471 12 55 -0.6 -10
191496 1.2471 12 55 -0.6 -0.45
191496 1.2471 12 55 -0.6 -0.15
191263 1.25101 12 70 1.4 -10
191263 1.25101 12 70 1.4 0
191263 1.25101 12 70 1.4 -0.3
191263 1.25101 12 70 1.4 -0.15
191263 1.25101 12 70 1.4 -0.45
190714 1.10662 48 55 1 -10
190714 1.10662 60 55 1 0
190714 1.10662 48 55 1 0
190714 1.10662 48 0 1 0
190714 1.10662 36 55 1 -10
190714 1.10662 60 0 1 0
190714 1.10662 36 0 1 0.6
190714 1.10662 36 0 1 0
190714 1.10662 60 55 1 0.6
190714 1.10662 36 55 1 0
190714 1.10662 48 0 1 0.6
190714 1.10662 48 55 1 0.6
190714 1.10662 60 55 1 -10
190714 1.10662 60 0 1 0.6
190714 1.10662 36 55 1 0.6
190608 1.24941 12 70 1.4 0.3
190475 1.10646 33 55 1 -10
190475 1.10646 33 0 1 0.6
190475 1.10646 33 55 1 0
190475 1.10646 33 55 1 0.6
190475 1.10646 33 0 1 0
190064 1.11164 24 67.5 10 1.5
190064 1.11164 27 67.5 10 1.5
189435 1.10581 33 45 0.8 0.6
189435 1.10581 33 45 0.8 -10
189435 1.10581 33 45 0.8 0
188939 1.10549 30 45 0.8 -10
188163 1.12575 60 45 -1.2 0
188163 1.12575 48 45 -1.2 0
187455 1.02841 36 0 10 -10
186983 1.09372 100 0 1.4 0
186983 1.09372 100 0 1.4 0.6
186858 1.09967 27 65 10 0
186858 1.09967 24 65 10 0
186858 1.09967 24 65 10 -10
186858 1.09967 27 65 10 -10
186827 1.23588 12 65 -0.6 -0.3
186827 1.23588 12 65 -0.6 0
186827 1.23588 12 65 -0.6 -10
186827 1.23588 12 65 -0.6 -0.45
186827 1.23588 12 65 -0.6 -0.15
186753 1.10831 24 67.5 10 1.2
186753 1.10831 27 67.5 10 1.2
185297 1.23142 24 70 -0.6 0.6
185291 1.061 27 0 10 -10
185178 1.05386 33 0 10 0
184835 1.08169 100 65 10 1.2
184284 1.23515 18 70 0.6 0
184284 1.23515 18 70 0.6 -0.3
184284 1.23515 18 70 0.6 -0.45
184284 1.23515 18 70 0.6 -0.15
184284 1.23515 18 70 0.6 -10
184134 1.84142 60 90 -1 2.55
184134 1.84142 60 90 1 2.7
184134 1.84142 60 90 -0.6 2.85
184134 1.84142 100 90 -0.6 2.7
184134 1.84142 100 90 -0.6 2.85
184134 1.84142 100 90 10 2.85
184134 1.84142 60 90 -0.6 2.55
184134 1.84142 100 90 -0.6 2.55
184134 1.84142 100 90 -0.2 2.7
184134 1.84142 60 90 -0.2 2.7
184134 1.84142 60 90 10 2.7
184134 1.84142 60 90 10 2.85
184134 1.84142 60 90 -1 2.85
184134 1.84142 100 90 -1 2.55
184134 1.84142 100 90 1 2.85
184134 1.84142 100 90 1 2.7
184134 1.84142 100 90 10 2.7
184134 1.84142 100 90 -0.2 2.55
184134 1.84142 60 90 -0.2 2.85
184134 1.84142 60 90 -0.6 2.7
184134 1.84142 100 90 -0.2 2.85
184134 1.84142 60 90 -1 2.7
184134 1.84142 60 90 1 2.85
184134 1.84142 60 90 -0.2 2.55
184134 1.84142 100 90 -1 2.85
184134 1.84142 100 90 -1 2.7
183653 1.23355 18 70 0.6 0.3
183642 1.23943 24 72.5 1 -10
183642 1.23943 24 72.5 1 0
183642 1.23943 24 72.5 1 0.45
183642 1.23943 24 72.5 1 0.3
183642 1.23943 24 72.5 1 0.6
183642 1.23943 24 72.5 1 0.15
183523 1.23339 12 70 0.6 -0.3
183523 1.23339 12 70 0.6 -0.15
183523 1.23339 12 70 0.6 -10
183523 1.23339 12 70 0.6 -0.45
183523 1.23339 12 70 0.6 0
183357 1.16461 27 70 -0.6 0.6
182894 1.23179 12 70 0.6 0.3
182807 1.12135 27 72.5 1.4 1.2
182807 1.12135 27 70 1.4 1.2
182563 1.16329 27 67.5 -0.6 0.9
182453 1.09644 27 65 10 0.6
182453 1.09644 24 65 10 0.6
181828 1.11987 27 67.5 1.4 1.2
181318 1.07538 24 0 10 0.6
180812 1.16812 12 0 1.4 0
180604 1.22445 12 60 1 0.3
180604 1.22445 12 65 1 0.3
180360 1.2206 24 70 -0.2 0.6
178915 1.07789 18 0 10 -0.45
178915 1.07789 18 0 10 -10
178915 1.07789 18 0 10 0
178915 1.07789 18 0 10 -0.3
178915 1.07789 18 0 10 -0.15
178758 1.22408 24 72.5 -0.2 0.3
178758 1.22408 24 72.5 -0.2 -10
178758 1.22408 24 72.5 -0.2 0
178758 1.22408 24 72.5 -0.2 -0.45
178758 1.22408 24 72.5 -0.2 -0.15
178758 1.22408 24 72.5 -0.2 -0.3
177983 1.07651 18 0 10 0.3
177975 1.21913 12 72.5 1.4 0
177975 1.21913 12 72.5 1.4 -0.3
177975 1.21913 12 72.5 10 -10
177975 1.21913 12 72.5 1.4 -0.15
177975 1.21913 12 72.5 10 0
177975 1.21913 12 72.5 10 -0.45
177975 1.21913 12 72.5 1.4 -10
177975 1.21913 12 72.5 1.4 -0.45
177975 1.21913 12 72.5 10 -0.15
177975 1.21913 12 72.5 10 -0.3
177975 1.21913 12 72.5 10 0.3
177975 1.21913 12 72.5 1.4 0.3
177852 1.16347 12 0 1 0
177852 1.16347 12 0 1 -0.15
177852 1.16347 12 0 1 -0.3
177533 1.22087 12 60 -0.2 -0.45
177533 1.22087 12 60 -0.2 -10
177533 1.22087 12 60 -0.2 0
177533 1.22087 12 60 -0.2 -0.15
177533 1.22087 12 55 -0.2 0
177533 1.22087 12 60 -0.2 -0.3
176966 1.22159 12 55 1 0
176107 1.21997 12 60 1 0.15
176107 1.21997 12 60 1 -0.3
176107 1.21997 12 60 1 0
176107 1.21997 12 60 1 -10
175879 1.21528 12 65 1 0.15
175879 1.21528 12 65 1 -10
175879 1.21528 12 65 1 -0.3
175879 1.21528 12 65 1 0
175697 1.21607 12 55 -0.2 -0.3
175697 1.21607 12 55 -0.2 -10
175697 1.21607 12 55 -0.2 -0.15
175697 1.21607 12 55 -0.2 -0.45
175515 1.34682 33 75 -1 1.8
175515 1.34682 33 77.5 -1 1.8
175136 1.21679 12 55 1 -0.3
175136 1.21679 12 55 1 -10
175136 1.21679 12 55 1 -0.15
175136 1.21679 12 55 1 -0.45
174979 1.21401 12 70 1 -10
174979 1.21401 12 70 1 -0.3
174979 1.21401 12 70 1 0
174979 1.21401 12 70 1 -0.15
174979 1.21401 12 70 1 -0.45
174380 1.21241 12 70 1 0.3
174307 1.05491 60 45 10 0
174307 1.05491 100 45 10 0
173469 1.20423 33 45 -0.4 1.8
172993 1.07775 30 65 10 1.2
172469 1.05603 36 0 10 0.6
172292 1.14611 27 0 -0.6 0.9
172292 1.14611 27 55 -0.6 0.9
171876 1.0549 30 0 10 0.6
171771 1.3283 18 70 -0.6 -0.45
171771 1.3283 18 70 -0.6 -10
171771 1.3283 18 70 -0.6 -0.15
171771 1.3283 18 70 -0.6 0
171771 1.3283 18 70 -0.6 -0.3
171622 1.19991 33 0 -0.6 1.8
171622 1.19991 33 55 -0.6 1.8
171622 1.19991 33 70 -0.6 1.8
171622 1.19991 33 65 -0.6 1.8
171414 1.20485 12 65 -0.2 -10
171414 1.20485 12 67.5 -0.2 -0.3
171414 1.20485 12 65 -0.2 0.3
171414 1.20485 12 60 -0.2 0.3
171414 1.20485 12 67.5 -0.2 -10
171414 1.20485 12 65 -0.2 -0.45
171414 1.20485 12 67.5 -0.2 0
171414 1.20485 12 67.5 -0.2 -0.15
171414 1.20485 12 65 -0.2 -0.15
171414 1.20485 12 65 -0.2 0
171414 1.20485 12 67.5 -0.2 0.3
171414 1.20485 12 55 -0.2 0.3
171414 1.20485 12 65 -0.2 -0.3
171414 1.20485 12 67.5 -0.2 -0.45
171183 1.32566 18 70 -0.6 0.3
170867 1.20557 12 55 1 0.3
170522 1.30685 12 72.5 0.6 -0.15
170522 1.30685 12 72.5 0.6 -10
170522 1.30685 12 72.5 0.6 -0.45
170522 1.30685 12 72.5 0.6 0
170522 1.30685 12 72.5 0.6 -0.3
170522 1.30685 12 72.5 0.6 0.3
170363 1.05292 100 45 10 -10
170363 1.05292 60 45 10 -10
169313 1.30204 12 67.5 -0.6 -0.3
169313 1.30204 12 67.5 -0.6 -10
169313 1.30204 12 67.5 -0.6 -0.45
169313 1.30204 12 67.5 -0.6 0
169313 1.30204 12 67.5 -0.6 -0.15
169091 1.15082 12 0 -0.6 0.15
168988 1.19799 12 72.5 1 -0.3
168988 1.19799 12 72.5 1 -0.45
168988 1.19799 12 72.5 1 0.3
168988 1.19799 12 72.5 1 -0.15
168988 1.19799 12 72.5 1 -10
168988 1.19799 12 72.5 1 0
168839 1.10628 24 72.5 10 1.5
168839 1.10628 24 72.5 10 0.6
168839 1.10628 24 72.5 10 0
168839 1.10628 24 72.5 10 1.2
168839 1.10628 24 72.5 10 -10
168839 1.10628 24 72.5 10 1.35
168497 1.05719 60 45 10 0.6
168497 1.05719 100 45 10 0.6
167425 1.67442 12 45 -1.2 0.3
166358 1.19097 12 67.5 1 0
166358 1.19097 12 67.5 1 0.3
166358 1.19097 12 67.5 1 -0.15
166358 1.19097 12 67.5 1 -0.45
166358 1.19097 12 67.5 1 -10
166358 1.19097 12 67.5 1 -0.3
165679 1.10328 24 72.5 10 1.65
164866 1.02832 33 0 10 -10
164770 1.05089 33 0 10 0.6
164385 1.1393 12 0 -0.6 -0.3
164077 1.06515 36 0 10 1.2
163375 1.09098 18 60 10 -0.3
163375 1.09098 18 60 10 -10
163375 1.09098 18 60 10 -0.15
163375 1.09098 18 60 10 -0.45
163375 1.09098 18 60 10 0
163267 1.14852 33 0 -0.2 1.8
163267 1.14852 33 70 -0.2 1.8
163267 1.14852 33 55 -0.2 1.8
163267 1.14852 33 65 -0.2 1.8
161276 1.0889 18 60 10 0.3
161079 1.06348 36 45 10 1.2
161079 1.06348 48 45 10 1.2
160403 1.13232 12 0 0.6 -0.3
160386 1.08326 24 65 10 1.5
160386 1.08326 27 65 10 1.5
159483 1.08766 18 65 10 -10
159483 1.08766 18 65 10 -0.45
159483 1.08766 18 65 10 -0.15
159483 1.08766 18 65 10 -0.3
159483 1.08766 18 65 10 0
159483 1.08766 18 65 10 0.3
158893 1.589 33 80 -1 1.8
158597 1.12919 12 0 -0.6 0
158130 1.06751 36 65 10 0.6
158130 1.06751 60 65 10 -10
158130 1.06751 60 65 10 0
158130 1.06751 48 65 10 0
158130 1.06751 33 65 10 0
158130 1.06751 33 65 10 0.6
158130 1.06751 33 65 10 -10
158130 1.06751 36 65 10 0
158130 1.06751 60 65 10 0.6
158130 1.06751 48 65 10 -10
158130 1.06751 36 65 10 -10
158130 1.06751 48 65 10 0.6
157543 1.07994 24 65 10 1.2
157543 1.07994 27 65 10 1.2
157481 1.08513 18 60 10 0.6
157045 1.05911 30 0 10 1.2
156753 1.05886 33 0 10 1.2
156504 1.25291 18 45 10 1.8
156504 1.25291 18 65 10 1.8
156504 1.25291 18 55 10 1.8
156504 1.25291 18 62.5 10 1.8
156504 1.25291 18 57.5 10 1.8
156504 1.25291 18 60 10 1.8
156504 1.25291 18 70 10 1.8
156504 1.25291 18 0 10 1.8
155735 1.08388 18 65 10 0.6
155701 1.06 36 55 10 1.2
155701 1.06 48 55 10 1.2
155701 1.06 60 55 10 1.2
155386 1.05056 27 0 10 0
154826 1.06725 27 55 10 1.2
154826 1.06725 24 55 10 1.2
154826 1.06725 24 45 10 1.2
154826 1.06725 27 45 10 1.2
154826 1.06725 24 0 10 1.2
154325 1.1202 12 0 1 -0.45
154203 1.05744 30 45 10 1.2
154143 1.06659 27 45 10 1.5
154143 1.06659 27 55 10 1.5
154143 1.06659 24 55 10 1.5
154143 1.06659 24 45 10 1.5
154143 1.06659 24 0 10 1.5
153905 1.05719 33 45 10 1.2
153060 1.07957 18 62.5 10 -10
153060 1.07957 18 62.5 10 0
152201 1.11985 24 70 1 0.6
151717 1.12151 12 45 0.8 0.15
151255 1.11742 12 0 1 0.3
150722 1.0609 60 65 10 1.2
150722 1.0609 36 65 10 1.2
150722 1.0609 33 65 10 1.2
150722 1.0609 48 65 10 1.2
150689 1.11434 12 45 -0.8 -10
150689 1.11434 12 45 -0.8 -0.3
150689 1.11434 12 45 -0.8 -0.45
150371 1.05522 30 55 10 1.2
150108 1.05497 33 55 10 1.2
149463 1.07579 18 62.5 10 0.6
149399 1.08859 18 45 10 1.65
149399 1.08859 18 57.5 10 1.65
149399 1.08859 18 55 10 1.65
148314 1.14478 12 65 10 0.3
148314 1.14478 12 65 10 0
148314 1.14478 12 65 10 -10
148314 1.14478 12 65 10 0.15
148314 1.14478 12 65 10 0.6
148314 1.14478 12 65 10 0.9
148314 1.14478 12 65 10 0.45
148055 1.11216 12 0 0.6 0.3
147816 1.0529 18 45 10 0
147816 1.0529 18 45 10 -10
147584 1.10944 12 45 -0.4 -0.45
147584 1.10944 12 45 -0.4 -0.15
147584 1.10944 12 45 -0.4 0
147584 1.10944 12 45 -0.4 -10
147584 1.10944 12 45 -0.4 -0.3
146487 1.1095 12 45 0.8 0.3
145680 1.10742 12 45 -0.4 0.3
145435 1.10508 12 45 -1.2 -10
143988 1.44027 30 45 -1.2 1.5
143988 1.44027 30 55 -1 1.5
143988 1.44027 30 65 -1 1.5
143988 1.44027 30 0 -1 1.5
143988 1.44027 30 70 -1 1.5
143683 1.04878 100 55 10 0.6
143657 1.06003 27 0 10 1.2
142303 1.09988 12 45 0.8 -10
142303 1.09988 12 45 0.8 -0.3
142303 1.09988 12 45 0.8 0
141859 1.04749 100 55 10 -10
141859 1.04749 100 55 10 0
141742 1.41748 36 55 -0.2 2.25
141742 1.41748 36 65 -0.2 2.25
141742 1.41748 36 77.5 -0.2 2.25
141742 1.41748 36 75 -0.2 2.25
141742 1.41748 36 80 -0.2 2.25
141742 1.41748 36 0 -0.2 2.25
141727 1.07397 18 60 10 1.2
140739 1.04548 24 45 10 0.6
140731 1.04787 18 57.5 10 -10
140731 1.04787 18 57.5 10 0
140606 1.01145 48 0 10 -10
140543 1.07882 12 55 10 -10
140543 1.07882 12 55 10 0
140543 1.07882 12 55 10 -0.3
140543 1.07882 12 55 10 0.3
140543 1.07882 12 55 10 -0.15
140543 1.07882 12 55 10 -0.45
140362 1.40385 12 60 -1 -0.15
140362 1.40385 12 65 -1 -10
140362 1.40385 12 65 -1 -0.45
140362 1.40385 12 60 -1 -10
140362 1.40385 12 65 -1 -0.15
140362 1.40385 12 65 -1 -0.3
140362 1.40385 12 65 -1 0
140362 1.40385 12 55 -1 0
140362 1.40385 12 60 -1 -0.45
140362 1.40385 12 60 -1 -0.3
140362 1.40385 12 60 -1 0
139522 1.09125 18 70 10 1.65
139204 1.07688 12 55 10 0.6
139181 1.08905 12 0 0.6 -0.45
138994 1.1237 12 70 10 0.6
138994 1.1237 12 70 10 -10
138994 1.1237 12 70 10 0
138994 1.1237 12 70 10 0.45
138994 1.1237 12 70 10 0.3
138994 1.1237 12 70 10 0.15
138595 1.38605 12 45 -1.2 0
138450 1.18516 18 70 1 0.6
138126 1.03759 27 0 10 0.6
137958 1.37981 12 55 -1 -0.15
137958 1.37981 12 55 -1 -0.3
137958 1.37981 12 55 -1 -0.45
137899 1.18252 18 70 1.4 0.6
136373 1.04403 18 55 10 -10
136373 1.04403 18 55 10 0
136344 1.08944 12 0 0.6 -0.15
136344 1.08944 12 0 0.6 0
136244 1.17459 12 70 1.4 0.6
135980 1.03148 36 45 10 0
135980 1.03148 48 45 10 0
135610 1.11313 12 67.5 10 0.9
135610 1.11313 12 67.5 10 0.45
135610 1.11313 12 67.5 10 -10
135610 1.11313 12 67.5 10 0.15
135610 1.11313 12 67.5 10 0.3
135610 1.11313 12 67.5 10 0
135610 1.11313 12 67.5 10 0.6
135514 1.03035 30 45 10 -10
135514 1.03035 30 45 10 0
135339 1.35349 12 45 -0.8 0.3
135248 1.04031 27 45 10 0.6
134596 1.34615 12 67.5 -0.6 0.3
134475 1.06463 18 65 10 1.2
134475 1.06463 18 62.5 10 1.2
134300 1.34304 18 55 -0.6 0.6
134300 1.34304 18 62.5 -0.6 0.6
134300 1.34304 18 65 -0.6 0.6
134300 1.34304 18 57.5 -0.6 0.6
134300 1.34304 18 60 -0.6 0.6
134300 1.34304 18 45 -0.8 0.6
134137 1.11206 12 45 -1.2 -0.3
133924 1.10784 12 70 10 0.9
133878 1.08173 18 62.5 10 1.65
133479 1.33488 12 45 -1.2 0.15
132935 1.15874 12 60 1 0.45
132935 1.15874 12 65 1 0.45
132891 1.02931 36 45 10 -10
132891 1.02931 48 45 10 -10
132520 1.32524 100 90 -1 2.4
132520 1.32524 60 90 -1 2.4
132262 1.15103 33 0 -1 1.8
132262 1.15103 33 70 -1 1.8
132262 1.15103 33 55 -1 1.8
132262 1.15103 33 45 -0.8 1.8
132262 1.15103 33 65 -1 1.8
131659 1.03643 27 45 10 0
131659 1.03643 27 45 10 -10
131429 1.03164 36 45 10 0.6
131429 1.03164 48 45 10 0.6
131281 1.15081 12 72.5 1.4 0.6
131281 1.15081 12 72.5 10 0.6
131281 1.15081 18 70 0.6 0.6
131070 1.15 18 75 0.6 0.3
131070 1.15 18 75 0.6 -10
131070 1.15 18 75 0.6 0.6
131070 1.15 18 75 0.6 0.45
131070 1.15 18 75 0.6 0
131070 1.15 18 75 0.6 0.15
131023 1.03617 24 45 10 -10
131023 1.03617 24 45 10 0
130971 1.0304 30 45 10 0.6
129908 1.02634 33 45 10 0
129667 1.29693 30 80 -0.6 1.2
129667 1.29693 30 80 -0.6 1.5
129667 1.29693 30 80 -0.6 1.35
127488 1.14615 18 0 -0.6 0.6
126970 1.02416 33 45 10 -10
126355 1.04032 12 45 10 0.6
125790 1.25793 12 75 0.6 0.3
125790 1.25793 12 75 0.6 0
125790 1.25793 12 75 0.6 -10
125790 1.25793 12 75 0.6 -0.45
125790 1.25793 12 75 0.6 -0.15
0
5274587 100 60 1 2.55