774244 1.03549 36 55 -0.6 -10
774244 1.03549 48 55 -0.6 -10
774244 1.03549 100 55 -0.6 -10
774244 1.03549 60 55 -0.6 -10
763854 1.03587 18 55 -0.6 -10
756096 1.03569 24 55 -0.6 -10
721681 1.0374 18 57.5 -0.6 -10
720737 1.17612 12 77.5 0.6 0.6
718521 1.04318 48 45 -1.2 -0.15
718521 1.04318 60 45 -1.2 -0.15
718521 1.04318 100 45 -1.2 -0.15
718521 1.04318 36 45 -1.2 -0.15
716295 1.0373 18 60 -0.6 -10
714300 1.03721 36 57.5 -0.6 -10
714300 1.03721 100 57.5 -0.6 -10
714300 1.03721 48 57.5 -0.6 -10
714300 1.03721 60 57.5 -0.6 -10
714300 1.03721 24 57.5 -0.6 -10
709191 1.03711 48 60 -0.6 -10
709191 1.03711 36 60 -0.6 -10
709191 1.03711 60 60 -0.6 -10
709191 1.03711 100 60 -0.6 -10
709191 1.03711 24 60 -0.6 -10
708376 1.04361 60 55 -1 -10
708376 1.04361 36 55 -1 -10
708376 1.04361 100 55 -1 -10
708376 1.04361 48 55 -1 -10
701807 1.04355 18 45 -1.2 -0.15
701807 1.04355 24 45 -1.2 -0.15
697133 1.1189 12 77.5 1.4 0.6
691899 1.04404 24 55 -1 -10
691899 1.04404 18 55 -1 -10
670697 1.03819 18 62.5 -0.6 -10
666667 1.1383 12 77.5 1 0.6
665400 1.03299 60 45 -0.8 -0.15
665400 1.03299 100 45 -0.8 -0.15
665400 1.03299 48 45 -0.8 -0.15
665400 1.03299 36 45 -0.8 -0.15
663895 1.03799 48 62.5 -0.6 -10
663895 1.03799 60 62.5 -0.6 -10
663895 1.03799 100 62.5 -0.6 -10
663895 1.03799 24 62.5 -0.6 -10
663895 1.03799 36 62.5 -0.6 -10
662598 1.05245 60 45 -1.2 0
662598 1.05245 36 45 -1.2 0
662598 1.05245 48 45 -1.2 0
662598 1.05245 100 45 -1.2 0
658681 1.03484 36 45 -1.2 -0.3
658681 1.03484 48 45 -1.2 -0.3
658681 1.03484 60 45 -1.2 -0.3
658681 1.03484 100 45 -1.2 -0.3
657942 1.0419 18 65 -0.6 -10
656895 1.04479 36 57.5 -1 -10
656895 1.04479 48 57.5 -1 -10
656895 1.04479 60 57.5 -1 -10
656895 1.04479 24 57.5 -1 -10
656895 1.04479 100 57.5 -1 -10
656895 1.04479 18 57.5 -1 -10
656430 1.03329 18 45 -0.8 -0.15
652271 1.02658 48 45 -0.8 -0.3
652271 1.02658 60 45 -0.8 -0.3
652271 1.02658 100 45 -0.8 -0.3
652271 1.02658 36 45 -0.8 -0.3
651338 1.04168 36 65 -0.6 -10
651338 1.04168 48 65 -0.6 -10
651338 1.04168 24 65 -0.6 -10
651338 1.04168 100 65 -0.6 -10
651338 1.04168 60 65 -0.6 -10
649892 1.03312 24 45 -0.8 -0.15
647777 1.02491 48 45 -0.4 -0.15
647777 1.02491 36 45 -0.4 -0.15
647777 1.02491 60 45 -0.4 -0.15
647777 1.02491 100 45 -0.4 -0.15
647180 1.05318 18 45 -1.2 0
647180 1.05318 24 45 -1.2 0
646974 1.02666 60 45 -1.2 -0.45
646974 1.02666 48 45 -1.2 -0.45
646974 1.02666 36 45 -1.2 -0.45
646974 1.02666 100 45 -1.2 -0.45
645547 1.04249 36 50 -1 -0.15
645547 1.04249 48 50 -1 -0.15
645547 1.04249 60 50 -1 -0.15
645547 1.04249 100 50 -1 -0.15
644572 1.17134 12 85 10 0.45
643553 1.02673 18 45 -0.8 -0.3
643303 1.03499 18 45 -1.2 -0.3
643303 1.03499 24 45 -1.2 -0.3
641161 1.0382 36 0 -1 -0.15
641161 1.0382 100 0 -1 -0.15
641161 1.0382 60 0 -1 -0.15
641161 1.0382 48 0 -1 -0.15
639329 1.04634 24 45 -0.4 0.15
639329 1.04634 18 45 -0.4 0.15
637092 1.22583 12 85 10 0.6
636987 1.02659 24 45 -0.8 -0.3
636524 1.0248 60 50 -0.6 -10
636524 1.0248 48 50 -0.6 -10
636524 1.0248 100 50 -0.6 -10
636524 1.0248 36 50 -0.6 -10
636170 1.11829 18 65 -0.6 0.6
636170 1.11829 18 0 -0.6 0.6
636170 1.11829 18 62.5 -0.6 0.6
636170 1.11829 18 55 -0.6 0.6
636170 1.11829 18 75 -0.6 0.6
636170 1.11829 18 57.5 -0.6 0.6
636170 1.11829 18 50 -0.6 0.6
636170 1.11829 18 60 -0.6 0.6
635429 1.03394 48 45 -0.4 0
635429 1.03394 36 45 -0.4 0
635429 1.03394 60 45 -0.4 0
635429 1.03394 100 45 -0.4 0
634104 1.03595 60 50 -1 -0.45
634104 1.03595 36 50 -1 -0.45
634104 1.03595 48 50 -1 -0.45
634104 1.03595 100 50 -1 -0.45
632202 1.05229 18 65 -0.6 0.15
631908 1.02669 24 45 -1.2 -0.45
631908 1.02669 18 45 -1.2 -0.45
631651 1.13902 6 65 1 0.15
631477 1.0334 100 50 -1 -10
631477 1.0334 36 50 -1 -10
631477 1.0334 48 50 -1 -10
631477 1.0334 60 50 -1 -10
630810 1.10561 60 75 -0.2 0.6
630810 1.10561 36 75 -0.2 0.6
630810 1.10561 24 75 -0.2 0.6
630810 1.10561 48 75 -0.2 0.6
630810 1.10561 18 75 -0.2 0.6
630810 1.10561 100 75 -0.2 0.6
630724 1.11927 36 85 -0.2 0.45
630724 1.11927 100 85 -0.2 0.45
630724 1.11927 60 85 -0.2 0.45
630724 1.11927 48 85 -0.2 0.45
630724 1.11927 18 85 -0.2 0.45
630724 1.11927 24 85 -0.2 0.45
629739 1.11768 60 55 -0.6 0.6
629739 1.11768 60 57.5 -0.6 0.6
629739 1.11768 36 65 -0.6 0.6
629739 1.11768 60 75 -0.6 0.6
629739 1.11768 48 65 -0.6 0.6
629739 1.11768 24 50 -0.6 0.6
629739 1.11768 48 55 -0.6 0.6
629739 1.11768 24 65 -0.6 0.6
629739 1.11768 24 75 -0.6 0.6
629739 1.11768 48 57.5 -0.6 0.6
629739 1.11768 48 60 -0.6 0.6
629739 1.11768 36 75 -0.6 0.6
629739 1.11768 100 50 -0.6 0.6
629739 1.11768 36 62.5 -0.6 0.6
629739 1.11768 60 0 -0.6 0.6
629739 1.11768 48 50 -0.6 0.6
629739 1.11768 100 62.5 -0.6 0.6
629739 1.11768 36 50 -0.6 0.6
629739 1.11768 60 62.5 -0.6 0.6
629739 1.11768 48 75 -0.6 0.6
629739 1.11768 24 55 -0.6 0.6
629739 1.11768 24 60 -0.6 0.6
629739 1.11768 36 57.5 -0.6 0.6
629739 1.11768 60 50 -0.6 0.6
629739 1.11768 100 57.5 -0.6 0.6
629739 1.11768 36 0 -0.6 0.6
629739 1.11768 48 62.5 -0.6 0.6
629739 1.11768 60 65 -0.6 0.6
629739 1.11768 60 60 -0.6 0.6
629739 1.11768 100 75 -0.6 0.6
629739 1.11768 24 57.5 -0.6 0.6
629739 1.11768 100 60 -0.6 0.6
629739 1.11768 100 0 -0.6 0.6
629739 1.11768 48 0 -0.6 0.6
629739 1.11768 36 55 -0.6 0.6
629739 1.11768 100 65 -0.6 0.6
629739 1.11768 24 0 -0.6 0.6
629739 1.11768 36 60 -0.6 0.6
629739 1.11768 100 55 -0.6 0.6
629739 1.11768 24 62.5 -0.6 0.6
629623 1.02844 100 0 -1 -0.3
629623 1.02844 60 0 -1 -0.3
629623 1.02844 48 0 -1 -0.3
629623 1.02844 36 0 -1 -0.3
629051 1.13872 6 65 1.4 0.15
629051 1.13872 6 65 10 0.15
628896 1.02237 100 45 -1.2 -10
628896 1.02237 36 45 -1.2 -10
628896 1.02237 60 45 -1.2 -10
628896 1.02237 48 45 -1.2 -10
628110 1.08277 18 62.5 -0.6 0.45
628110 1.08277 18 65 -0.6 0.45
628110 1.08277 18 60 -0.6 0.45
628110 1.08277 18 50 -0.6 0.45
628110 1.08277 18 57.5 -0.6 0.45
628110 1.08277 18 55 -0.6 0.45
628110 1.08277 18 0 -0.6 0.45
626559 1.11732 36 45 -0.4 0.6
626559 1.11732 24 45 -0.4 0.6
626559 1.11732 100 45 -0.4 0.6
626559 1.11732 18 45 -0.4 0.6
626559 1.11732 60 45 -0.4 0.6
626559 1.11732 48 45 -0.4 0.6
625888 1.05201 100 65 -0.6 0.15
625888 1.05201 36 65 -0.6 0.15
625888 1.05201 24 65 -0.6 0.15
625888 1.05201 60 65 -0.6 0.15
625888 1.05201 48 65 -0.6 0.15
625149 1.02521 18 50 -0.6 -10
624284 1.14364 12 80 1 0.6
623746 1.07893 18 45 -0.4 0.45
623746 1.07893 24 45 -0.4 0.45
623702 1.15482 12 82.5 0.6 0.45
623610 1.90454 12 80 -0.6 0.6
623162 1.08524 60 45 -1.2 0.3
623162 1.08524 18 45 -1.2 0.3
623162 1.08524 36 45 -1.2 0.3
623162 1.08524 24 45 -1.2 0.3
623162 1.08524 100 45 -1.2 0.3
623162 1.08524 48 45 -1.2 0.3
622261 1.04454 24 60 -1 -10
622261 1.04454 100 60 -1 -10
622261 1.04454 48 60 -1 -10
622261 1.04454 18 60 -1 -10
622261 1.04454 60 60 -1 -10
622261 1.04454 36 60 -1 -10
621803 1.41082 12 85 -0.2 0.45
621765 1.08234 100 60 -0.6 0.45
621765 1.08234 60 0 -0.6 0.45
621765 1.08234 100 65 -0.6 0.45
621765 1.08234 48 60 -0.6 0.45
621765 1.08234 48 50 -0.6 0.45
621765 1.08234 36 65 -0.6 0.45
621765 1.08234 60 65 -0.6 0.45
621765 1.08234 60 55 -0.6 0.45
621765 1.08234 36 57.5 -0.6 0.45
621765 1.08234 60 50 -0.6 0.45
621765 1.08234 100 0 -0.6 0.45
621765 1.08234 60 57.5 -0.6 0.45
621765 1.08234 60 62.5 -0.6 0.45
621765 1.08234 48 65 -0.6 0.45
621765 1.08234 36 55 -0.6 0.45
621765 1.08234 24 57.5 -0.6 0.45
621765 1.08234 100 62.5 -0.6 0.45
621765 1.08234 48 62.5 -0.6 0.45
621765 1.08234 36 62.5 -0.6 0.45
621765 1.08234 24 0 -0.6 0.45
621765 1.08234 24 55 -0.6 0.45
621765 1.08234 36 50 -0.6 0.45
621765 1.08234 60 60 -0.6 0.45
621765 1.08234 36 0 -0.6 0.45
621765 1.08234 24 50 -0.6 0.45
621765 1.08234 36 60 -0.6 0.45
621765 1.08234 48 55 -0.6 0.45
621765 1.08234 48 0 -0.6 0.45
621765 1.08234 24 62.5 -0.6 0.45
621765 1.08234 24 60 -0.6 0.45
621765 1.08234 100 57.5 -0.6 0.45
621765 1.08234 48 57.5 -0.6 0.45
621765 1.08234 100 50 -0.6 0.45
621765 1.08234 100 55 -0.6 0.45
621765 1.08234 24 65 -0.6 0.45
621268 1.44879 12 80 -0.2 0.6
621085 1.1172 6 60 1 0.15
620564 1.03408 24 45 -0.4 0
620564 1.03408 18 45 -0.4 0
619533 1.11146 6 60 10 0.15
619533 1.11146 6 60 1.4 0.15
618698 1.09375 18 75 -0.6 0.45
618587 1.02024 12 0 -0.6 -0.3
617967 1.05165 18 62.5 -0.6 0.15
617403 1.12688 12 82.5 1.4 0.45
617038 1.12621 12 85 10 0.15
616677 1.18181 12 85 1 0.45
616642 1.18724 6 45 10 0.3
616642 1.18724 6 0 10 0.3
616439 1.04342 36 45 -0.8 0
616439 1.04342 48 45 -0.8 0
616439 1.04342 100 45 -0.8 0
616439 1.04342 60 45 -0.8 0
615173 1.07549 48 75 -0.2 0.45
615173 1.07549 24 75 -0.2 0.45
615173 1.07549 100 75 -0.2 0.45
615173 1.07549 36 75 -0.2 0.45
615173 1.07549 18 75 -0.2 0.45
615173 1.07549 60 75 -0.2 0.45
613793 1.03408 18 50 -1 -10
613790 1.03733 60 50 -1 -0.3
613790 1.03733 100 50 -1 -0.3
613790 1.03733 48 50 -1 -0.3
613790 1.03733 36 50 -1 -0.3
612337 1.09325 36 75 -0.6 0.45
612337 1.09325 60 75 -0.6 0.45
612337 1.09325 48 75 -0.6 0.45
612337 1.09325 100 75 -0.6 0.45
612337 1.09325 24 75 -0.6 0.45
612015 1.27447 12 82.5 0.6 0.6
611821 1.05137 100 62.5 -0.6 0.15
611821 1.05137 48 62.5 -0.6 0.15
611821 1.05137 36 62.5 -0.6 0.15
611821 1.05137 60 62.5 -0.6 0.15
611821 1.05137 24 62.5 -0.6 0.15
611076 1.14293 24 85 -0.2 0.6
611076 1.14293 36 85 -0.2 0.6
611076 1.14293 60 85 -0.2 0.6
611076 1.14293 100 85 -0.2 0.6
611076 1.14293 48 85 -0.2 0.6
611076 1.14293 18 85 -0.2 0.6
610429 1.10647 12 77.5 10 0.6
610320 1.04741 18 62.5 -1 -10
610320 1.04741 60 62.5 -1 -10
610320 1.04741 36 62.5 -1 -10
610320 1.04741 100 62.5 -1 -10
610320 1.04741 48 62.5 -1 -10
610320 1.04741 24 62.5 -1 -10
609693 1.2453 12 85 1 0.6
609482 1.12614 12 82.5 10 0.45
608601 1.88411 12 85 -0.2 0.6
608237 1.04408 18 45 -0.8 0
607437 1.18312 12 82.5 1.4 0.6
607386 1.02451 24 50 -0.6 -10
607357 1.89237 12 77.5 -0.6 0.6
606790 1.05115 18 60 -0.6 0.15
606790 1.05115 18 50 -0.6 0.15
606790 1.05115 18 55 -0.6 0.15
606790 1.05115 18 0 -0.6 0.15
606790 1.05115 18 57.5 -0.6 0.15
606044 1.04283 18 62.5 -0.6 0
604033 1.32661 12 82.5 -0.6 0.45
602566 1.03316 24 50 -1 -10
602114 1.04384 24 45 -0.8 0
601353 1.12069 6 45 -1.2 -0.3
600650 1.05087 24 60 -0.6 0.15
600650 1.05087 100 50 -0.6 0.15
600650 1.05087 60 0 -0.6 0.15
600650 1.05087 100 55 -0.6 0.15
600650 1.05087 48 55 -0.6 0.15
600650 1.05087 60 50 -0.6 0.15
600650 1.05087 36 0 -0.6 0.15
600650 1.05087 60 60 -0.6 0.15
600650 1.05087 36 50 -0.6 0.15
600650 1.05087 100 60 -0.6 0.15
600650 1.05087 36 57.5 -0.6 0.15
600650 1.05087 24 55 -0.6 0.15
600650 1.05087 100 0 -0.6 0.15
600650 1.05087 24 57.5 -0.6 0.15
600650 1.05087 48 57.5 -0.6 0.15
600650 1.05087 60 55 -0.6 0.15
600650 1.05087 24 0 -0.6 0.15
600650 1.05087 48 0 -0.6 0.15
600650 1.05087 36 60 -0.6 0.15
600650 1.05087 60 57.5 -0.6 0.15
600650 1.05087 100 57.5 -0.6 0.15
600650 1.05087 24 50 -0.6 0.15
600650 1.05087 48 60 -0.6 0.15
600650 1.05087 48 50 -0.6 0.15
600650 1.05087 36 55 -0.6 0.15
600102 1.18207 12 82.5 10 0.6
599875 1.0426 48 62.5 -0.6 0
599875 1.0426 24 62.5 -0.6 0
599875 1.0426 60 62.5 -0.6 0
599875 1.0426 36 62.5 -0.6 0
599875 1.0426 100 62.5 -0.6 0
599668 1.11726 12 85 10 -10
599668 1.11726 12 85 10 0
599450 1.04163 18 60 -0.6 0
599376 1.13674 6 60 0.6 0.15
598799 1.19486 12 85 -0.2 0.15
598583 1.11621 18 85 -0.6 0.45
598304 1.04158 18 57.5 -0.6 0
598092 1.01944 36 45 -0.4 -0.3
598092 1.01944 100 45 -0.4 -0.3
598092 1.01944 48 45 -0.4 -0.3
598092 1.01944 60 45 -0.4 -0.3
597849 1.13275 12 82.5 1 0.45
597182 1.28981 6 45 0.8 0.3
597181 1.25575 6 0 1 0.3
597176 1.06886 60 65 -0.2 0.45
597176 1.06886 18 50 -0.2 0.45
597176 1.06886 36 57.5 -0.2 0.45
597176 1.06886 48 62.5 -0.2 0.45
597176 1.06886 48 57.5 -0.2 0.45
597176 1.06886 100 0 -0.2 0.45
597176 1.06886 24 62.5 -0.2 0.45
597176 1.06886 100 55 -0.2 0.45
597176 1.06886 36 62.5 -0.2 0.45
597176 1.06886 24 55 -0.2 0.45
597176 1.06886 18 0 -0.2 0.45
597176 1.06886 48 60 -0.2 0.45
597176 1.06886 48 65 -0.2 0.45
597176 1.06886 18 55 -0.2 0.45
597176 1.06886 36 55 -0.2 0.45
597176 1.06886 60 57.5 -0.2 0.45
597176 1.06886 60 60 -0.2 0.45
597176 1.06886 24 60 -0.2 0.45
597176 1.06886 100 65 -0.2 0.45
597176 1.06886 18 57.5 -0.2 0.45
597176 1.06886 36 65 -0.2 0.45
597176 1.06886 100 57.5 -0.2 0.45
597176 1.06886 100 50 -0.2 0.45
597176 1.06886 100 60 -0.2 0.45
597176 1.06886 60 50 -0.2 0.45
597176 1.06886 36 0 -0.2 0.45
597176 1.06886 24 57.5 -0.2 0.45
597176 1.06886 18 60 -0.2 0.45
597176 1.06886 48 0 -0.2 0.45
597176 1.06886 48 50 -0.2 0.45
597176 1.06886 48 55 -0.2 0.45
597176 1.06886 18 65 -0.2 0.45
597176 1.06886 18 62.5 -0.2 0.45
597176 1.06886 36 50 -0.2 0.45
597176 1.06886 100 62.5 -0.2 0.45
597176 1.06886 36 60 -0.2 0.45
597176 1.06886 24 0 -0.2 0.45
597176 1.06886 24 50 -0.2 0.45
597176 1.06886 60 55 -0.2 0.45
597176 1.06886 60 62.5 -0.2 0.45
597176 1.06886 60 0 -0.2 0.45
597176 1.06886 24 65 -0.2 0.45
595915 1.09707 24 85 -0.2 0.15
595915 1.09707 60 85 -0.2 0.15
595915 1.09707 18 85 -0.2 0.15
595915 1.09707 48 85 -0.2 0.15
595915 1.09707 36 85 -0.2 0.15
595915 1.09707 100 85 -0.2 0.15
595622 1.03816 60 0 -0.6 0
595622 1.03816 48 0 -0.6 0
595622 1.03816 100 0 -0.6 0
595622 1.03816 36 0 -0.6 0
594065 1.22517 6 70 1 0.15
593982 1.03873 6 0 -0.2 -0.15
593413 1.04053 48 55 -0.6 0
593413 1.04053 36 55 -0.6 0
593413 1.04053 60 55 -0.6 0
593413 1.04053 100 55 -0.6 0
593260 1.0414 24 60 -0.6 0
593260 1.0414 100 60 -0.6 0
593260 1.0414 60 60 -0.6 0
593260 1.0414 36 60 -0.6 0
593260 1.0414 48 60 -0.6 0
593225 1.11096 12 55 -0.2 0.45
593225 1.11096 12 0 -0.2 0.45
592516 1.11559 60 85 -0.6 0.45
592516 1.11559 24 85 -0.6 0.45
592516 1.11559 100 85 -0.6 0.45
592516 1.11559 36 85 -0.6 0.45
592516 1.11559 48 85 -0.6 0.45
592437 1.27313 12 80 -0.6 0.45
592334 1.04136 60 57.5 -0.6 0
592334 1.04136 100 57.5 -0.6 0
592334 1.04136 24 57.5 -0.6 0
592334 1.04136 48 57.5 -0.6 0
592334 1.04136 36 57.5 -0.6 0
591889 1.22469 6 70 10 0.15
591889 1.22469 6 70 1.4 0.15
591684 1.15453 6 65 0.6 0.15
591084 1.19225 12 80 -0.2 0.45
591054 1.02216 18 45 -1.2 -10
590402 1.13124 12 85 1 0.15
589856 1.22032 6 60 10 0.3
589856 1.22032 6 57.5 10 0.3
589856 1.22032 6 60 1.4 0.3
589856 1.22032 6 55 1.4 0.3
589856 1.22032 6 55 10 0.3
589856 1.22032 6 57.5 1.4 0.3
589577 1.10162 24 62.5 -0.2 0.6
589577 1.10162 48 0 -0.2 0.6
589577 1.10162 48 55 -0.2 0.6
589577 1.10162 36 55 -0.2 0.6
589577 1.10162 24 60 -0.2 0.6
589577 1.10162 60 0 -0.2 0.6
589577 1.10162 100 57.5 -0.2 0.6
589577 1.10162 48 62.5 -0.2 0.6
589577 1.10162 18 60 -0.2 0.6
589577 1.10162 60 55 -0.2 0.6
589577 1.10162 100 65 -0.2 0.6
589577 1.10162 24 57.5 -0.2 0.6
589577 1.10162 60 57.5 -0.2 0.6
589577 1.10162 100 0 -0.2 0.6
589577 1.10162 36 50 -0.2 0.6
589577 1.10162 18 55 -0.2 0.6
589577 1.10162 18 50 -0.2 0.6
589577 1.10162 24 50 -0.2 0.6
589577 1.10162 100 55 -0.2 0.6
589577 1.10162 36 57.5 -0.2 0.6
589577 1.10162 60 60 -0.2 0.6
589577 1.10162 18 0 -0.2 0.6
589577 1.10162 48 65 -0.2 0.6
589577 1.10162 60 50 -0.2 0.6
589577 1.10162 24 55 -0.2 0.6
589577 1.10162 100 62.5 -0.2 0.6
589577 1.10162 36 60 -0.2 0.6
589577 1.10162 60 62.5 -0.2 0.6
589577 1.10162 24 65 -0.2 0.6
589577 1.10162 100 50 -0.2 0.6
589577 1.10162 18 57.5 -0.2 0.6
589577 1.10162 18 62.5 -0.2 0.6
589577 1.10162 48 50 -0.2 0.6
589577 1.10162 48 57.5 -0.2 0.6
589577 1.10162 36 0 -0.2 0.6
589577 1.10162 36 62.5 -0.2 0.6
589577 1.10162 36 65 -0.2 0.6
589577 1.10162 24 0 -0.2 0.6
589577 1.10162 48 60 -0.2 0.6
589577 1.10162 60 65 -0.2 0.6
589577 1.10162 18 65 -0.2 0.6
589577 1.10162 100 60 -0.2 0.6
588554 1.19643 12 82.5 1 0.6
588306 1.22005 6 62.5 10 0.3
588306 1.22005 6 62.5 1.4 0.3
588098 1.12649 6 62.5 1 0.15
587707 1.03864 18 0 -0.6 0
587321 1.15186 12 85 10 0.3
585547 1.04109 18 55 -0.6 0
585253 1.04296 18 65 -0.6 0
584724 1.05012 36 65 -1 -10
584724 1.05012 24 65 -1 -10
584724 1.05012 100 65 -1 -10
584724 1.05012 60 65 -1 -10
584724 1.05012 48 65 -1 -10
584724 1.05012 18 65 -1 -10
584358 1.13969 18 85 -0.6 0.6
583833 1.11941 6 62.5 10 0.15
583833 1.11941 6 62.5 1.4 0.15
583676 1.02754 12 45 -0.4 -0.15
582350 1.24221 6 65 10 0.3
582350 1.24221 6 65 1.4 0.3
581960 1.01686 100 45 -0.8 -10
581960 1.01686 36 45 -0.8 -10
581960 1.01686 48 45 -0.8 -10
581960 1.01686 60 45 -0.8 -10
581865 1.17566 12 85 -0.2 0
581865 1.17566 12 85 -0.2 -10
581731 1.03843 24 0 -0.6 0
581379 1.12299 12 80 10 0.6
580691 1.08956 6 55 1 0.15
580690 1.0696 100 0 -1 0.3
580690 1.0696 60 50 -1 0.3
580690 1.0696 48 55 -1 0.3
580690 1.0696 18 0 -1 0.3
580690 1.0696 18 50 -1 0.3
580690 1.0696 48 50 -1 0.3
580690 1.0696 24 65 -1 0.3
580690 1.0696 48 65 -1 0.3
580690 1.0696 60 65 -1 0.3
580690 1.0696 60 55 -1 0.3
580690 1.0696 18 62.5 -1 0.3
580690 1.0696 100 65 -1 0.3
580690 1.0696 24 62.5 -1 0.3
580690 1.0696 36 62.5 -1 0.3
580690 1.0696 36 65 -1 0.3
580690 1.0696 18 55 -1 0.3
580690 1.0696 24 0 -1 0.3
580690 1.0696 100 55 -1 0.3
580690 1.0696 48 60 -1 0.3
580690 1.0696 100 60 -1 0.3
580690 1.0696 36 60 -1 0.3
580690 1.0696 60 57.5 -1 0.3
580690 1.0696 100 50 -1 0.3
580690 1.0696 18 57.5 -1 0.3
580690 1.0696 36 57.5 -1 0.3
580690 1.0696 60 62.5 -1 0.3
580690 1.0696 24 55 -1 0.3
580690 1.0696 48 0 -1 0.3
580690 1.0696 60 60 -1 0.3
580690 1.0696 48 62.5 -1 0.3
580690 1.0696 48 57.5 -1 0.3
580690 1.0696 36 50 -1 0.3
580690 1.0696 100 62.5 -1 0.3
580690 1.0696 24 60 -1 0.3
580690 1.0696 36 0 -1 0.3
580690 1.0696 18 65 -1 0.3
580690 1.0696 36 55 -1 0.3
580690 1.0696 24 50 -1 0.3
580690 1.0696 60 0 -1 0.3
580690 1.0696 24 57.5 -1 0.3
580690 1.0696 100 57.5 -1 0.3
580690 1.0696 18 60 -1 0.3
580227 1.02169 24 45 -1.2 -10
579729 1.27006 12 77.5 -0.6 0.45
579679 1.04086 24 55 -0.6 0
579626 1.19142 12 85 -0.6 0
579626 1.19142 12 85 -0.6 -0.45
579626 1.19142 12 85 -0.6 -10
579626 1.19142 12 85 -0.6 -0.15
579626 1.19142 12 85 -0.6 -0.3
579366 1.04272 100 65 -0.6 0
579366 1.04272 48 65 -0.6 0
579366 1.04272 36 65 -0.6 0
579366 1.04272 24 65 -0.6 0
579366 1.04272 60 65 -0.6 0
579074 1.09078 36 85 -0.2 0
579074 1.09078 18 85 -0.2 0
579074 1.09078 24 85 -0.2 0
579074 1.09078 48 85 -0.2 0
579074 1.09078 100 85 -0.2 -10
579074 1.09078 18 85 -0.2 -10
579074 1.09078 60 85 -0.2 0
579074 1.09078 60 85 -0.2 -10
579074 1.09078 36 85 -0.2 -10
579074 1.09078 100 85 -0.2 0
579074 1.09078 48 85 -0.2 -10
579074 1.09078 24 85 -0.2 -10
578914 1.08585 6 55 1.4 0.15
578483 1.13894 60 85 -0.6 0.6
578483 1.13894 100 85 -0.6 0.6
578483 1.13894 24 85 -0.6 0.6
578483 1.13894 48 85 -0.6 0.6
578483 1.13894 36 85 -0.6 0.6
577773 1.28351 6 60 1 0.3
577773 1.28351 6 55 1 0.3
577773 1.28351 6 57.5 1 0.3
577721 1.03849 12 45 -0.4 0
577634 1.28343 6 62.5 1 0.3
577634 1.28343 6 65 1 0.3
577632 1.03008 12 55 -0.2 -10
577029 1.24692 6 70 0.6 0.15
576326 1.32571 6 57.5 0.6 0.3
576326 1.32571 6 60 0.6 0.3
576326 1.32571 6 55 0.6 0.3
575922 1.03898 48 50 -0.6 0
575922 1.03898 36 50 -0.6 0
575922 1.03898 100 50 -0.6 0
575922 1.03898 60 50 -0.6 0
575893 1.01897 48 45 -0.8 -0.45
575893 1.01897 36 45 -0.8 -0.45
575893 1.01897 60 45 -0.8 -0.45
575893 1.01897 100 45 -0.8 -0.45
575863 1.32562 6 65 0.6 0.3
575863 1.32562 6 62.5 0.6 0.3
574786 1.10701 36 85 -0.2 0.3
574786 1.10701 24 85 -0.2 0.3
574786 1.10701 18 85 -0.2 0.3
574786 1.10701 100 85 -0.2 0.3
574786 1.10701 48 85 -0.2 0.3
574786 1.10701 60 85 -0.2 0.3
573719 1.07864 12 77.5 1.4 0.45
573717 1.12147 12 85 1 -10
573717 1.12147 12 85 1 0
572175 1.08537 6 55 10 0.15
572009 1.07137 60 75 -1 0.3
572009 1.07137 24 75 -1 0.3
572009 1.07137 100 75 -1 0.3
572009 1.07137 18 75 -1 0.3
572009 1.07137 36 75 -1 0.3
572009 1.07137 48 75 -1 0.3
571900 1.11971 100 65 -1 0.45
571900 1.11971 36 60 -1 0.45
571900 1.11971 18 62.5 -1 0.45
571900 1.11971 60 62.5 -1 0.45
571900 1.11971 36 62.5 -1 0.45
571900 1.11971 24 57.5 -1 0.45
571900 1.11971 48 65 -1 0.45
571900 1.11971 100 55 -1 0.45
571900 1.11971 18 0 -1 0.45
571900 1.11971 36 65 -1 0.45
571900 1.11971 24 55 -1 0.45
571900 1.11971 100 57.5 -1 0.45
571900 1.11971 100 60 -1 0.45
571900 1.11971 18 65 -1 0.45
571900 1.11971 24 60 -1 0.45
571900 1.11971 18 55 -1 0.45
571900 1.11971 18 60 -1 0.45
571900 1.11971 48 57.5 -1 0.45
571900 1.11971 36 55 -1 0.45
571900 1.11971 24 50 -1 0.45
571900 1.11971 48 62.5 -1 0.45
571900 1.11971 60 60 -1 0.45
571900 1.11971 100 62.5 -1 0.45
571900 1.11971 18 57.5 -1 0.45
571900 1.11971 48 55 -1 0.45
571900 1.11971 36 57.5 -1 0.45
571900 1.11971 24 65 -1 0.45
571900 1.11971 18 50 -1 0.45
571900 1.11971 24 0 -1 0.45
571900 1.11971 24 62.5 -1 0.45
571900 1.11971 60 65 -1 0.45
571900 1.11971 48 60 -1 0.45
571900 1.11971 60 55 -1 0.45
571900 1.11971 60 57.5 -1 0.45
571624 1.06617 18 45 -0.8 0.3
570031 1.02607 36 55 -0.2 -10
570031 1.02607 100 55 -0.2 -10
570031 1.02607 60 55 -0.2 -10
570031 1.02607 48 55 -0.2 -10
570004 1.25282 12 0 -0.2 0.6
570004 1.25282 12 55 -0.2 0.6
569538 1.04103 6 0 -0.6 -0.3
568165 1.01902 18 45 -0.8 -0.45
568133 1.03949 18 50 -0.6 0
567811 1.10134 6 57.5 1 0.15
567126 1.12988 12 75 0.6 0.6
566685 1.33765 12 85 -0.2 0.3
566615 1.02916 12 0 -0.6 -0.15
566431 1.09659 6 57.5 1.4 0.15
565940 1.0658 24 45 -0.8 0.3
565940 1.0658 100 45 -0.8 0.3
565940 1.0658 60 45 -0.8 0.3
565940 1.0658 36 45 -0.8 0.3
565940 1.0658 48 45 -0.8 0.3
565613 1.09442 18 85 -0.6 0.15
564459 1.40648 12 85 -0.6 0.3
564406 1.02159 12 45 -0.4 -0.3
563867 1.04349 9 70 0.6 -10
563203 1.04522 9 70 0.6 -0.3
563203 1.04522 9 70 0.6 -0.15
563203 1.04522 9 70 0.6 -0.45
562489 1.01891 24 45 -0.8 -0.45
562488 1.03927 24 50 -0.6 0
562415 1.07229 6 0 -0.6 -0.15
561978 1.16002 12 85 1 0.3
561864 1.04659 36 0 -1 0
561864 1.04659 60 0 -1 0
561864 1.04659 100 0 -1 0
561864 1.04659 36 50 -1 0
561864 1.04659 100 50 -1 0
561864 1.04659 48 50 -1 0
561864 1.04659 60 50 -1 0
561864 1.04659 48 0 -1 0
559864 1.0939 60 85 -0.6 0.15
559864 1.0939 48 85 -0.6 0.15
559864 1.0939 100 85 -0.6 0.15
559864 1.0939 36 85 -0.6 0.15
559864 1.0939 24 85 -0.6 0.15
559499 1.01464 48 45 -0.4 -0.45
559499 1.01464 60 45 -0.4 -0.45
559499 1.01464 100 45 -0.4 -0.45
559499 1.01464 36 45 -0.4 -0.45
559378 1.09604 6 57.5 10 0.15
558831 1.01311 48 45 -0.4 -10
558831 1.01311 36 45 -0.4 -10
558831 1.01311 60 45 -0.4 -10
558831 1.01311 100 45 -0.4 -10
558071 1.14019 6 62.5 0.6 0.15
557531 1.02807 36 57.5 -0.2 -10
557531 1.02807 60 57.5 -0.2 -10
557531 1.02807 48 57.5 -0.2 -10
557531 1.02807 24 57.5 -0.2 -10
557531 1.02807 100 57.5 -0.2 -10
557531 1.02807 18 57.5 -0.2 -10
557261 1.04345 6 57.5 1 -10
557074 1.03208 24 62.5 -0.2 -10
557074 1.03208 36 62.5 -0.2 -10
557074 1.03208 100 62.5 -0.2 -10
557074 1.03208 48 62.5 -0.2 -10
557074 1.03208 60 62.5 -0.2 -10
557074 1.03208 18 62.5 -0.2 -10
556880 1.05665 18 57.5 -0.6 0.3
556880 1.05665 18 60 -0.6 0.3
556880 1.05665 18 50 -0.6 0.3
556880 1.05665 18 0 -0.6 0.3
556880 1.05665 18 65 -0.6 0.3
556880 1.05665 18 62.5 -0.6 0.3
556880 1.05665 18 55 -0.6 0.3
556838 1.05915 6 45 -0.4 -0.15
556778 1.0261 24 55 -0.2 -10
556778 1.0261 18 55 -0.2 -10
556617 1.11937 12 65 0.6 0.6
556500 1.03727 12 55 -0.6 -10
555922 1.05142 6 60 1 -10
555922 1.05142 6 60 1 -0.3
555622 1.04244 6 57.5 1.4 -10
555484 1.15983 18 45 -0.8 0.6
554681 1.13904 100 75 -1 0.45
554681 1.13904 48 75 -1 0.45
554681 1.13904 18 75 -1 0.45
554681 1.13904 36 75 -1 0.45
554681 1.13904 24 75 -1 0.45
554681 1.13904 60 75 -1 0.45
554531 1.05007 6 60 1.4 -10
554531 1.05007 6 60 10 -10
554531 1.05007 6 60 1.4 -0.3
554531 1.05007 6 60 10 -0.3
554128 1.0743 6 65 1 -0.3
554128 1.0743 6 65 1 -10
553932 1.23728 12 45 -1.2 0.3
553603 1.23729 100 57.5 -1 0.6
553603 1.23729 100 62.5 -1 0.6
553603 1.23729 60 75 -1 0.6
553603 1.23729 18 57.5 -1 0.6
553603 1.23729 100 55 -1 0.6
553603 1.23729 48 0 -1 0.6
553603 1.23729 24 57.5 -1 0.6
553603 1.23729 100 65 -1 0.6
553603 1.23729 36 65 -1 0.6
553603 1.23729 60 65 -1 0.6
553603 1.23729 18 75 -1 0.6
553603 1.23729 24 65 -1 0.6
553603 1.23729 36 0 -1 0.6
553603 1.23729 24 60 -1 0.6
553603 1.23729 18 62.5 -1 0.6
553603 1.23729 100 60 -1 0.6
553603 1.23729 48 55 -1 0.6
553603 1.23729 18 50 -1 0.6
553603 1.23729 48 50 -1 0.6
553603 1.23729 18 55 -1 0.6
553603 1.23729 100 0 -1 0.6
553603 1.23729 60 60 -1 0.6
553603 1.23729 24 62.5 -1 0.6
553603 1.23729 60 62.5 -1 0.6
553603 1.23729 24 0 -1 0.6
553603 1.23729 100 75 -1 0.6
553603 1.23729 100 50 -1 0.6
553603 1.23729 60 55 -1 0.6
553603 1.23729 36 57.5 -1 0.6
553603 1.23729 60 0 -1 0.6
553603 1.23729 48 65 -1 0.6
553603 1.23729 24 75 -1 0.6
553603 1.23729 48 60 -1 0.6
553603 1.23729 60 50 -1 0.6
553603 1.23729 36 62.5 -1 0.6
553603 1.23729 18 0 -1 0.6
553603 1.23729 48 62.5 -1 0.6
553603 1.23729 18 60 -1 0.6
553603 1.23729 18 65 -1 0.6
553603 1.23729 48 75 -1 0.6
553603 1.23729 24 55 -1 0.6
553603 1.23729 36 50 -1 0.6
553603 1.23729 36 55 -1 0.6
553603 1.23729 24 50 -1 0.6
553603 1.23729 60 57.5 -1 0.6
553603 1.23729 48 57.5 -1 0.6
553603 1.23729 36 75 -1 0.6
553603 1.23729 36 60 -1 0.6
553252 1.04739 36 55 -1 0
553252 1.04739 60 55 -1 0
553252 1.04739 48 55 -1 0
553252 1.04739 100 55 -1 0
552594 1.01669 18 45 -0.8 -10
552550 1.4501 6 70 1.4 0.3
552550 1.4501 6 70 10 0.3
552113 1.04858 36 57.5 -1 0
552113 1.04858 100 57.5 -1 0
552113 1.04858 48 57.5 -1 0
552113 1.04858 24 57.5 -1 0
552113 1.04858 18 57.5 -1 0
552113 1.04858 60 57.5 -1 0
552046 1.05136 60 62.5 -1 0
552046 1.05136 24 62.5 -1 0
552046 1.05136 48 62.5 -1 0
552046 1.05136 18 62.5 -1 0
552046 1.05136 36 62.5 -1 0
552046 1.05136 100 62.5 -1 0
551783 1.07415 6 65 1.4 -0.3
551783 1.07415 6 65 10 -0.3
551783 1.07415 6 65 1.4 -10
551783 1.07415 6 65 10 -10
551320 1.03372 60 65 -0.2 -10
551320 1.03372 18 65 -0.2 -10
551320 1.03372 24 65 -0.2 -10
551320 1.03372 100 65 -0.2 -10
551320 1.03372 36 65 -0.2 -10
551320 1.03372 48 65 -0.2 -10
551199 1.05632 60 55 -0.6 0.3
551199 1.05632 24 60 -0.6 0.3
551199 1.05632 48 57.5 -0.6 0.3
551199 1.05632 36 0 -0.6 0.3
551199 1.05632 60 65 -0.6 0.3
551199 1.05632 60 50 -0.6 0.3
551199 1.05632 100 65 -0.6 0.3
551199 1.05632 36 50 -0.6 0.3
551199 1.05632 100 57.5 -0.6 0.3
551199 1.05632 48 50 -0.6 0.3
551199 1.05632 60 57.5 -0.6 0.3
551199 1.05632 36 55 -0.6 0.3
551199 1.05632 24 65 -0.6 0.3
551199 1.05632 100 50 -0.6 0.3
551199 1.05632 24 50 -0.6 0.3
551199 1.05632 48 60 -0.6 0.3
551199 1.05632 36 65 -0.6 0.3
551199 1.05632 100 0 -0.6 0.3
551199 1.05632 60 62.5 -0.6 0.3
551199 1.05632 24 55 -0.6 0.3
551199 1.05632 36 60 -0.6 0.3
551199 1.05632 100 60 -0.6 0.3
551199 1.05632 24 62.5 -0.6 0.3
551199 1.05632 48 55 -0.6 0.3
551199 1.05632 24 0 -0.6 0.3
551199 1.05632 36 57.5 -0.6 0.3
551199 1.05632 100 55 -0.6 0.3
551199 1.05632 48 62.5 -0.6 0.3
551199 1.05632 100 62.5 -0.6 0.3
551199 1.05632 24 57.5 -0.6 0.3
551199 1.05632 36 62.5 -0.6 0.3
551199 1.05632 48 65 -0.6 0.3
551199 1.05632 60 60 -0.6 0.3
551199 1.05632 48 0 -0.6 0.3
551199 1.05632 60 0 -0.6 0.3
550621 1.10583 18 85 1 0.6
550621 1.10583 100 85 1 0.6
550621 1.10583 60 85 1 0.6
550621 1.10583 48 85 1 0.6
550621 1.10583 24 85 1 0.6
550621 1.10583 36 85 1 0.6
550552 1.0602 48 65 -1 0.15
550552 1.0602 36 65 -1 0.15
550552 1.0602 60 65 -1 0.15
550552 1.0602 100 65 -1 0.15
550552 1.0602 18 65 -1 0.15
550552 1.0602 24 65 -1 0.15
549900 1.15896 36 45 -0.8 0.6
549900 1.15896 24 45 -0.8 0.6
549900 1.15896 48 45 -0.8 0.6
549900 1.15896 60 45 -0.8 0.6
549900 1.15896 100 45 -0.8 0.6
549570 1.08825 18 85 -0.6 0
549570 1.08825 18 85 -0.6 -10
549160 1.04216 6 57.5 10 -10
548905 1.09192 12 75 1.4 0.6
548851 1.04714 24 50 -1 0
548851 1.04714 18 50 -1 0
548851 1.04714 18 0 -1 0
548851 1.04714 24 0 -1 0
548141 1.03706 6 55 1 -10
548009 1.58432 6 70 1 0.3
548009 1.58432 6 70 0.6 0.3
547623 1.11569 6 57.5 0.6 0.15
547183 1.02743 12 65 1 -10
547183 1.02743 12 65 1 -0.45
546673 1.03999 9 70 1 -10
546508 1.03631 6 55 1.4 -10
546288 1.02298 6 0 -0.2 -0.3
546038 1.04153 9 70 1 -0.15
546038 1.04153 9 70 1 -0.45
546038 1.04153 9 70 1 -0.3
545847 1.04959 48 60 -1 0
545847 1.04959 100 60 -1 0
545847 1.04959 18 60 -1 0
545847 1.04959 60 60 -1 0
545847 1.04959 24 60 -1 0
545847 1.04959 36 60 -1 0
545817 1.33124 36 85 1 0.9
545817 1.33124 60 85 1 0.9
545817 1.33124 18 85 1 0.9
545817 1.33124 100 85 1 0.9
545817 1.33124 24 85 1 0.9
545817 1.33124 48 85 1 0.9
545748 1.07451 6 45 0.8 0.15
545509 1.10409 18 85 -0.6 0.3
545497 1.02862 48 60 -0.2 -10
545497 1.02862 24 60 -0.2 -10
545497 1.02862 60 60 -0.2 -10
545497 1.02862 36 60 -0.2 -10
545497 1.02862 18 60 -0.2 -10
545497 1.02862 100 60 -0.2 -10
544126 1.08775 36 85 -0.6 0
544126 1.08775 48 85 -0.6 -10
544126 1.08775 100 85 -0.6 0
544126 1.08775 48 85 -0.6 0
544126 1.08775 24 85 -0.6 -10
544126 1.08775 100 85 -0.6 -10
544126 1.08775 36 85 -0.6 -10
544126 1.08775 24 85 -0.6 0
544126 1.08775 60 85 -0.6 0
544126 1.08775 60 85 -0.6 -10
544067 1.10085 12 77.5 0.6 0.45
543238 1.02852 12 65 0.6 -10
543061 1.10445 12 82.5 1.4 0.3
542136 1.11664 12 82.5 0.6 0.3
541224 1.03287 12 65 0.6 0.15
540823 1.08357 6 57.5 -0.6 -10
540584 1.05481 12 77.5 0.6 -10
540323 1.04798 24 55 -1 0
540323 1.04798 18 55 -1 0
540263 1.09053 12 77.5 1 0.45
540210 1.03607 6 55 10 -10
540034 1.10351 24 85 -0.6 0.3
540034 1.10351 36 85 -0.6 0.3
540034 1.10351 100 85 -0.6 0.3
540034 1.10351 60 85 -0.6 0.3
540034 1.10351 48 85 -0.6 0.3
539312 1.05543 18 75 -0.6 0.15
538489 1.09507 6 70 1 -10
538489 1.09507 6 70 1 -0.3
538396 1.04457 9 70 0.6 0
538077 1.05941 24 62.5 -1 0.15
538077 1.05941 18 62.5 -1 0.15
538077 1.05941 60 62.5 -1 0.15
538077 1.05941 36 62.5 -1 0.15
538077 1.05941 48 62.5 -1 0.15
538077 1.05941 100 62.5 -1 0.15
537940 1.05993 6 62.5 1 -10
537940 1.05993 6 62.5 1 -0.3
537571 1.09821 6 55 0.6 0.15
537253 1.05919 18 75 -0.6 0.3
537129 1.0553 48 45 -0.4 0.3
537129 1.0553 24 45 -0.4 0.3
537129 1.0553 18 45 -0.4 0.3
537129 1.0553 36 45 -0.4 0.3
537129 1.0553 60 45 -0.4 0.3
537129 1.0553 100 45 -0.4 0.3
537047 1.04539 6 57.5 1 -0.3
536898 1.01627 24 45 -0.8 -10
536820 1.0546 12 77.5 0.6 0
536784 1.04258 6 57.5 0.6 -10
536487 1.09971 6 45 -0.4 0
536377 1.07141 6 0 1 0.15
536237 1.1038 12 82.5 10 0.3
536169 1.09488 6 70 1.4 -0.3
536169 1.09488 6 70 10 -10
536169 1.09488 6 70 1.4 -10
536169 1.09488 6 70 10 -0.3
536164 1.09466 6 0 -0.2 0
536152 1.04222 6 45 -0.4 -0.3
535903 1.02752 12 65 1 -0.3
535903 1.02752 12 65 1 -0.15
535631 1.05811 12 77.5 0.6 0.15
535505 1.0443 6 57.5 1.4 -0.3
534554 1.05721 36 55 -1 0.15
534554 1.05721 18 50 -1 0.15
534554 1.05721 100 55 -1 0.15
534554 1.05721 48 57.5 -1 0.15
534554 1.05721 18 55 -1 0.15
534554 1.05721 60 55 -1 0.15
534554 1.05721 24 57.5 -1 0.15
534554 1.05721 18 0 -1 0.15
534554 1.05721 36 57.5 -1 0.15
534554 1.05721 24 0 -1 0.15
534554 1.05721 24 50 -1 0.15
534554 1.05721 18 57.5 -1 0.15
534554 1.05721 24 55 -1 0.15
534554 1.05721 100 57.5 -1 0.15
534554 1.05721 60 57.5 -1 0.15
534554 1.05721 48 55 -1 0.15
534509 1.03091 6 45 -0.4 -10
533912 1.05795 6 62.5 1.4 -10
533912 1.05795 6 62.5 1.4 -0.3
533912 1.05795 6 62.5 10 -10
533912 1.05795 6 62.5 10 -0.3
533886 1.01616 36 0 -1 -0.45
533886 1.01616 48 0 -1 -0.45
533886 1.01616 100 0 -1 -0.45
533886 1.01616 60 0 -1 -0.45
533871 1.27863 9 75 10 0.6
533819 1.0551 60 75 -0.6 0.15
533819 1.0551 100 75 -0.6 0.15
533819 1.0551 36 75 -0.6 0.15
533819 1.0551 24 75 -0.6 0.15
533819 1.0551 48 75 -0.6 0.15
533734 1.28373 60 50 1 0.9
533734 1.28373 24 62.5 1 0.9
533734 1.28373 60 55 1 0.9
533734 1.28373 18 75 1 0.9
533734 1.28373 48 62.5 1 0.9
533734 1.28373 100 60 1 0.9
533734 1.28373 18 50 1 0.9
533734 1.28373 24 50 1 0.9
533734 1.28373 60 60 1 0.9
533734 1.28373 48 60 1 0.9
533734 1.28373 60 62.5 1 0.9
533734 1.28373 36 60 1 0.9
533734 1.28373 100 57.5 1 0.9
533734 1.28373 48 75 1 0.9
533734 1.28373 24 57.5 1 0.9
533734 1.28373 48 57.5 1 0.9
533734 1.28373 36 57.5 1 0.9
533734 1.28373 18 62.5 1 0.9
533734 1.28373 24 55 1 0.9
533734 1.28373 36 50 1 0.9
533734 1.28373 24 75 1 0.9
533734 1.28373 36 55 1 0.9
533734 1.28373 24 60 1 0.9
533734 1.28373 36 75 1 0.9
533734 1.28373 100 55 1 0.9
533734 1.28373 60 75 1 0.9
533734 1.28373 18 55 1 0.9
533734 1.28373 36 62.5 1 0.9
533734 1.28373 18 60 1 0.9
533734 1.28373 100 62.5 1 0.9
533734 1.28373 100 75 1 0.9
533734 1.28373 18 57.5 1 0.9
533734 1.28373 48 50 1 0.9
533734 1.28373 100 50 1 0.9
533734 1.28373 60 57.5 1 0.9
533734 1.28373 48 55 1 0.9
533447 1.05129 12 77.5 1 -10
533028 1.05186 18 65 -1 0
533028 1.05186 36 65 -1 0
533028 1.05186 48 65 -1 0
533028 1.05186 60 65 -1 0
533028 1.05186 24 65 -1 0
533028 1.05186 100 65 -1 0
533004 1.05167 6 60 0.6 -10
533004 1.05167 6 60 0.6 -0.3
532997 1.08273 6 65 1 0
532943 1.0345 6 45 -0.4 -0.45
532522 1.27823 9 70 10 0.6
532522 1.27823 9 72.5 10 0.6
531963 1.20507 36 85 -1 0.45
531963 1.20507 100 85 -1 0.45
531963 1.20507 48 85 -1 0.45
531963 1.20507 60 85 -1 0.45
531963 1.20507 24 85 -1 0.45
531963 1.20507 18 85 -1 0.45
531792 1.05884 100 75 -0.6 0.3
531792 1.05884 24 75 -0.6 0.3
531792 1.05884 48 75 -0.6 0.3
531792 1.05884 36 75 -0.6 0.3
531792 1.05884 60 75 -0.6 0.3
531035 1.08257 6 65 10 0
531035 1.08257 6 65 1.4 0
530822 1.22278 12 85 -1 -10
530822 1.22278 12 85 -1 -0.3
530822 1.22278 12 85 -1 0
530822 1.22278 12 85 -1 -0.45
530822 1.22278 12 85 -1 -0.15
530775 1.07262 6 55 -0.6 -10
530694 1.06539 48 75 -1 0.15
530694 1.06539 18 75 -1 0.15
530694 1.06539 60 75 -1 0.15
530694 1.06539 24 75 -1 0.15
530694 1.06539 36 75 -1 0.15
530694 1.06539 100 75 -1 0.15
530010 1.26511 12 82.5 -0.6 0.3
529876 1.00694 18 0 -0.6 -10
529698 1.05108 12 77.5 1 0
529326 1.04402 6 57.5 10 -0.3
528541 1.05418 12 77.5 1 0.15
528396 1.05879 36 60 -1 0.15
528396 1.05879 18 60 -1 0.15
528396 1.05879 100 60 -1 0.15
528396 1.05879 48 60 -1 0.15
528396 1.05879 60 60 -1 0.15
528396 1.05879 24 60 -1 0.15
528342 1.03851 6 55 1 -0.3
526946 1.02867 12 45 -0.8 -0.3
526749 1.03771 6 55 1.4 -0.3
526403 1.04826 12 77.5 1.4 -10
526025 1.10843 12 82.5 1 0.3
525901 1.06776 6 45 -1.2 -10
525783 1.06412 6 45 10 0.15
525768 1.08174 12 65 1.4 0.6
525224 1.01284 18 45 -0.4 -10
524575 1.10397 12 75 1 0.6
524571 1.08277 6 45 -1.2 -0.45
522982 1.09835 6 70 0.6 -10
522982 1.09835 6 70 0.6 -0.3
522732 1.04807 12 77.5 1.4 0
522701 1.56456 12 85 -1 0.3
521565 1.05083 12 77.5 1.4 0.15
521247 1.08917 6 57.5 -0.6 -0.3
521247 1.08917 6 57.5 -0.6 -0.45
521113 1.09154 12 82.5 1.4 0.15
520886 1.1109 6 70 1 0
520662 1.03746 6 55 10 -0.3
520505 1.10102 12 82.5 0.6 0.15
520309 1.04078 9 70 1 0
519882 1.06397 6 60 1 0
519367 1.01607 12 45 -0.4 -0.45
519156 1.07789 6 65 0.6 -0.3
519156 1.07789 6 65 0.6 -10
518805 1.11068 6 70 10 0
518805 1.11068 6 70 1.4 0
518713 1.03702 9 70 1.4 -10
518673 1.06199 6 60 10 0
518673 1.06199 6 60 1.4 0
518671 1.06205 100 75 -1 -10
518671 1.06205 48 75 -1 -10
518671 1.06205 18 75 -1 -10
518671 1.06205 24 75 -1 -10
518671 1.06205 60 75 -1 -10
518671 1.06205 36 75 -1 -10
518640 1.087 12 82.5 1.4 -10
518640 1.087 12 82.5 1.4 0
518367 1.08691 12 80 -0.2 0.15
518084 1.03843 9 70 1.4 -0.15
518084 1.03843 9 70 1.4 -0.3
518084 1.03843 9 70 1.4 -0.45
518065 1.09556 12 82.5 0.6 0
518065 1.09556 12 82.5 0.6 -10
517444 1.0445 6 57.5 0.6 -0.3
517352 1.10402 6 57.5 -0.6 -0.15
517023 1.06262 12 55 -0.2 0.3
516608 1.07158 24 85 1 -10
516608 1.07158 24 85 1 0
516608 1.07158 60 85 1 0
516608 1.07158 48 85 1 0
516608 1.07158 36 85 1 -10
516608 1.07158 48 85 1 -10
516608 1.07158 18 85 1 0
516608 1.07158 60 85 1 -10
516608 1.07158 100 85 1 0
516608 1.07158 100 85 1 -10
516608 1.07158 18 85 1 -10
516608 1.07158 36 85 1 0
516605 1.17807 12 82.5 -0.6 0.15
515586 1.01261 24 45 -0.4 -10
515457 1.09834 6 55 -0.6 -0.15
515304 1.03153 9 65 1 -0.45
515304 1.03153 9 65 1 -10
515114 1.06179 48 75 -1 0
515114 1.06179 18 75 -1 0
515114 1.06179 36 75 -1 0
515114 1.06179 24 75 -1 0
515114 1.06179 60 75 -1 0
515114 1.06179 100 75 -1 0
515071 1.10198 12 45 0.8 0.6
514909 1.09159 12 0 1 0.6
514909 1.09159 12 55 1 0.6
514682 1.23075 6 70 -0.6 -0.3
514682 1.23075 6 70 -0.6 -10
514682 1.23075 6 70 -0.6 -0.45
514512 1.09095 12 82.5 10 0.15
514474 1.07962 100 45 0.8 0.6
514474 1.07962 24 45 0.8 0.6
514474 1.07962 18 45 0.8 0.6
514474 1.07962 36 45 0.8 0.6
514474 1.07962 60 45 0.8 0.6
514474 1.07962 48 45 0.8 0.6
514278 1.06088 12 0 -0.2 0.3
514278 1.30199 6 70 -0.6 -0.15
513853 1.1693 12 80 -0.6 0.3
513417 1.05248 9 72.5 0.6 0
513356 1.09803 6 60 -0.6 -0.3
513356 1.09803 6 60 -0.6 -0.45
513356 1.09803 6 60 -0.6 -10
512827 1.08215 36 85 1 0.3
512827 1.08215 24 85 1 0.3
512827 1.08215 100 85 1 0.3
512827 1.08215 48 85 1 0.3
512827 1.08215 60 85 1 0.3
512827 1.08215 18 85 1 0.3
512823 1.00915 60 0 -1 -10
512823 1.00915 48 0 -1 -10
512823 1.00915 36 0 -1 -10
512823 1.00915 100 0 -1 -10
512561 1.22256 9 60 10 0.6
512374 1.00931 18 0 -1 -10
512056 1.08644 12 82.5 10 -10
512056 1.08644 12 82.5 10 0
511924 1.05957 6 0 10 0.15
511627 1.07689 6 55 -0.6 -0.45
511627 1.07689 6 55 -0.6 -0.3
510698 1.24006 9 67.5 10 0.6
510643 1.02724 12 65 1 0
510268 1.00667 100 0 -0.6 -10
510268 1.00667 48 0 -0.6 -10
510268 1.00667 60 0 -0.6 -10
510268 1.00667 36 0 -0.6 -10
509670 1.0648 12 77.5 0.6 0.3
509639 1.0918 12 80 1 0.45
509425 1.01481 12 45 -0.4 -10
509155 1.06011 6 62.5 0.6 -10
509155 1.06011 6 62.5 0.6 -0.3
508447 1.08075 6 0 -1 -0.3
508257 1.05216 9 72.5 0.6 -0.3
508257 1.05216 9 72.5 0.6 -10
508257 1.05216 9 72.5 0.6 -0.15
508257 1.05216 9 72.5 0.6 -0.45
507841 1.09573 12 65 1 0.6
507790 1.29494 100 85 -1 0.6
507790 1.29494 18 85 -1 0.6
507790 1.29494 36 85 -1 0.6
507790 1.29494 48 85 -1 0.6
507790 1.29494 24 85 -1 0.6
507790 1.29494 60 85 -1 0.6
507783 1.18972 6 65 -0.6 -10
507783 1.18972 6 65 -0.6 -0.3
507783 1.18972 6 65 -0.6 -0.45
507679 1.82458 12 80 -1 0.45
507629 1.07456 12 80 -0.2 -10
507629 1.07456 12 80 -0.2 0
507387 1.24221 6 65 -0.6 -0.15
507114 1.02836 12 65 0.6 0
506574 1.03549 6 55 0.6 -10
506286 1.12372 6 60 -0.6 -0.15
506240 1.2012 9 45 10 0.6
506240 1.2012 9 0 10 0.6
506159 1.11569 6 70 0.6 0
505782 1.239 9 65 10 0.6
504885 1.03271 9 65 0.6 -0.45
504885 1.03271 9 65 0.6 -10
504871 1.09448 12 82.5 1 0.15
504626 1.03171 9 65 1 -0.3
504626 1.03171 9 65 1 -0.15
504172 1.03867 60 65 -0.2 0.15
504172 1.03867 18 65 -0.2 0.15
504172 1.03867 36 65 -0.2 0.15
504172 1.03867 48 65 -0.2 0.15
504172 1.03867 100 65 -0.2 0.15
504172 1.03867 24 65 -0.2 0.15
503146 1.05991 12 77.5 1 0.3
503088 1.02131 6 0 -0.6 -10
502905 1.11114 18 85 -1 0.15
502905 1.11114 60 85 -1 0.15
502905 1.11114 100 85 -1 0.15
502905 1.11114 48 85 -1 0.15
502905 1.11114 36 85 -1 0.15
502905 1.11114 24 85 -1 0.15
502468 1.08958 12 82.5 1 -10
502468 1.08958 12 82.5 1 0
501750 1.03495 6 45 10 0
501573 1.0264 6 0 -0.6 -0.45
501349 1.07057 12 77.5 10 0.45
501288 1.0684 9 75 0.6 0.15
500778 1.14036 12 77.5 -0.6 0.3
499644 1.04594 36 57.5 -0.2 0.3
499644 1.04594 24 55 -0.2 0.3
499644 1.04594 60 60 -0.2 0.3
499644 1.04594 100 55 -0.2 0.3
499644 1.04594 48 57.5 -0.2 0.3
499644 1.04594 48 55 -0.2 0.3
499644 1.04594 36 55 -0.2 0.3
499644 1.04594 60 55 -0.2 0.3
499644 1.04594 24 60 -0.2 0.3
499644 1.04594 48 60 -0.2 0.3
499644 1.04594 60 57.5 -0.2 0.3
499644 1.04594 36 60 -0.2 0.3
499644 1.04594 18 55 -0.2 0.3
499644 1.04594 24 57.5 -0.2 0.3
499644 1.04594 18 60 -0.2 0.3
499644 1.04594 100 60 -0.2 0.3
499644 1.04594 18 57.5 -0.2 0.3
499644 1.04594 100 57.5 -0.2 0.3
499441 1.08735 6 65 0.6 0
499370 1.03902 6 45 0.8 0
498535 1.14447 60 85 1 0.75
498535 1.14447 18 85 1 0.75
498535 1.14447 36 85 1 0.75
498535 1.14447 48 85 1 0.75
498535 1.14447 24 85 1 0.75
498535 1.14447 100 85 1 0.75
498335 1.06468 6 60 0.6 0
498266 1.07152 9 70 0.6 0.3
498111 1.34624 6 70 -0.6 0
497142 1.04481 100 0 -0.2 0.3
497142 1.04481 48 50 -0.2 0.3
497142 1.04481 18 0 -0.2 0.3
497142 1.04481 100 50 -0.2 0.3
497142 1.04481 60 0 -0.2 0.3
497142 1.04481 36 50 -0.2 0.3
497142 1.04481 18 50 -0.2 0.3
497142 1.04481 24 50 -0.2 0.3
497142 1.04481 60 50 -0.2 0.3
497142 1.04481 36 0 -0.2 0.3
497142 1.04481 24 0 -0.2 0.3
497142 1.04481 48 0 -0.2 0.3
496967 1.04971 18 75 -0.2 0.3
496967 1.04971 36 75 -0.2 0.3
496967 1.04971 24 75 -0.2 0.3
496967 1.04971 48 75 -0.2 0.3
496967 1.04971 60 75 -0.2 0.3
496967 1.04971 100 75 -0.2 0.3
496673 1.15784 12 82.5 -0.6 -10
496673 1.15784 12 82.5 -0.6 -0.3
496673 1.15784 12 82.5 -0.6 0
496307 1.19944 9 55 10 0.6
496255 1.07655 6 62.5 1 0
496138 1.05584 12 77.5 1.4 0.3
495870 1.04421 12 55 -0.2 0.15
495862 1.06741 6 45 -0.8 -0.3
495679 1.03171 100 57.5 -0.2 0
495679 1.03171 18 57.5 -0.2 0
495679 1.03171 24 57.5 -0.2 0
495679 1.03171 48 57.5 -0.2 0
495679 1.03171 36 57.5 -0.2 0
495679 1.03171 60 57.5 -0.2 0
495440 1.04414 18 75 -0.2 0.15
495440 1.04414 48 75 -0.2 0.15
495440 1.04414 60 75 -0.2 0.15
495440 1.04414 36 75 -0.2 0.15
495440 1.04414 24 75 -0.2 0.15
495440 1.04414 100 75 -0.2 0.15
494425 1.03293 9 65 0.6 -0.15
494425 1.03293 9 65 0.6 -0.3
493879 1.03389 6 0 1 0
493411 1.03809 9 70 1.4 0
492916 1.00768 12 0 -0.6 -10
492718 1.07355 6 62.5 10 0
492718 1.07355 6 62.5 1.4 0
492664 1.04923 18 75 -0.6 -10
492270 1.05308 6 55 1 0
492225 1.0221 9 55 1 -10
491560 1.40444 12 45 -0.4 0.6
491550 1.13341 6 0 -1 -0.15
491331 1.03806 48 62.5 -0.2 0.15
491331 1.03806 100 62.5 -0.2 0.15
491331 1.03806 60 62.5 -0.2 0.15
491331 1.03806 18 62.5 -0.2 0.15
491331 1.03806 36 62.5 -0.2 0.15
491331 1.03806 24 62.5 -0.2 0.15
491147 1.06068 12 0 10 0.6
491147 1.06068 12 45 10 0.6
491031 1.12687 12 80 -0.6 0.15
490913 1.05151 6 55 1.4 0
490526 1.04811 9 72.5 1 0
490444 1.1292 100 85 -1 0.3
490444 1.1292 36 85 -1 0.3
490444 1.1292 48 85 -1 0.3
490444 1.1292 18 85 -1 0.3
490444 1.1292 24 85 -1 0.3
490444 1.1292 60 85 -1 0.3
490434 1.20681 12 80 -1 0.3
490385 1.04387 12 65 -0.6 -10
490349 1.20572 9 75 0.6 0.45
489414 1.03448 12 65 1 0.3
489237 1.03337 48 62.5 -0.2 0
489237 1.03337 24 62.5 -0.2 0
489237 1.03337 18 62.5 -0.2 0
489237 1.03337 36 62.5 -0.2 0
489237 1.03337 100 62.5 -0.2 0
489237 1.03337 60 62.5 -0.2 0
489108 1.04901 18 75 -0.6 0
489090 1.52991 6 75 -0.6 -0.15
489090 1.52991 6 75 -0.6 -0.45
489090 1.52991 6 75 -0.6 -10
489090 1.52991 6 75 -0.6 -0.3
488908 1.06218 12 45 -1.2 0
488880 1.04294 12 0 -0.6 0
488823 1.03742 12 65 0.6 0.3
488713 1.07896 12 75 10 0.6
488651 1.021 9 0 -0.6 -0.3
488557 1.10161 36 85 -1 0
488557 1.10161 60 85 -1 0
488557 1.10161 48 85 -1 -10
488557 1.10161 36 85 -1 -10
488557 1.10161 100 85 -1 0
488557 1.10161 24 85 -1 -10
488557 1.10161 18 85 -1 0
488557 1.10161 60 85 -1 -10
488557 1.10161 100 85 -1 -10
488557 1.10161 48 85 -1 0
488557 1.10161 24 85 -1 0
488557 1.10161 18 85 -1 -10
488465 1.26952 6 65 -0.6 0
488350 1.0369 6 55 0.6 -0.3
488197 1.04309 12 0 -0.2 0.15
488113 1.03394 18 65 -0.2 0
488113 1.03394 48 65 -0.2 0
488113 1.03394 24 65 -0.2 0
488113 1.03394 36 65 -0.2 0
488113 1.03394 60 65 -0.2 0
488113 1.03394 100 65 -0.2 0
487937 1.03806 12 45 -1.2 -0.3
487685 1.04892 36 75 -0.6 -10
487685 1.04892 60 75 -0.6 -10
487685 1.04892 24 75 -0.6 -10
487685 1.04892 100 75 -0.6 -10
487685 1.04892 48 75 -0.6 -10
487657 1.04523 100 62.5 -0.2 0.3
487657 1.04523 60 62.5 -0.2 0.3
487657 1.04523 24 62.5 -0.2 0.3
487657 1.04523 36 62.5 -0.2 0.3
487657 1.04523 18 62.5 -0.2 0.3
487657 1.04523 48 62.5 -0.2 0.3
487340 1.03137 100 60 -0.2 0
487340 1.03137 24 60 -0.2 0
487340 1.03137 60 60 -0.2 0
487340 1.03137 48 60 -0.2 0
487340 1.03137 36 60 -0.2 0
487340 1.03137 18 60 -0.2 0
487192 1.04791 9 72.5 1 -0.45
487192 1.04791 9 72.5 1 -0.3
487192 1.04791 9 72.5 1 -0.15
487192 1.04791 9 72.5 1 -10
487115 1.03457 12 55 -0.2 0
487013 1.03786 100 57.5 -0.2 0.15
487013 1.03786 48 57.5 -0.2 0.15
487013 1.03786 60 55 -0.2 0.15
487013 1.03786 24 57.5 -0.2 0.15
487013 1.03786 18 60 -0.2 0.15
487013 1.03786 36 60 -0.2 0.15
487013 1.03786 48 60 -0.2 0.15
487013 1.03786 18 57.5 -0.2 0.15
487013 1.03786 100 55 -0.2 0.15
487013 1.03786 48 55 -0.2 0.15
487013 1.03786 100 60 -0.2 0.15
487013 1.03786 36 57.5 -0.2 0.15
487013 1.03786 18 55 -0.2 0.15
487013 1.03786 24 60 -0.2 0.15
487013 1.03786 60 57.5 -0.2 0.15
487013 1.03786 60 60 -0.2 0.15
487013 1.03786 24 55 -0.2 0.15
487013 1.03786 36 55 -0.2 0.15
485731 1.5269 6 75 -0.6 0
485175 1.03074 100 55 -0.2 0
485175 1.03074 60 55 -0.2 0
485175 1.03074 48 55 -0.2 0
485175 1.03074 36 55 -0.2 0
484993 1.05118 6 55 10 0
484505 1.02475 12 65 1.4 -10
484479 1.04505 60 65 -0.2 0.3
484479 1.04505 36 65 -0.2 0.3
484479 1.04505 24 65 -0.2 0.3
484479 1.04505 18 65 -0.2 0.3
484479 1.04505 100 65 -0.2 0.3
484479 1.04505 48 65 -0.2 0.3
484405 1.02189 9 55 1 -0.45
484281 1.04871 100 75 -0.6 0
484281 1.04871 24 75 -0.6 0
484281 1.04871 60 75 -0.6 0
484281 1.04871 48 75 -0.6 0
484281 1.04871 36 75 -0.6 0
483806 1.12698 9 70 -0.6 0.15
483712 1.0413 60 75 -0.2 -10
483712 1.0413 18 75 -0.2 -10
483712 1.0413 48 75 -0.2 -10
483712 1.0413 24 75 -0.2 -10
483712 1.0413 36 75 -0.2 -10
483712 1.0413 100 75 -0.2 -10
483549 1.11248 6 62.5 -0.6 -10
483549 1.11248 6 62.5 -0.6 -0.45
483549 1.11248 6 62.5 -0.6 -0.3
483350 1.0876 9 75 0.6 0.3
483004 1.04046 9 70 10 0.15
482615 1.1024 12 77.5 -0.6 0.15
481960 1.22526 6 75 10 -0.15
481960 1.22526 6 75 10 -10
481960 1.22526 6 75 10 -0.3
481960 1.22526 6 75 10 -0.45
481627 1.11058 12 80 -0.2 0.3
481500 1.06003 12 55 10 0.6
481102 1.57841 12 0 -0.6 0.6
481102 1.57841 12 65 -0.6 0.6
481102 1.57841 12 75 -0.6 0.6
481102 1.57841 12 55 -0.6 0.6
480926 1.03145 9 65 1 0
480758 1.04582 12 55 -1 -10
480321 1.07614 9 72.5 0.6 0.3
480253 1.04112 36 75 -0.2 0
480253 1.04112 60 75 -0.2 0
480253 1.04112 100 75 -0.2 0
480253 1.04112 18 75 -0.2 0
480253 1.04112 48 75 -0.2 0
480253 1.04112 24 75 -0.2 0
479998 1.03502 12 45 -0.8 -0.15
479925 1.01426 6 0 -0.2 -10
479863 1.03571 12 45 0.8 0.3
479853 1.0905 12 77.5 -0.6 -10
479760 1.10013 6 45 -0.8 -0.15
479369 1.03683 60 0 -0.2 0.15
479369 1.03683 48 0 -0.2 0.15
479369 1.03683 36 50 -0.2 0.15
479369 1.03683 60 50 -0.2 0.15
479369 1.03683 36 0 -0.2 0.15
479369 1.03683 24 0 -0.2 0.15
479369 1.03683 48 50 -0.2 0.15
479369 1.03683 18 0 -0.2 0.15
479369 1.03683 100 50 -0.2 0.15
479369 1.03683 24 50 -0.2 0.15
479369 1.03683 100 0 -0.2 0.15
479369 1.03683 18 50 -0.2 0.15
479340 1.0276 12 65 1.4 0.15
478843 1.01836 48 55 1 -10
478843 1.01836 100 55 1 -10
478843 1.01836 60 55 1 -10
478843 1.01836 36 55 1 -10
478759 1.05722 6 57.5 1 0
478623 1.22445 6 75 10 0
478452 1.01675 6 0 -0.2 -0.45
478282 1.15541 6 62.5 -0.6 -0.15
478127 1.34839 6 75 -0.2 -0.3
478127 1.34839 6 75 -0.2 -10
478127 1.34839 6 75 -0.2 -0.45
478127 1.34839 6 75 -0.2 -0.15
477987 1.02869 6 0 10 0
477815 1.01305 6 0 1 -0.3
477755 1.03215 6 0 -1 -10
477707 1.14998 6 0 -0.6 0
477545 1.05539 6 57.5 1.4 0
477095 1.06621 12 65 -0.6 0.15
476860 1.03461 9 70 10 -10
476541 1.10754 12 80 -0.6 0
476541 1.10754 12 80 -0.6 -10
476290 1.09009 12 77.5 -0.6 0
476039 1.25141 6 75 1 -0.15
476039 1.25141 6 75 1 -0.45
476039 1.25141 6 75 1 -10
476039 1.25141 6 75 1 -0.3
475805 1.03899 9 55 -0.6 -10
475443 1.01691 60 50 -0.2 -10
475443 1.01691 36 50 -0.2 -10
475443 1.01691 48 50 -0.2 -10
475443 1.01691 100 50 -0.2 -10
474802 1.34639 6 75 -0.2 0
474446 1.02284 9 55 0.6 -10
474370 1.02188 9 55 1 -0.3
473985 1.0242 9 60 1 -10
473881 1.06183 9 70 1 0.3
473808 1.03083 18 55 -0.2 0
473808 1.03083 24 55 -0.2 0
473692 1.08031 12 80 10 0.45
473685 1.03335 9 67.5 0.6 -0.45
473685 1.03335 9 67.5 0.6 -10
473209 1.04538 12 55 -1 -0.45
473028 1.00877 24 0 -1 -10
472870 1.05548 12 80 1 0
472870 1.05548 12 80 1 -10
472766 1.0328 9 65 0.6 0
472720 1.2505 6 75 1 0
472475 1.0611 9 75 0.6 -0.3
472475 1.0611 9 75 0.6 -10
471929 1.02873 9 65 1.4 -10
471920 1.05503 6 57.5 10 0
471717 1.03463 9 67.5 0.6 0
470931 1.02821 48 50 -0.2 0
470931 1.02821 36 50 -0.2 0
470931 1.02821 60 50 -0.2 0
470931 1.02821 100 50 -0.2 0
470859 1.06149 12 80 1 0.15
470677 1.06098 9 75 0.6 0
470664 1.00638 24 0 -0.6 -10
470374 1.01118 12 0 -0.6 -0.45
470030 1.04619 9 45 0.8 0.3
470021 1.07742 6 62.5 0.6 0
468358 1.03861 9 55 -0.6 -0.45
467885 1.04618 12 65 -0.6 0
467697 1.0183 18 55 1 -10
467697 1.0183 24 55 1 -10
467218 1.04536 6 0 -1 -0.45
466898 1.03341 9 65 1.4 0.15
466883 1.02262 9 55 0.6 -0.45
465686 1.08396 12 45 -0.4 0.3
465313 1.02193 9 55 1 -0.15
464723 1.01976 12 45 -0.8 -0.45
464561 1.17567 9 75 1 0.45
464412 1.02389 9 60 1 -0.45
463944 1.0336 9 67.5 0.6 -0.3
463944 1.0336 9 67.5 0.6 -0.15
463863 1.03127 9 67.5 1 -0.45
463863 1.03127 9 67.5 1 -10
463858 1.04271 6 45 -0.8 -10
463829 1.0404 9 60 -0.6 -10
463607 1.02656 100 0 -0.2 0
463607 1.02656 48 0 -0.2 0
463607 1.02656 60 0 -0.2 0
463607 1.02656 36 0 -0.2 0
463357 1.04604 12 55 -1 -0.3
463212 1.01706 24 55 10 -10
462639 1.04971 6 45 -0.8 -0.45
462122 1.01697 18 50 -0.2 -10
462012 1.01817 12 45 -0.8 -10
461705 1.16582 12 55 -0.6 0.45
461705 1.16582 12 65 -0.6 0.45
461203 1.05607 6 57.5 0.6 0
461061 1.02998 12 0 -0.2 0
460911 1.0918 24 85 10 0.6
460911 1.0918 36 85 10 0.6
460911 1.0918 100 85 10 0.6
460911 1.0918 18 85 10 0.6
460911 1.0918 60 85 10 0.6
460911 1.0918 48 85 10 0.6
460729 1.03946 9 55 1 0.3
460528 1.03206 9 67.5 1 0
460343 1.19672 6 45 -0.8 0
460002 1.04366 12 77.5 10 -10
459954 1.02825 18 50 -0.2 0
459954 1.02825 24 50 -0.2 0
459160 1.0242 12 45 -1.2 -10
458682 1.039 9 55 -0.6 -0.3
458509 1.1508 9 45 0.8 0.45
457984 1.14491 9 72.5 -0.6 0.15
457930 1.06441 12 55 -0.6 0.15
457338 1.02262 9 55 0.6 -0.3
457333 1.02477 9 60 0.6 -10
457209 1.26953 48 85 10 0.9
457209 1.26953 60 85 10 0.9
457209 1.26953 100 85 10 0.9
457209 1.26953 24 85 10 0.9
457209 1.26953 36 85 10 0.9
457209 1.26953 18 85 10 0.9
456654 1.25971 9 70 -0.6 0.3
456644 1.04347 12 77.5 10 0
455875 1.04591 12 77.5 10 0.15
454815 1.02392 9 60 1 -0.3
454795 1.05084 6 55 0.6 0
454778 1.05948 9 75 1 0.15
454742 1.04575 12 65 1.4 0.45
454461 1.03988 9 60 -0.6 -0.45
454264 1.03146 9 67.5 1 -0.3
454264 1.03146 9 67.5 1 -0.15
454252 1.01688 18 55 10 -10
454002 1.03909 9 0 1 0.3
453889 1.03555 9 70 10 0
453726 1.0166 24 50 -0.2 -10
453199 1.10863 9 0 1 0.45
453183 1.04391 12 55 -0.6 0
453157 1.04283 9 72.5 1.4 0
452800 1.02657 24 0 -0.2 0
452800 1.02657 18 0 -0.2 0
452168 1.01184 6 0 10 -0.3
452122 1.0245 12 65 1.4 0
452051 1.01955 6 45 10 -0.3
451949 1.0242 9 60 1 -0.15
451913 1.14479 12 80 -1 0.15
451813 1.0167 36 55 10 -10
451813 1.0167 100 55 10 -10
451813 1.0167 60 55 10 -10
451813 1.0167 48 55 10 -10
451668 1.2581 9 72.5 -0.6 0.3
451601 1.1938 6 60 -0.6 0
451539 1.06431 9 72.5 1 0.3
451060 1.01916 12 55 1 -10
451050 1.01758 12 55 10 -10
450967 1.16265 9 75 -0.6 0.15
450631 1.01614 6 45 10 -10
450417 1.31268 9 75 -0.6 0.3
450390 1.19719 12 75 -0.6 0.45
450092 1.02059 6 45 0.8 -0.3
450013 1.40541 9 72.5 1.4 0.6
450013 1.40541 9 70 1.4 0.6
450013 1.40541 9 75 1.4 0.6
449840 1.04265 9 72.5 1.4 -0.3
449840 1.04265 9 72.5 1.4 -10
449840 1.04265 9 72.5 1.4 -0.15
449840 1.04265 9 72.5 1.4 -0.45
449565 1.05642 9 70 1.4 0.3
449479 1.04982 9 65 0.6 0.3
449192 1.06798 9 70 -0.6 -10
448869 1.04793 12 45 -0.8 0
448664 1.0738 9 70 -0.6 -0.3
448518 1.01681 6 45 0.8 -10
448497 1.02213 9 45 -0.4 -0.3
448381 1.02268 9 55 0.6 -0.15
448380 1.2224 6 62.5 -0.6 0
448039 1.02445 9 60 0.6 -0.45
447929 1.08833 9 72.5 -0.6 0
447927 1.03982 9 45 -0.4 0
447886 1.1521 24 45 10 0.9
447886 1.1521 24 57.5 10 0.9
447886 1.1521 36 0 10 0.9
447886 1.1521 24 50 10 0.9
447886 1.1521 60 0 10 0.9
447886 1.1521 48 50 10 0.9
447886 1.1521 100 57.5 10 0.9
447886 1.1521 48 0 10 0.9
447886 1.1521 36 45 10 0.9
447886 1.1521 60 50 10 0.9
447886 1.1521 60 45 10 0.9
447886 1.1521 24 55 10 0.9
447886 1.1521 100 50 10 0.9
447886 1.1521 60 57.5 10 0.9
447886 1.1521 36 57.5 10 0.9
447886 1.1521 24 0 10 0.9
447886 1.1521 36 50 10 0.9
447886 1.1521 100 45 10 0.9
447886 1.1521 48 45 10 0.9
447886 1.1521 60 55 10 0.9
447886 1.1521 100 0 10 0.9
447886 1.1521 36 55 10 0.9
447886 1.1521 100 55 10 0.9
447886 1.1521 48 55 10 0.9
447886 1.1521 48 57.5 10 0.9
446995 1.02368 36 65 1 -0.45
446995 1.02368 100 65 1 -10
446995 1.02368 60 65 1 -0.45
446995 1.02368 48 65 1 -0.45
446995 1.02368 48 65 1 -10
446995 1.02368 36 65 1 -10
446995 1.02368 24 65 1 -0.45
446995 1.02368 24 65 1 -10
446995 1.02368 60 65 1 -10
446995 1.02368 18 65 1 -0.45
446995 1.02368 18 65 1 -10
446995 1.02368 100 65 1 -0.45
446610 1.05957 12 65 10 0.6
446594 1.40287 9 67.5 1.4 0.6
446594 1.40287 9 65 1.4 0.6
445943 1.04035 9 55 -0.6 -0.15
445764 1.02658 9 45 -0.4 -0.15
445373 1.07185 9 75 1 0.3
445349 1.0414 12 0 -1 -0.15
445079 1.04035 9 60 -0.6 -0.3
444729 1.02908 12 0 -1 -0.3
444271 1.06963 12 80 1 0.3
444136 1.15148 100 65 10 0.9
444136 1.15148 60 65 10 0.9
444136 1.15148 36 65 10 0.9
444136 1.15148 48 65 10 0.9
444136 1.15148 24 65 10 0.9
444028 1.05464 9 75 1 -0.3
444028 1.05464 9 75 1 -10
443380 1.08773 9 72.5 -0.6 -0.3
443380 1.08773 9 72.5 -0.6 -10
443059 1.05459 9 67.5 0.6 0.3
442162 1.29343 18 45 -1.2 0.6
442162 1.29343 60 45 -1.2 0.6
442162 1.29343 100 45 -1.2 0.6
442162 1.29343 36 45 -1.2 0.6
442162 1.29343 48 45 -1.2 0.6
442162 1.29343 24 45 -1.2 0.6
442101 1.04599 12 55 -1 -0.15
440935 1.03997 12 75 0.6 0.15
440871 1.05439 9 75 1 0
440548 1.15083 24 62.5 10 0.9
440548 1.15083 100 60 10 0.9
440548 1.15083 36 60 10 0.9
440548 1.15083 60 62.5 10 0.9
440548 1.15083 24 60 10 0.9
440548 1.15083 60 60 10 0.9
440548 1.15083 48 62.5 10 0.9
440548 1.15083 48 60 10 0.9
440548 1.15083 36 62.5 10 0.9
440548 1.15083 100 62.5 10 0.9
440361 1.02857 9 65 1.4 0
440077 1.04479 12 75 0.6 0.3
439580 1.05001 12 80 10 -10
439580 1.05001 12 80 10 0
439202 1.15075 18 50 10 0.9
439202 1.15075 18 57.5 10 0.9
439202 1.15075 18 0 10 0.9
439202 1.15075 18 55 10 0.9
439202 1.15075 18 45 10 0.9
439027 1.04547 9 55 0.6 0.3
438787 1.02449 9 60 0.6 -0.3
438606 1.04214 9 60 -0.6 -0.15
438391 1.12986 12 80 -1 -0.3
438391 1.12986 12 80 -1 0
438391 1.12986 12 80 -1 -10
438201 1.07876 9 70 -0.6 0
438173 1.17069 6 55 -0.6 0
438173 1.17069 6 57.5 -0.6 0
437743 1.02371 36 65 1 -0.15
437743 1.02371 48 65 1 -0.15
437743 1.02371 36 65 1 -0.3
437743 1.02371 18 65 1 -0.15
437743 1.02371 100 65 1 -0.3
437743 1.02371 48 65 1 -0.3
437743 1.02371 100 65 1 -0.15
437743 1.02371 18 65 1 -0.3
437743 1.02371 24 65 1 -0.15
437743 1.02371 24 65 1 -0.3
437743 1.02371 60 65 1 -0.3
437743 1.02371 60 65 1 -0.15
437641 1.05508 12 80 10 0.15
437539 1.66202 9 45 0.8 0.6
437437 1.01532 9 0 1 0
437373 1.06952 12 75 0.6 0.45
437037 1.05112 24 50 10 0.6
437037 1.05112 24 45 10 0.6
437037 1.05112 24 0 10 0.6
436252 1.12216 9 75 1.4 0.45
436050 1.02478 9 60 0.6 -0.15
436003 1.04348 9 65 1 0.3
435736 1.03812 9 60 1 0.3
435542 1.10564 9 67.5 1.4 0.45
435533 1.15012 18 65 10 0.9
435137 1.05036 9 0 -0.2 0.15
435069 1.04519 9 60 0.6 0.3
434782 1.02851 9 0 -0.6 -0.15
434364 1.02215 9 60 1.4 -10
434281 1.06335 12 75 1 0.45
434179 1.03371 9 67.5 1.4 0.15
434096 1.02822 9 45 0.8 0.15
433947 1.05094 100 0 10 0.6
433947 1.05094 100 50 10 0.6
433947 1.05094 100 45 10 0.6
433947 1.05094 60 0 10 0.6
433947 1.05094 36 0 10 0.6
433947 1.05094 60 45 10 0.6
433947 1.05094 60 50 10 0.6
433947 1.05094 48 50 10 0.6
433947 1.05094 48 0 10 0.6
433947 1.05094 48 45 10 0.6
433947 1.05094 36 45 10 0.6
433947 1.05094 36 50 10 0.6
433826 1.05017 12 77.5 10 0.3
433547 1.02653 9 0 1 0.15
433297 1.03073 12 65 1.4 0.3
432578 1.02863 9 67.5 1.4 -10
432416 1.06265 48 85 10 -10
432416 1.06265 100 85 10 -10
432416 1.06265 18 85 10 -10
432416 1.06265 100 85 10 0
432416 1.06265 48 85 10 0
432416 1.06265 24 85 10 0
432416 1.06265 36 85 10 0
432416 1.06265 18 85 10 0
432416 1.06265 60 85 10 -10
432416 1.06265 36 85 10 -10
432416 1.06265 24 85 10 -10
432416 1.06265 60 85 10 0
432017 1.14948 18 60 10 0.9
432017 1.14948 18 62.5 10 0.9
431867 1.16335 36 75 10 0.9
431867 1.16335 60 75 10 0.9
431867 1.16335 24 75 10 0.9
431867 1.16335 48 75 10 0.9
431867 1.16335 18 75 10 0.9
431867 1.16335 100 75 10 0.9
431505 1.08094 100 0 10 0.75
431505 1.08094 24 45 10 0.75
431505 1.08094 48 50 10 0.75
431505 1.08094 36 50 10 0.75
431505 1.08094 36 45 10 0.75
431505 1.08094 100 55 10 0.75
431505 1.08094 60 55 10 0.75
431505 1.08094 24 0 10 0.75
431505 1.08094 36 55 10 0.75
431505 1.08094 100 45 10 0.75
431505 1.08094 48 45 10 0.75
431505 1.08094 60 50 10 0.75
431505 1.08094 48 0 10 0.75
431505 1.08094 36 0 10 0.75
431505 1.08094 100 50 10 0.75
431505 1.08094 60 45 10 0.75
431505 1.08094 48 55 10 0.75
431505 1.08094 24 55 10 0.75
431505 1.08094 60 0 10 0.75
431505 1.08094 24 50 10 0.75
431214 1.05482 12 75 1.4 0.45
430756 1.03142 9 45 -0.8 -0.3
430438 1.05891 12 65 0.6 0.45
430048 1.09902 9 65 1.4 0.45
429728 1.05322 12 45 0.8 0.45
429421 1.07777 9 0 -0.2 0.3
429402 1.0295 9 67.5 1.4 0
429305 1.07159 48 85 10 0.3
429305 1.07159 60 85 10 0.3
429305 1.07159 24 85 10 0.3
429305 1.07159 36 85 10 0.3
429305 1.07159 100 85 10 0.3
429305 1.07159 18 85 10 0.3
428701 1.03636 12 75 1 0.15
428523 1.05063 18 0 10 0.6
428523 1.05063 18 50 10 0.6
428523 1.05063 18 45 10 0.6
428454 1.05053 24 55 10 0.6
427999 1.02667 9 55 1.4 0.15
427972 1.04041 12 75 1 0.3
427590 1.08055 100 57.5 10 0.75
427590 1.08055 36 57.5 10 0.75
427590 1.08055 60 57.5 10 0.75
427590 1.08055 24 57.5 10 0.75
427590 1.08055 48 57.5 10 0.75
426805 1.03589 9 55 1.4 0.3
426551 1.03628 12 75 0.6 -10
426171 1.02375 12 55 1 0.15
426170 1.02136 12 55 10 0.15
426015 1.0264 12 55 10 0.3
425801 1.18752 6 45 -1.2 -0.15
425681 1.03043 12 55 1 0.3
425430 1.05035 48 55 10 0.6
425430 1.05035 60 55 10 0.6
425430 1.05035 100 55 10 0.6
425430 1.05035 36 55 10 0.6
424737 1.01783 24 57.5 10 -10
424566 1.05027 24 57.5 10 0.6
424404 1.01536 9 45 -0.4 -10
424002 1.08026 36 65 10 0.75
424002 1.08026 24 65 10 0.75
424002 1.08026 100 65 10 0.75
424002 1.08026 60 65 10 0.75
424002 1.08026 48 65 10 0.75
423774 1.03824 9 72.5 10 0
423477 1.03611 12 75 0.6 0
423113 1.0802 18 50 10 0.75
423113 1.0802 18 55 10 0.75
423113 1.0802 18 45 10 0.75
423113 1.0802 18 0 10 0.75
422647 1.0465 9 67.5 1 0.3
422594 1.01629 9 45 -0.4 -0.45
422357 1.02017 100 65 10 -10
422357 1.02017 36 65 10 -10
422357 1.02017 24 65 10 -10
422357 1.02017 60 65 10 -10
422357 1.02017 48 65 10 -10
421749 1.08697 12 55 -0.6 0.3
421749 1.08697 12 65 -0.6 0.3
421749 1.08697 12 0 -0.6 0.3
421569 1.05009 60 57.5 10 0.6
421569 1.05009 36 57.5 10 0.6
421569 1.05009 100 57.5 10 0.6
421569 1.05009 48 57.5 10 0.6
420761 1.03807 9 72.5 10 -10
420643 1.08317 9 55 1.4 0.45
420578 1.07991 48 62.5 10 0.75
420578 1.07991 36 62.5 10 0.75
420578 1.07991 60 62.5 10 0.75
420578 1.07991 24 62.5 10 0.75
420578 1.07991 24 60 10 0.75
420578 1.07991 60 60 10 0.75
420578 1.07991 100 62.5 10 0.75
420578 1.07991 48 60 10 0.75
420578 1.07991 36 60 10 0.75
420578 1.07991 100 60 10 0.75
420115 1.05004 18 55 10 0.6
419691 1.0091 6 0 1 -10
419275 1.07981 18 57.5 10 0.75
419071 1.09199 9 70 10 0.45
418864 1.11473 100 85 10 0.75
418864 1.11473 60 85 10 0.75
418864 1.11473 36 85 10 0.75
418864 1.11473 18 85 10 0.75
418864 1.11473 24 85 10 0.75
418864 1.11473 48 85 10 0.75
418427 1.01893 100 57.5 1 -10
418427 1.01893 60 57.5 1 -10
418427 1.01893 18 57.5 1 -10
418427 1.01893 48 57.5 1 -10
418427 1.01893 24 57.5 1 -10
418427 1.01893 36 57.5 1 -10
418188 1.03515 12 0 10 0.45
418188 1.03515 12 45 10 0.45
417640 1.04915 9 70 10 0.3
417608 1.04979 24 60 10 0.6
417513 1.53551 6 45 -1.2 0
417477 1.03583 12 55 10 0.45
416909 1.05577 9 72.5 1.4 0.3
416726 1.00647 9 0 1 -0.3
416612 1.01763 18 57.5 10 -10
416435 1.05155 9 75 1.4 0.15
416343 1.00985 12 0 -1 -10
416304 1.04977 18 57.5 10 0.6
415763 1.07952 18 65 10 0.75
414779 1.03316 12 75 1 -10
414665 1.04961 60 60 10 0.6
414665 1.04961 36 60 10 0.6
414665 1.04961 100 60 10 0.6
414665 1.04961 48 60 10 0.6
414172 1.01995 18 65 10 -10
413395 1.0126 48 0 1 0
413395 1.0126 60 0 1 0
413395 1.0126 100 0 1 0
413395 1.0126 36 0 1 0
413155 1.06161 12 80 10 0.3
413097 1.02053 12 65 10 -10
413083 1.01152 9 0 -0.2 -0.3
412627 1.05067 9 65 -0.6 -10
412627 1.05067 9 65 -0.6 -0.45
412407 1.07917 18 62.5 10 0.75
412407 1.07917 18 60 10 0.75
412042 1.01591 12 0 -1 -0.45
411764 1.03299 12 75 1 0
410366 1.09065 9 72.5 10 0.45
409851 1.01918 60 60 1 -10
409851 1.01918 36 60 1 -10
409851 1.01918 24 60 1 -10
409851 1.01918 48 60 1 -10
409851 1.01918 18 60 1 -10
409851 1.01918 100 60 1 -10
409490 1.04929 18 60 10 0.6
408669 1.02264 12 65 10 0.15
408527 1.01762 24 60 10 -10
408239 1.08162 9 60 1.4 0.45
407850 1.01306 12 0 1 0
407733 1.06114 9 75 1.4 0.3
407619 1.0597 9 45 -1.2 -0.15
407392 1.02088 100 62.5 1 -10
407392 1.02088 24 62.5 1 -10
407392 1.02088 60 62.5 1 -10
407392 1.02088 36 62.5 1 -10
407392 1.02088 48 62.5 1 -10
407392 1.02088 18 62.5 1 -10
407167 1.02774 9 60 1.4 0.15
406960 1.62666 9 70 1 0.6
406960 1.62666 9 65 1 0.6
406960 1.62666 9 67.5 1 0.6
406960 1.62666 9 72.5 1 0.6
406960 1.62666 9 75 1 0.6
406905 1.10661 100 75 1 0.75
406905 1.10661 36 75 1 0.75
406905 1.10661 60 75 1 0.75
406905 1.10661 24 75 1 0.75
406905 1.10661 48 75 1 0.75
406905 1.10661 18 75 1 0.75
406888 1.1009 18 60 1 0.75
406888 1.1009 60 57.5 1 0.75
406888 1.1009 60 60 1 0.75
406888 1.1009 48 55 1 0.75
406888 1.1009 48 57.5 1 0.75
406888 1.1009 36 62.5 1 0.75
406888 1.1009 24 60 1 0.75
406888 1.1009 18 50 1 0.75
406888 1.1009 36 55 1 0.75
406888 1.1009 60 55 1 0.75
406888 1.1009 100 57.5 1 0.75
406888 1.1009 60 50 1 0.75
406888 1.1009 60 62.5 1 0.75
406888 1.1009 24 62.5 1 0.75
406888 1.1009 36 60 1 0.75
406888 1.1009 18 55 1 0.75
406888 1.1009 18 57.5 1 0.75
406888 1.1009 48 50 1 0.75
406888 1.1009 100 60 1 0.75
406888 1.1009 36 50 1 0.75
406888 1.1009 18 62.5 1 0.75
406888 1.1009 24 50 1 0.75
406888 1.1009 100 55 1 0.75
406888 1.1009 48 60 1 0.75
406888 1.1009 24 57.5 1 0.75
406888 1.1009 48 62.5 1 0.75
406888 1.1009 100 50 1 0.75
406888 1.1009 24 55 1 0.75
406888 1.1009 36 57.5 1 0.75
406888 1.1009 100 62.5 1 0.75
406673 1.04764 9 75 1.4 -10
406231 1.02236 9 55 1 0
405653 1.01755 48 60 10 -10
405653 1.01755 36 60 10 -10
405653 1.01755 60 60 10 -10
405653 1.01755 100 60 10 -10
405018 1.02943 12 0 1 0.3
404741 1.01734 60 57.5 10 -10
404741 1.01734 36 57.5 10 -10
404741 1.01734 48 57.5 10 -10
404741 1.01734 100 57.5 10 -10
404381 1.02412 9 60 1 0
404176 1.05167 9 65 -0.6 -0.15
404176 1.05167 9 65 -0.6 -0.3
403763 1.01249 24 0 1 0
403763 1.01249 18 0 1 0
403715 1.03461 9 60 1.4 0.3
403673 1.04742 9 75 1.4 0
403574 1.00542 60 0 1 -0.3
403574 1.00542 100 0 1 -0.3
403574 1.00542 36 0 1 -0.3
403574 1.00542 48 0 1 -0.3
403331 1.04871 36 62.5 10 0.6
403331 1.04871 100 62.5 10 0.6
403331 1.04871 48 62.5 10 0.6
403331 1.04871 24 62.5 10 0.6
403331 1.04871 60 62.5 10 0.6
403217 1.09602 9 75 10 0.45
403070 1.02522 9 65 10 -10
403055 1.08751 12 75 -0.6 0.3
402967 1.05101 9 0 -1 -0.15
402864 1.02881 9 65 10 0.15
402857 1.03686 9 0 -1 -0.3
402584 1.01872 9 55 1.4 -10
402369 1.04839 9 0 -0.6 0
402185 1.0598 60 75 10 0.6
402185 1.0598 48 75 10 0.6
402185 1.0598 24 75 10 0.6
402185 1.0598 18 75 10 0.6
402185 1.0598 36 75 10 0.6
402185 1.0598 100 75 10 0.6
401755 1.04197 9 72.5 10 0.15
400971 1.02812 36 55 1 0.3
400971 1.02812 60 55 1 0.3
400971 1.02812 24 55 1 0.3
400971 1.02812 100 55 1 0.3
400971 1.02812 48 55 1 0.3
400971 1.02812 18 55 1 0.3
400674 1.01742 18 60 10 -10
400002 1.46573 9 60 1 0.6
400002 1.46573 9 0 1 0.6
400002 1.46573 9 55 1 0.6
399582 1.11619 9 75 -0.6 -10
399582 1.11619 9 75 -0.6 -0.3
399442 1.03892 9 65 1.4 0.3
398968 1.00831 9 0 -0.6 -10
398620 1.02497 24 55 10 0.3
398289 1.05625 9 67.5 -0.6 0
397981 1.11589 9 75 -0.6 0
397633 1.0365 9 45 -0.8 -0.15
397454 1.06965 36 75 1 0.6
397454 1.06965 100 75 1 0.6
397454 1.06965 18 75 1 0.6
397454 1.06965 24 75 1 0.6
397454 1.06965 48 75 1 0.6
397454 1.06965 60 75 1 0.6
397304 1.00832 6 0 10 -10
396933 1.04978 36 65 10 0.6
396933 1.04978 24 65 10 0.6
396933 1.04978 48 65 10 0.6
396933 1.04978 60 65 10 0.6
396933 1.04978 100 65 10 0.6
396496 1.09202 12 45 -1.2 0.15
396108 1.0901 48 75 10 0.75
396108 1.0901 18 75 10 0.75
396108 1.0901 36 75 10 0.75
396108 1.0901 100 75 10 0.75
396108 1.0901 24 75 10 0.75
396108 1.0901 60 75 10 0.75
395628 1.04822 18 62.5 10 0.6
394945 1.05481 9 65 -0.6 0
394188 1.04186 9 67.5 1.4 0.3
394153 1.00535 18 0 1 -0.3
394153 1.00535 24 0 1 -0.3
394050 1.05163 12 0 -1 0
393552 1.11784 12 55 -1 0.3
393552 1.11784 12 0 -1 0.3
392915 1.07208 12 75 -0.6 0.15
392854 1.31582 9 55 1.4 0.6
392854 1.31582 9 60 1.4 0.6
392744 1.02324 9 55 0.6 0
392614 1.01768 9 55 10 -10
391533 1.05139 12 55 -1 0
391469 1.02481 9 60 0.6 0
391374 1.03222 9 0 -0.2 0
391197 1.079 9 67.5 10 0.45
391194 1.05054 9 67.5 -0.6 -10
391194 1.05054 9 67.5 -0.6 -0.45
391165 1.10857 12 45 -0.8 0.3
390975 1.0247 18 55 10 0.3
390899 1.03572 12 65 10 0.45
390742 1.06352 36 62.5 1 0.6
390742 1.06352 48 0 1 0.6
390742 1.06352 100 55 1 0.6
390742 1.06352 48 60 1 0.6
390742 1.06352 48 55 1 0.6
390742 1.06352 18 0 1 0.6
390742 1.06352 100 60 1 0.6
390742 1.06352 60 62.5 1 0.6
390742 1.06352 36 57.5 1 0.6
390742 1.06352 36 0 1 0.6
390742 1.06352 36 55 1 0.6
390742 1.06352 60 57.5 1 0.6
390742 1.06352 48 57.5 1 0.6
390742 1.06352 100 57.5 1 0.6
390742 1.06352 60 55 1 0.6
390742 1.06352 100 62.5 1 0.6
390742 1.06352 18 62.5 1 0.6
390742 1.06352 48 62.5 1 0.6
390742 1.06352 18 55 1 0.6
390742 1.06352 48 50 1 0.6
390742 1.06352 24 0 1 0.6
390742 1.06352 18 50 1 0.6
390742 1.06352 18 57.5 1 0.6
390742 1.06352 24 57.5 1 0.6
390742 1.06352 60 50 1 0.6
390742 1.06352 24 60 1 0.6
390742 1.06352 100 50 1 0.6
390742 1.06352 100 0 1 0.6
390742 1.06352 24 62.5 1 0.6
390742 1.06352 24 55 1 0.6
390742 1.06352 24 50 1 0.6
390742 1.06352 18 60 1 0.6
390742 1.06352 60 60 1 0.6
390742 1.06352 36 60 1 0.6
390742 1.06352 60 0 1 0.6
390742 1.06352 36 50 1 0.6
389770 1.04853 9 72.5 10 0.3
389394 1.04927 18 65 10 0.6
389131 1.04996 9 60 -0.6 0
388922 1.02261 24 65 1 0
388922 1.02261 100 65 1 0
388922 1.02261 36 65 1 0
388922 1.02261 48 65 1 0
388922 1.02261 60 65 1 0
388922 1.02261 18 65 1 0
388434 1.04989 9 55 -0.6 0
388364 1.0245 24 57.5 10 0.3
387336 1.03256 12 75 1.4 0.15
386501 1.03603 12 75 1.4 0.3
386031 1.01804 9 45 0.8 0
385807 1.01874 9 45 -0.8 -10
385573 1.02015 12 65 10 0
385137 1.00733 36 0 1 -0.15
385137 1.00733 60 0 1 -0.15
385137 1.00733 100 0 1 -0.15
385137 1.00733 48 0 1 -0.15
385097 1.01177 9 0 -1 -10
384819 1.068 18 65 1 0.6
384819 1.068 48 65 1 0.6
384819 1.068 100 65 1 0.6
384819 1.068 24 65 1 0.6
384819 1.068 36 65 1 0.6
384819 1.068 60 65 1 0.6
384715 1.04477 9 75 10 0.15
384483 1.04461 9 45 -1.2 -0.3
384400 1.06024 9 45 -0.8 0
384165 1.02025 9 45 -0.8 -0.45
383789 1.12331 9 45 -0.4 0.3
383546 1.03033 9 45 -1.2 -0.45
383464 1.04536 12 55 1 0.45
383464 1.04536 12 0 1 0.45
383088 1.05157 9 67.5 -0.6 -0.15
383088 1.05157 9 67.5 -0.6 -0.3
382502 1.07444 9 65 10 0.45
381618 1.02716 60 0 1 0.3
381618 1.02716 24 50 1 0.3
381618 1.02716 48 50 1 0.3
381618 1.02716 24 0 1 0.3
381618 1.02716 48 0 1 0.3
381618 1.02716 36 50 1 0.3
381618 1.02716 18 0 1 0.3
381618 1.02716 100 0 1 0.3
381618 1.02716 18 50 1 0.3
381618 1.02716 60 50 1 0.3
381618 1.02716 36 0 1 0.3
381618 1.02716 100 50 1 0.3
381127 1.02719 36 57.5 1 0.3
381127 1.02719 100 57.5 1 0.3
381127 1.02719 60 57.5 1 0.3
381127 1.02719 18 57.5 1 0.3
381127 1.02719 48 57.5 1 0.3
381127 1.02719 24 57.5 1 0.3
380899 1.02423 18 57.5 10 0.3
380818 1.16658 9 65 -0.6 0.3
380818 1.16658 9 60 -0.6 0.3
380818 1.16658 9 67.5 -0.6 0.3
380818 1.16658 9 0 -0.6 0.3
380818 1.16658 9 55 -0.6 0.3
380181 1.0097 12 0 10 0
379775 1.02431 36 55 10 0.3
379775 1.02431 60 55 10 0.3
379775 1.02431 48 55 10 0.3
379775 1.02431 100 55 10 0.3
378951 1.04722 12 75 10 0.45
378725 1.01778 48 62.5 10 -10
378725 1.01778 24 62.5 10 -10
378725 1.01778 60 62.5 10 -10
378725 1.01778 100 62.5 10 -10
378725 1.01778 36 62.5 10 -10
378222 1.02901 9 67.5 10 0.15
377589 1.02702 100 60 1 0.3
377589 1.02702 60 60 1 0.3
377589 1.02702 48 60 1 0.3
377589 1.02702 24 60 1 0.3
377589 1.02702 18 60 1 0.3
377589 1.02702 36 60 1 0.3
377254 1.00484 12 0 -0.2 -10
377150 1.02318 12 0 10 0.3
377044 1.0522 9 75 10 0.3
376808 1.02924 9 55 10 0.3
376287 1.00723 18 0 1 -0.15
376287 1.00723 24 0 1 -0.15
376178 1.02494 9 65 10 0
375648 1.04156 9 75 10 -10
374708 1.02974 12 75 1.4 -10
374595 1.02018 12 0 1 0.15
374333 1.02911 36 45 0.8 0.3
374333 1.02911 18 45 0.8 0.3
374333 1.02911 48 45 0.8 0.3
374333 1.02911 24 45 0.8 0.3
374333 1.02911 100 45 0.8 0.3
374333 1.02911 60 45 0.8 0.3
373152 1.04136 9 75 10 0
373111 1.02384 24 60 10 0.3
373003 1.02511 9 67.5 10 -10
372992 1.01802 100 55 1 0
372992 1.01802 48 55 1 0
372992 1.01802 60 55 1 0
372992 1.01802 36 55 1 0
372027 1.02958 12 75 1.4 0
371706 1.01719 12 55 10 0
371697 1.02241 9 55 10 0.15
371620 1.01894 12 55 1 0
371389 1.01757 18 62.5 10 -10
371124 1.05936 9 55 10 0.45
370628 1.02374 36 60 10 0.3
370628 1.02374 48 60 10 0.3
370628 1.02374 60 60 10 0.3
370628 1.02374 100 60 10 0.3
370623 1.02191 9 60 1.4 0
370286 1.02581 9 67.5 10 0
369943 1.02817 100 65 1 0.3
369943 1.02817 24 65 1 0.3
369943 1.02817 60 65 1 0.3
369943 1.02817 18 65 1 0.3
369943 1.02817 36 65 1 0.3
369943 1.02817 48 65 1 0.3
369935 1.02384 60 57.5 10 0.3
369935 1.02384 36 57.5 10 0.3
369935 1.02384 100 57.5 10 0.3
369935 1.02384 48 57.5 10 0.3
367626 1.02454 12 65 10 0.3
367564 1.01927 9 60 10 -10
367450 1.01906 36 65 10 0
367450 1.01906 24 65 10 0
367450 1.01906 60 65 10 0
367450 1.01906 100 65 10 0
367450 1.01906 48 65 10 0
366187 1.00917 18 0 10 0
366142 1.02604 9 45 -1.2 -10
366064 1.05683 9 0 10 0.45
366064 1.05683 9 45 10 0.45
366009 1.01734 9 0 -1 -0.45
365975 1.02357 18 60 10 0.3
365474 1.02268 12 45 10 0.3
364430 1.01792 24 55 1 0
364430 1.01792 18 55 1 0
363025 1.06325 9 60 10 0.45
362939 1.02273 24 50 10 0.3
361162 1.0174 24 57.5 10 0
361114 1.01053 9 0 -0.6 -0.45
360741 1.01652 24 55 10 0
360320 1.01883 18 65 10 0
359070 1.02939 9 60 10 0.3
358914 1.06057 12 75 -0.6 -10
358550 1.09074 9 45 -1.2 0
357925 1.00902 24 0 10 0
356437 1.06022 12 75 -0.6 0
355874 1.02246 18 50 10 0.3
355789 1.01861 48 57.5 1 0
355789 1.01861 18 57.5 1 0
355789 1.01861 60 57.5 1 0
355789 1.01861 36 57.5 1 0
355789 1.01861 24 57.5 1 0
355789 1.01861 100 57.5 1 0
355392 1.03266 9 65 10 0.3
355379 1.02602 9 0 10 0.3
355379 1.02602 9 45 10 0.3
354307 1.40237 9 0 -1 0.3
354242 1.0089 9 45 0.8 -10
354211 1.01718 18 57.5 10 0
354103 1.03506 9 67.5 10 0.3
353817 1.0265 60 62.5 1 0.3
353817 1.0265 100 62.5 1 0.3
353817 1.0265 48 62.5 1 0.3
353817 1.0265 24 62.5 1 0.3
353817 1.0265 36 62.5 1 0.3
353817 1.0265 18 62.5 1 0.3
353768 1.01631 18 55 10 0
352603 1.01874 24 60 1 0
352603 1.01874 36 60 1 0
352603 1.01874 100 60 1 0
352603 1.01874 60 60 1 0
352603 1.01874 48 60 1 0
352603 1.01874 18 60 1 0
351740 1.01613 100 55 10 0
351740 1.01613 36 55 10 0
351740 1.01613 48 55 10 0
351740 1.01613 60 55 10 0
351712 1.02026 24 62.5 1 0
351712 1.02026 36 62.5 1 0
351712 1.02026 18 62.5 1 0
351712 1.02026 60 62.5 1 0
351712 1.02026 48 62.5 1 0
351712 1.02026 100 62.5 1 0
351479 1.01708 24 60 10 0
349216 1.04158 60 45 0.8 0.45
349216 1.04158 100 45 0.8 0.45
349216 1.04158 18 45 0.8 0.45
349216 1.04158 24 45 0.8 0.45
349216 1.04158 48 45 0.8 0.45
349216 1.04158 36 45 0.8 0.45
349030 1.017 60 60 10 0
349030 1.017 36 60 10 0
349030 1.017 100 60 10 0
349030 1.017 48 60 10 0
347609 1.023 24 65 10 0.3
347609 1.023 48 65 10 0.3
347609 1.023 100 65 10 0.3
347609 1.023 60 65 10 0.3
347609 1.023 36 65 10 0.3
347361 1.01516 12 0 10 0.15
346903 1.02358 9 60 10 0.15
345797 1.02156 24 0 10 0.3
345732 1.02208 60 50 10 0.3
345732 1.02208 36 50 10 0.3
345732 1.02208 48 50 10 0.3
345732 1.02208 100 50 10 0.3
344708 1.01686 18 60 10 0
344165 1.01687 36 57.5 10 0
344165 1.01687 60 57.5 10 0
344165 1.01687 100 57.5 10 0
344165 1.01687 48 57.5 10 0
341212 1.0214 18 0 10 0.3
340953 1.02273 18 65 10 0.3
340922 1.00866 60 0 10 0
340922 1.00866 36 0 10 0
340922 1.00866 48 0 10 0
340922 1.00866 100 0 10 0
340579 1.01952 12 45 0.8 0.15
340281 1.02836 12 75 10 0.15
340151 1.02129 24 45 10 0.3
339794 1.03126 12 75 10 0.3
339169 1.00401 18 0 -0.2 -10
335572 1.02112 18 45 10 0.3
335424 1.0039 36 0 -0.2 -10
335424 1.0039 48 0 -0.2 -10
335424 1.0039 100 0 -0.2 -10
335424 1.0039 60 0 -0.2 -10
333509 1.20286 6 0 -1 0
332309 1.01853 9 55 1.4 0
331502 1.02182 24 62.5 10 0.3
331502 1.02182 36 62.5 10 0.3
331502 1.02182 60 62.5 10 0.3
331502 1.02182 48 62.5 10 0.3
331502 1.02182 100 62.5 10 0.3
329618 1.00535 9 0 -0.2 -10
329414 1.0259 12 75 10 -10
329380 1.02093 60 0 10 0.3
329380 1.02093 48 0 10 0.3
329380 1.02093 100 0 10 0.3
329380 1.02093 36 0 10 0.3
328071 1.0102 9 0 10 0
327025 1.02576 12 75 10 0
326901 1.01699 100 62.5 10 0
326901 1.01699 24 62.5 10 0
326901 1.01699 36 62.5 10 0
326901 1.01699 60 62.5 10 0
326901 1.01699 48 62.5 10 0
326221 1.01826 60 45 0.8 0.15
326221 1.01826 100 45 0.8 0.15
326221 1.01826 48 45 0.8 0.15
326221 1.01826 18 45 0.8 0.15
326221 1.01826 36 45 0.8 0.15
326221 1.01826 24 45 0.8 0.15
325200 1.02155 18 62.5 10 0.3
324088 1.01738 9 55 10 0
323986 1.02066 60 45 10 0.3
323986 1.02066 36 45 10 0.3
323986 1.02066 100 45 10 0.3
323986 1.02066 48 45 10 0.3
323430 1.03145 48 75 1 0.3
323430 1.03145 18 75 1 0.3
323430 1.03145 36 75 1 0.3
323430 1.03145 24 75 1 0.3
323430 1.03145 60 75 1 0.3
323430 1.03145 100 75 1 0.3
320616 1.01676 18 62.5 10 0
319863 1.01664 9 0 10 0.15
318733 1.18761 9 45 -0.8 0.3
317626 1.01308 48 45 0.8 0
317626 1.01308 60 45 0.8 0
317626 1.01308 100 45 0.8 0
317626 1.01308 36 45 0.8 0
316233 1.01493 12 45 10 0.15
315299 1.07202 9 0 -1 0
315208 1.01004 36 50 1 -10
315208 1.01004 60 50 1 -10
315208 1.01004 48 50 1 -10
315208 1.01004 100 50 1 -10
313686 1.01877 9 60 10 0
313409 1.02595 100 75 1 -10
313409 1.02595 60 75 1 -10
313409 1.02595 24 75 1 -10
313409 1.02595 36 75 1 -10
313409 1.02595 18 75 1 -10
313409 1.02595 48 75 1 -10
313341 1.01415 36 50 1 0
313341 1.01415 100 50 1 0
313341 1.01415 60 50 1 0
313341 1.01415 48 50 1 0
311213 1.0258 60 75 1 0
311213 1.0258 100 75 1 0
311213 1.0258 36 75 1 0
311213 1.0258 48 75 1 0
311213 1.0258 24 75 1 0
311213 1.0258 18 75 1 0
310709 1.01362 12 45 0.8 0
310280 1.01295 24 45 0.8 0
310280 1.01295 18 45 0.8 0
309706 1.0104 24 45 10 0
309477 1.00366 24 0 -0.2 -10
306461 1.00997 18 50 1 -10
306084 1.01402 18 50 1 0
306084 1.01402 24 50 1 0
305557 1.01031 18 45 10 0
305397 1.0105 12 45 10 0
303964 1.00338 36 0 1 -0.45
303964 1.00338 100 0 1 -0.45
303964 1.00338 60 0 1 -0.45
303964 1.00338 48 0 1 -0.45
301066 1.0033 9 0 1 -10
300789 1.00974 24 50 1 -10
297066 1.01235 24 50 10 0
296882 1.00332 18 0 1 -0.45
296882 1.00332 24 0 1 -0.45
295845 1.01653 9 45 10 0.15
294886 1.00991 100 45 10 0
294886 1.00991 48 45 10 0
294886 1.00991 60 45 10 0
294886 1.00991 36 45 10 0
292987 1.00233 12 0 10 -10
292743 1.02645 60 75 10 0.3
292743 1.02645 18 75 10 0.3
292743 1.02645 100 75 10 0.3
292743 1.02645 24 75 10 0.3
292743 1.02645 48 75 10 0.3
292743 1.02645 36 75 10 0.3
292317 1.01214 60 50 10 0
292317 1.01214 48 50 10 0
292317 1.01214 100 50 10 0
292317 1.01214 36 50 10 0
291260 1.01218 18 50 10 0
287664 1.00853 100 50 10 -10
287664 1.00853 60 50 10 -10
287664 1.00853 36 50 10 -10
287664 1.00853 48 50 10 -10
286344 1.00256 12 0 1 -10
285514 1.00849 24 50 10 -10
285224 1.00857 18 50 10 -10
283886 1.02197 60 75 10 -10
283886 1.02197 36 75 10 -10
283886 1.02197 18 75 10 -10
283886 1.02197 24 75 10 -10
283886 1.02197 48 75 10 -10
283886 1.02197 100 75 10 -10
283824 1.00598 36 45 0.8 -10
283824 1.00598 100 45 0.8 -10
283824 1.00598 60 45 0.8 -10
283824 1.00598 48 45 0.8 -10
283677 1.0112 9 45 10 0
282191 1.00654 12 45 0.8 -10
281835 1.02183 100 75 10 0
281835 1.02183 36 75 10 0
281835 1.02183 24 75 10 0
281835 1.02183 48 75 10 0
281835 1.02183 18 75 10 0
281835 1.02183 60 75 10 0
275957 1.00222 48 0 1 -10
275957 1.00222 100 0 1 -10
275957 1.00222 60 0 1 -10
275957 1.00222 36 0 1 -10
275405 1.00194 18 0 10 -10
271933 1.30543 9 0 -0.2 0.45
266756 1.00571 18 45 0.8 -10
266035 1.00217 18 0 1 -10
263756 1.00515 12 45 10 -10
263260 1.00594 9 45 10 -10
261880 1.00559 24 45 0.8 -10
259391 1.00469 36 45 10 -10
259391 1.00469 60 45 10 -10
259391 1.00469 48 45 10 -10
259391 1.00469 100 45 10 -10
258580 1.00471 18 45 10 -10
257274 1.00466 24 45 10 -10
256754 1.00173 60 0 10 -10
256754 1.00173 48 0 10 -10
252609 1.60465 48 85 1 1.05
252609 1.60465 36 85 1 1.05
252609 1.60465 60 85 1 1.05
252609 1.60465 100 85 1 1.05
251843 1.75573 24 57.5 1 1.05
251843 1.75573 24 50 1 1.05
251843 1.75573 24 62.5 1 1.05
251843 1.75573 24 60 1 1.05
251843 1.75573 24 75 1 1.05
251843 1.75573 24 55 1 1.05
251465 1.39891 100 57.5 1 1.05
251465 1.39891 48 55 1 1.05
251465 1.39891 36 50 1 1.05
251465 1.39891 100 75 1 1.05
251465 1.39891 100 50 1 1.05
251465 1.39891 60 50 1 1.05
251465 1.39891 48 62.5 1 1.05
251465 1.39891 48 75 1 1.05
251465 1.39891 36 55 1 1.05
251465 1.39891 36 57.5 1 1.05
251465 1.39891 100 55 1 1.05
251465 1.39891 48 50 1 1.05
251465 1.39891 48 60 1 1.05
251465 1.39891 100 60 1 1.05
251465 1.39891 100 62.5 1 1.05
251465 1.39891 36 62.5 1 1.05
251465 1.39891 60 60 1 1.05
251465 1.39891 36 75 1 1.05
251465 1.39891 60 75 1 1.05
251465 1.39891 60 57.5 1 1.05
251465 1.39891 60 62.5 1 1.05
251465 1.39891 36 60 1 1.05
251465 1.39891 48 57.5 1 1.05
251465 1.39891 60 55 1 1.05
247628 1.00252 9 0 10 -10
243367 1.00165 24 0 10 -10
242807 1.00195 24 0 1 -10
239402 1.0016 36 0 10 -10
237494 1.25339 9 85 -0.6 -0.3
237494 1.25339 9 85 -0.2 -10
237494 1.25339 9 85 -0.2 0
237494 1.25339 9 85 -0.2 -0.3
237494 1.25339 9 85 -0.6 -0.45
237494 1.25339 9 85 -0.2 -0.15
237494 1.25339 9 85 -0.2 -0.45
237494 1.25339 9 85 -0.6 0
237494 1.25339 9 85 -0.6 -10
237494 1.25339 9 85 -0.6 -0.15
237097 1.60302 6 75 -1 0
237097 1.60302 6 75 -1 -0.3
237097 1.60302 6 75 -1 -0.15
237097 1.60302 6 75 -1 -0.45
237097 1.60302 6 75 -1 -10
228195 1.13266 24 45 0.8 0.9
228195 1.13266 18 45 0.8 0.9
228195 1.13266 100 45 0.8 0.9
228195 1.13266 48 45 0.8 0.9
228195 1.13266 36 45 0.8 0.9
228195 1.13266 60 45 0.8 0.9
214307 1.293 9 85 10 0.3
214307 1.293 9 85 1 0.3
213660 1.17087 9 85 10 0
213660 1.17087 9 85 10 -10
213660 1.21462 9 85 1 0.15
213660 1.17087 9 85 1 -10
213660 1.17087 9 85 1 -0.3
213660 1.21462 9 85 10 0.15
213660 1.17087 9 85 1 0
213660 1.17087 9 85 10 -0.3
211900 1.68447 24 85 10 1.05
211617 1.34895 60 85 10 1.05
211617 1.34895 48 85 10 1.05
211617 1.34895 100 85 10 1.05
211617 1.34895 36 85 10 1.05
208736 1.16509 18 45 -0.4 0.9
208736 1.16509 24 45 -0.4 0.9
208043 1.21187 60 85 -0.2 0.9
208043 1.21187 18 85 -0.2 0.9
208043 1.21187 36 85 -0.2 0.9
208043 1.21187 100 85 -0.2 0.9
208043 1.21187 24 85 -0.2 0.9
208043 1.21187 48 85 -0.2 0.9
207266 1.27158 24 75 10 1.05
207137 1.16342 18 50 -0.2 0.9
207137 1.16342 36 0 -0.2 0.9
207137 1.16342 60 57.5 -0.2 0.9
207137 1.16342 100 57.5 -0.2 0.9
207137 1.16342 100 50 -0.2 0.9
207137 1.16342 48 65 -0.2 0.9
207137 1.16342 18 55 -0.2 0.9
207137 1.16342 36 50 -0.2 0.9
207137 1.16342 24 62.5 -0.2 0.9
207137 1.16342 48 60 -0.2 0.9
207137 1.16342 36 60 -0.2 0.9
207137 1.16342 24 50 -0.2 0.9
207137 1.16342 18 75 -0.2 0.9
207137 1.16342 60 50 -0.2 0.9
207137 1.16342 36 75 -0.2 0.9
207137 1.16342 100 65 -0.2 0.9
207137 1.16342 24 60 -0.2 0.9
207137 1.16342 60 0 -0.2 0.9
207137 1.16342 60 60 -0.2 0.9
207137 1.16342 48 50 -0.2 0.9
207137 1.16342 36 55 -0.2 0.9
207137 1.16342 100 55 -0.2 0.9
207137 1.16342 48 62.5 -0.2 0.9
207137 1.16342 24 55 -0.2 0.9
207137 1.16342 18 65 -0.2 0.9
207137 1.16342 24 57.5 -0.2 0.9
207137 1.16342 60 65 -0.2 0.9
207137 1.16342 100 60 -0.2 0.9
207137 1.16342 18 0 -0.2 0.9
207137 1.16342 100 62.5 -0.2 0.9
207137 1.16342 18 62.5 -0.2 0.9
207137 1.16342 24 75 -0.2 0.9
207137 1.16342 36 65 -0.2 0.9
207137 1.16342 60 75 -0.2 0.9
207137 1.16342 48 75 -0.2 0.9
207137 1.16342 100 0 -0.2 0.9
207137 1.16342 18 60 -0.2 0.9
207137 1.16342 48 57.5 -0.2 0.9
207137 1.16342 36 57.5 -0.2 0.9
207137 1.16342 60 55 -0.2 0.9
207137 1.16342 60 62.5 -0.2 0.9
207137 1.16342 48 0 -0.2 0.9
207137 1.16342 18 57.5 -0.2 0.9
207137 1.16342 24 0 -0.2 0.9
207137 1.16342 100 75 -0.2 0.9
207137 1.16342 48 55 -0.2 0.9
207137 1.16342 36 62.5 -0.2 0.9
207137 1.16342 24 65 -0.2 0.9
206984 1.18024 60 75 10 1.05
206984 1.18024 48 75 10 1.05
206984 1.18024 100 75 10 1.05
206984 1.18024 36 75 10 1.05
204125 1.27757 100 50 -0.6 0.9
204125 1.27757 60 85 -0.6 0.9
204125 1.27757 18 55 -0.6 0.9
204125 1.27757 100 57.5 -0.6 0.9
204125 1.27757 60 0 -0.6 0.9
204125 1.27757 100 62.5 -0.6 0.9
204125 1.27757 60 75 -0.6 0.9
204125 1.27757 36 85 -0.6 0.9
204125 1.27757 18 75 -0.6 0.9
204125 1.27757 24 62.5 -0.6 0.9
204125 1.27757 100 75 -0.6 0.9
204125 1.27757 36 62.5 -0.6 0.9
204125 1.27757 36 60 -0.6 0.9
204125 1.27757 48 55 -0.6 0.9
204125 1.27757 100 85 -0.6 0.9
204125 1.27757 24 50 -0.6 0.9
204125 1.27757 36 57.5 -0.6 0.9
204125 1.27757 36 0 -0.6 0.9
204125 1.27757 48 75 -0.6 0.9
204125 1.27757 60 65 -0.6 0.9
204125 1.27757 48 60 -0.6 0.9
204125 1.27757 24 85 -0.6 0.9
204125 1.27757 60 55 -0.6 0.9
204125 1.27757 48 57.5 -0.6 0.9
204125 1.27757 100 60 -0.6 0.9
204125 1.27757 24 65 -0.6 0.9
204125 1.27757 18 57.5 -0.6 0.9
204125 1.27757 24 0 -0.6 0.9
204125 1.27757 48 65 -0.6 0.9
204125 1.27757 100 65 -0.6 0.9
204125 1.27757 48 62.5 -0.6 0.9
204125 1.27757 18 60 -0.6 0.9
204125 1.27757 60 50 -0.6 0.9
204125 1.27757 36 50 -0.6 0.9
204125 1.27757 36 55 -0.6 0.9
204125 1.27757 18 50 -0.6 0.9
204125 1.27757 36 75 -0.6 0.9
204125 1.27757 48 50 -0.6 0.9
204125 1.27757 48 0 -0.6 0.9
204125 1.27757 18 62.5 -0.6 0.9
204125 1.27757 18 0 -0.6 0.9
204125 1.27757 60 60 -0.6 0.9
204125 1.27757 60 62.5 -0.6 0.9
204125 1.27757 100 0 -0.6 0.9
204125 1.27757 100 55 -0.6 0.9
204125 1.27757 18 65 -0.6 0.9
204125 1.27757 24 60 -0.6 0.9
204125 1.27757 24 55 -0.6 0.9
204125 1.27757 24 75 -0.6 0.9
204125 1.27757 36 65 -0.6 0.9
204125 1.27757 24 57.5 -0.6 0.9
204125 1.27757 48 85 -0.6 0.9
204125 1.27757 60 57.5 -0.6 0.9
204125 1.27757 18 85 -0.6 0.9
202420 1.29576 18 75 10 1.05
202264 1.26542 24 65 10 1.05
201991 1.17532 48 65 10 1.05
201991 1.17532 100 65 10 1.05
201991 1.17532 60 65 10 1.05
201991 1.17532 36 65 10 1.05
200632 1.26373 24 55 10 1.05
200632 1.26373 24 60 10 1.05
200632 1.26373 24 45 10 1.05
200632 1.26373 24 0 10 1.05
200632 1.26373 24 57.5 10 1.05
200632 1.26373 24 62.5 10 1.05
200632 1.26373 24 50 10 1.05
200363 1.17396 60 60 10 1.05
200363 1.17396 36 60 10 1.05
200363 1.17396 100 45 10 1.05
200363 1.17396 36 45 10 1.05
200363 1.17396 60 45 10 1.05
200363 1.17396 48 45 10 1.05
200363 1.17396 36 50 10 1.05
200363 1.17396 48 50 10 1.05
200363 1.17396 60 62.5 10 1.05
200363 1.17396 48 62.5 10 1.05
200363 1.17396 60 50 10 1.05
200363 1.17396 36 57.5 10 1.05
200363 1.17396 100 0 10 1.05
200363 1.17396 100 60 10 1.05
200363 1.17396 36 0 10 1.05
200363 1.17396 100 50 10 1.05
200363 1.17396 48 0 10 1.05
200363 1.17396 60 0 10 1.05
200363 1.17396 48 55 10 1.05
200363 1.17396 60 57.5 10 1.05
200363 1.17396 36 62.5 10 1.05
200363 1.17396 48 60 10 1.05
200363 1.17396 100 55 10 1.05
200363 1.17396 100 62.5 10 1.05
200363 1.17396 100 57.5 10 1.05
200363 1.17396 48 57.5 10 1.05
200363 1.17396 36 55 10 1.05
200363 1.17396 60 55 10 1.05
195087 1.27934 18 65 10 1.05
193843 1.93927 6 45 10 0.45
193843 1.93927 6 55 10 0.45
193843 1.93927 6 57.5 1.4 0.45
193843 1.93927 6 62.5 10 0.45
193843 1.93927 6 55 1.4 0.45
193843 1.93927 6 57.5 10 0.45
193843 1.93927 6 60 10 0.45
193843 1.93927 6 60 1.4 0.45
193843 1.93927 6 62.5 1.4 0.45
193843 1.93927 6 0 10 0.45
193511 1.27483 18 55 10 1.05
193511 1.27483 18 45 10 1.05
193511 1.27483 18 50 10 1.05
193511 1.27483 18 60 10 1.05
193511 1.27483 18 0 10 1.05
193511 1.27483 18 57.5 10 1.05
193511 1.27483 18 62.5 10 1.05
189925 1.90164 12 45 -1.2 0.45
182375 1.35191 9 85 1 0.45
182375 1.35191 9 85 10 0.45
179966 1.25454 36 75 10 1.2
179966 1.25454 48 75 10 1.2
179966 1.25454 60 75 10 1.2
179966 1.25454 100 75 10 1.2
177812 1.25116 48 50 10 1.2
177812 1.25116 36 60 10 1.2
177812 1.25116 100 60 10 1.2
177812 1.25116 48 65 10 1.2
177812 1.25116 100 0 10 1.2
177812 1.25116 48 0 10 1.2
177812 1.25116 48 57.5 10 1.2
177812 1.25116 100 50 10 1.2
177812 1.25116 36 57.5 10 1.2
177812 1.25116 60 50 10 1.2
177812 1.25116 36 50 10 1.2
177812 1.25116 60 0 10 1.2
177812 1.25116 60 62.5 10 1.2
177812 1.25116 60 65 10 1.2
177812 1.25116 100 57.5 10 1.2
177812 1.25116 48 55 10 1.2
177812 1.25116 60 60 10 1.2
177812 1.25116 100 55 10 1.2
177812 1.25116 48 60 10 1.2
177812 1.25116 60 45 10 1.2
177812 1.25116 60 55 10 1.2
177812 1.25116 36 65 10 1.2
177812 1.25116 60 57.5 10 1.2
177812 1.25116 100 62.5 10 1.2
177812 1.25116 36 62.5 10 1.2
177812 1.25116 36 55 10 1.2
177812 1.25116 36 0 10 1.2
177812 1.25116 48 62.5 10 1.2
177812 1.25116 100 45 10 1.2
177812 1.25116 48 45 10 1.2
177812 1.25116 36 45 10 1.2
177812 1.25116 100 65 10 1.2
169085 1.69257 18 75 10 1.2
169085 1.69257 24 75 10 1.2
167063 1.6723 18 62.5 10 1.2
167063 1.6723 24 45 10 1.2
167063 1.6723 18 55 10 1.2
167063 1.6723 18 60 10 1.2
167063 1.6723 18 0 10 1.2
167063 1.6723 18 45 10 1.2
167063 1.6723 24 57.5 10 1.2
167063 1.6723 18 50 10 1.2
167063 1.6723 24 60 10 1.2
167063 1.6723 18 57.5 10 1.2
167063 1.6723 24 50 10 1.2
167063 1.6723 24 65 10 1.2
167063 1.6723 18 65 10 1.2
167063 1.6723 24 62.5 10 1.2
167063 1.6723 24 55 10 1.2
167063 1.6723 24 0 10 1.2
165637 1.30206 6 75 10 0.3
165529 1.18473 9 85 -1 -0.45
165529 1.18473 9 85 -1 -0.3
165529 1.18473 9 85 -1 0
165529 1.18473 9 85 -1 -0.15
165529 1.18473 9 85 -1 -10
155719 1.55721 12 80 10 0.9
155719 1.55721 12 75 10 0.9
155719 1.55721 12 82.5 10 0.9
155719 1.55721 12 77.5 10 0.9
154191 1.06785 3 0 10 -0.45
154191 1.06785 3 0 0.6 -0.3
154191 1.06785 3 0 10 -10
154191 1.06785 3 0 1.4 -10
154191 1.06785 3 0 1 -0.45
154191 1.06785 3 0 1 -0.3
154191 1.06785 3 0 10 -0.3
154191 1.06785 3 0 1.4 -0.45
154191 1.06785 3 0 0.6 -0.45
154191 1.06785 3 0 0.6 -10
154191 1.06785 3 0 1.4 -0.3
154191 1.06785 3 0 1 -10
152386 1.08666 3 0 0.6 -0.15
152386 1.08666 3 0 10 -0.15
152386 1.08666 3 0 1 -0.15
152386 1.08666 3 0 1.4 -0.15
149452 1.49524 12 90 1.4 -10
149452 1.49524 12 90 10 -10
149452 1.49524 12 90 10 -0.15
149452 1.49524 12 90 1.4 -0.45
149452 1.49524 12 90 10 -0.3
149452 1.49524 12 90 10 -0.45
149452 1.49524 12 90 0.6 0.3
149452 1.49524 12 90 0.6 -0.3
149452 1.49524 12 90 1 0
149452 1.49524 12 90 0.6 0
149452 1.49524 12 90 10 0.3
149452 1.49524 12 90 10 0
149452 1.49524 12 90 1 0.3
149452 1.49524 12 90 1 -0.3
149452 1.49524 12 90 1 -0.15
149452 1.49524 12 90 1 -0.45
149452 1.49524 12 90 1.4 0
149452 1.49524 12 90 0.6 -10
149452 1.49524 12 90 1.4 -0.15
149452 1.49524 12 90 1.4 -0.3
149452 1.49524 12 90 0.6 -0.15
149452 1.49524 12 90 1.4 0.3
149452 1.49524 12 90 0.6 -0.45
149452 1.49524 12 90 1 -10
148891 1.49024 100 85 -1 1.2
148891 1.49024 60 75 1 1.2
148891 1.49024 48 0 -1 1.2
148891 1.49024 100 85 -0.2 1.2
148891 1.49024 36 55 -0.6 1.2
148891 1.49024 100 85 -0.6 1.2
148891 1.49024 48 60 -0.2 1.2
148891 1.49024 100 85 1 1.2
148891 1.49024 48 45 -0.8 1.2
148891 1.49024 48 57.5 1 1.2
148891 1.49024 60 62.5 -0.2 1.2
148891 1.49024 100 75 -1 1.2
148891 1.49024 36 60 -0.6 1.2
148891 1.49024 100 75 -0.2 1.2
148891 1.49024 60 85 -1 1.2
148891 1.49024 60 65 -1 1.2
148891 1.49024 100 75 -0.6 1.2
148891 1.49024 36 60 1 1.2
148891 1.49024 100 75 1 1.2
148891 1.49024 48 45 -0.4 1.2
148891 1.49024 60 65 -0.2 1.2
148891 1.49024 48 57.5 -0.6 1.2
148891 1.49024 48 45 0.8 1.2
148891 1.49024 48 75 -1 1.2
148891 1.49024 100 65 -1 1.2
148891 1.49024 60 62.5 -0.6 1.2
148891 1.49024 100 65 -0.2 1.2
148891 1.49024 100 57.5 1 1.2
148891 1.49024 60 65 -0.6 1.2
148891 1.49024 36 85 -1 1.2
148891 1.49024 36 85 -0.2 1.2
148891 1.49024 60 75 -0.6 1.2
148891 1.49024 100 65 -0.6 1.2
148891 1.49024 36 85 -0.6 1.2
148891 1.49024 60 60 -0.2 1.2
148891 1.49024 36 85 1 1.2
148891 1.49024 60 65 1 1.2
148891 1.49024 36 60 -0.2 1.2
148891 1.49024 100 65 1 1.2
148891 1.49024 48 45 -1.2 1.2
148891 1.49024 48 85 1 1.2
148891 1.49024 36 75 -1 1.2
148891 1.49024 60 62.5 -1 1.2
148891 1.49024 100 62.5 -1 1.2
148891 1.49024 100 55 -1 1.2
148891 1.49024 36 75 -0.2 1.2
148891 1.49024 100 55 -0.2 1.2
148891 1.49024 100 55 -0.6 1.2
148891 1.49024 48 75 -0.2 1.2
148891 1.49024 60 55 -1 1.2
148891 1.49024 100 55 1 1.2
148891 1.49024 36 75 -0.6 1.2
148891 1.49024 100 45 -1.2 1.2
148891 1.49024 60 75 -0.2 1.2
148891 1.49024 100 45 -0.4 1.2
148891 1.49024 100 45 -0.8 1.2
148891 1.49024 60 55 -0.2 1.2
148891 1.49024 36 62.5 -1 1.2
148891 1.49024 48 55 1 1.2
148891 1.49024 100 45 0.8 1.2
148891 1.49024 36 57.5 -0.2 1.2
148891 1.49024 36 75 1 1.2
148891 1.49024 36 62.5 1 1.2
148891 1.49024 60 55 -0.6 1.2
148891 1.49024 48 55 -0.6 1.2
148891 1.49024 100 0 -1 1.2
148891 1.49024 60 55 1 1.2
148891 1.49024 48 55 -0.2 1.2
148891 1.49024 36 60 -1 1.2
148891 1.49024 60 60 -1 1.2
148891 1.49024 60 45 -1.2 1.2
148891 1.49024 100 62.5 -0.2 1.2
148891 1.49024 48 60 -1 1.2
148891 1.49024 60 60 -0.6 1.2
148891 1.49024 60 45 -0.4 1.2
148891 1.49024 60 75 -1 1.2
148891 1.49024 48 57.5 -0.2 1.2
148891 1.49024 36 55 -0.2 1.2
148891 1.49024 48 75 -0.6 1.2
148891 1.49024 36 57.5 -1 1.2
148891 1.49024 60 85 -0.2 1.2
148891 1.49024 100 60 1 1.2
148891 1.49024 100 0 -0.2 1.2
148891 1.49024 100 0 -0.6 1.2
148891 1.49024 36 45 0.8 1.2
148891 1.49024 60 45 -0.8 1.2
148891 1.49024 36 0 -1 1.2
148891 1.49024 100 60 -0.6 1.2
148891 1.49024 48 50 1 1.2
148891 1.49024 60 0 -1 1.2
148891 1.49024 100 60 -0.2 1.2
148891 1.49024 60 50 1 1.2
148891 1.49024 60 45 0.8 1.2
148891 1.49024 100 60 -1 1.2
148891 1.49024 100 62.5 -0.6 1.2
148891 1.49024 48 50 -0.6 1.2
148891 1.49024 48 85 -0.6 1.2
148891 1.49024 60 50 -0.6 1.2
148891 1.49024 36 65 -1 1.2
148891 1.49024 60 60 1 1.2
148891 1.49024 60 0 -0.2 1.2
148891 1.49024 48 60 -0.6 1.2
148891 1.49024 100 0 1 1.2
148891 1.49024 36 57.5 1 1.2
148891 1.49024 36 62.5 -0.2 1.2
148891 1.49024 36 55 1 1.2
148891 1.49024 60 50 -0.2 1.2
148891 1.49024 48 85 -0.2 1.2
148891 1.49024 36 45 -0.8 1.2
148891 1.49024 48 55 -1 1.2
148891 1.49024 36 55 -1 1.2
148891 1.49024 60 0 -0.6 1.2
148891 1.49024 36 65 -0.2 1.2
148891 1.49024 48 62.5 -1 1.2
148891 1.49024 60 57.5 1 1.2
148891 1.49024 36 65 -0.6 1.2
148891 1.49024 36 0 -0.2 1.2
148891 1.49024 48 0 -0.2 1.2
148891 1.49024 36 50 1 1.2
148891 1.49024 60 62.5 1 1.2
148891 1.49024 36 65 1 1.2
148891 1.49024 48 65 1 1.2
148891 1.49024 60 0 1 1.2
148891 1.49024 36 0 -0.6 1.2
148891 1.49024 48 0 -0.6 1.2
148891 1.49024 48 50 -0.2 1.2
148891 1.49024 36 50 -0.6 1.2
148891 1.49024 36 45 -0.4 1.2
148891 1.49024 48 65 -0.6 1.2
148891 1.49024 48 50 -1 1.2
148891 1.49024 100 62.5 1 1.2
148891 1.49024 60 85 1 1.2
148891 1.49024 100 50 1 1.2
148891 1.49024 60 50 -1 1.2
148891 1.49024 48 57.5 -1 1.2
148891 1.49024 100 57.5 -1 1.2
148891 1.49024 48 85 -1 1.2
148891 1.49024 48 60 1 1.2
148891 1.49024 36 0 1 1.2
148891 1.49024 48 65 -0.2 1.2
148891 1.49024 36 50 -1 1.2
148891 1.49024 48 0 1 1.2
148891 1.49024 100 57.5 -0.2 1.2
148891 1.49024 48 62.5 -0.2 1.2
148891 1.49024 60 57.5 -1 1.2
148891 1.49024 100 50 -0.6 1.2
148891 1.49024 48 65 -1 1.2
148891 1.49024 60 57.5 -0.6 1.2
148891 1.49024 100 50 -0.2 1.2
148891 1.49024 36 50 -0.2 1.2
148891 1.49024 48 62.5 -0.6 1.2
148891 1.49024 60 85 -0.6 1.2
148891 1.49024 48 75 1 1.2
148891 1.49024 36 45 -1.2 1.2
148891 1.49024 100 50 -1 1.2
148891 1.49024 36 62.5 -0.6 1.2
148891 1.49024 60 57.5 -0.2 1.2
148891 1.49024 100 57.5 -0.6 1.2
148891 1.49024 48 62.5 1 1.2
148891 1.49024 36 57.5 -0.6 1.2
145628 1.21551 24 65 -1 0.9
145628 1.21551 24 50 -1 0.9
145628 1.21551 48 57.5 -1 0.9
145628 1.21551 18 50 -1 0.9
145628 1.21551 18 62.5 -1 0.9
145628 1.21551 24 60 -1 0.9
145628 1.21551 48 65 -1 0.9
145628 1.21551 36 55 -1 0.9
145628 1.21551 48 85 -1 0.9
145628 1.21551 24 55 -1 0.9
145628 1.21551 60 57.5 -1 0.9
145628 1.21551 18 55 -1 0.9
145628 1.21551 24 62.5 -1 0.9
145628 1.21551 100 57.5 -1 0.9
145628 1.21551 18 0 -1 0.9
145628 1.21551 24 85 -1 0.9
145628 1.21551 18 60 -1 0.9
145628 1.21551 48 55 -1 0.9
145628 1.21551 100 75 -1 0.9
145628 1.21551 18 57.5 -1 0.9
145628 1.21551 48 62.5 -1 0.9
145628 1.21551 36 57.5 -1 0.9
145628 1.21551 24 75 -1 0.9
145628 1.21551 100 85 -1 0.9
145628 1.21551 24 57.5 -1 0.9
145628 1.21551 36 65 -1 0.9
145628 1.21551 100 60 -1 0.9
145628 1.21551 24 0 -1 0.9
145628 1.21551 60 65 -1 0.9
145628 1.21551 48 75 -1 0.9
145628 1.21551 60 60 -1 0.9
145628 1.21551 48 60 -1 0.9
145628 1.21551 60 75 -1 0.9
145628 1.21551 36 60 -1 0.9
145628 1.21551 36 62.5 -1 0.9
145628 1.21551 60 62.5 -1 0.9
145628 1.21551 18 85 -1 0.9
145628 1.21551 60 55 -1 0.9
145628 1.21551 100 55 -1 0.9
145628 1.21551 100 65 -1 0.9
145628 1.21551 18 75 -1 0.9
145628 1.21551 36 75 -1 0.9
145628 1.21551 36 85 -1 0.9
145628 1.21551 100 62.5 -1 0.9
145628 1.21551 18 65 -1 0.9
145628 1.21551 60 85 -1 0.9
135878 1.17626 12 45 -0.8 0.6
133090 1.3318 12 0 -1 0.6
133090 1.3318 12 55 -1 0.6
124795 1.1639 48 85 10 1.2
124795 1.1639 100 85 10 1.2
124795 1.1639 36 85 10 1.2
124795 1.1639 60 85 10 1.2
110602 1.10615 6 75 1 0.3
103290 1.03294 3 60 1 -0.3
103290 1.03294 3 60 1 -0.15
103290 1.03294 3 60 1 0
103290 1.03294 3 60 1 -0.45
103290 1.03294 3 60 1 -10
103290 1.03294 3 60 1.4 0
103290 1.03294 3 45 10 0
103290 1.03294 3 60 1.4 -0.3
103290 1.03294 3 60 1.4 -0.15
103290 1.03294 3 60 1.4 -0.45
103290 1.03294 3 60 1.4 -10
103290 1.03294 3 60 0.6 0
103290 1.03294 3 60 0.6 -0.3
103290 1.03294 3 60 0.6 -0.15
103290 1.03294 3 60 0.6 -0.45
103290 1.03294 3 60 0.6 -10
103290 1.03294 3 60 10 0
103290 1.03294 3 60 10 -0.3
103290 1.03294 3 60 10 -0.15
103290 1.03294 3 60 10 -0.45
103290 1.03294 3 60 10 -10
103290 1.03294 3 50 1 0
103290 1.03294 3 0 10 0
103290 1.03294 3 0 0.6 0
103290 1.03294 3 55 1 0
103290 1.03294 3 0 1.4 0
103290 1.03294 3 50 1.4 0
103290 1.03294 3 0 1 0
103290 1.03294 3 57.5 10 -10
103290 1.03294 3 57.5 10 -0.45
103290 1.03294 3 57.5 10 -0.15
103290 1.03294 3 45 0.8 0
103290 1.03294 3 57.5 10 -0.3
103290 1.03294 3 50 0.6 0
103290 1.03294 3 57.5 10 0
103290 1.03294 3 57.5 0.6 -10
103290 1.03294 3 55 1 -0.3
103290 1.03294 3 55 1 -0.15
103290 1.03294 3 55 1 -0.45
103290 1.03294 3 50 10 0
103290 1.03294 3 55 1 -10
103290 1.03294 3 57.5 0.6 -0.45
103290 1.03294 3 55 1.4 0
103290 1.03294 3 55 1.4 -0.3
103290 1.03294 3 55 1.4 -0.15
103290 1.03294 3 55 1.4 -0.45
103290 1.03294 3 57.5 0.6 -0.15
103290 1.03294 3 45 1.2 0
103290 1.03294 3 55 1.4 -10
103290 1.03294 3 57.5 1 0
103290 1.03294 3 57.5 1 -0.3
103290 1.03294 3 57.5 1 -0.15
103290 1.03294 3 57.5 1 -0.45
103290 1.03294 3 55 10 -10
103290 1.03294 3 57.5 1 -10
103290 1.03294 3 55 0.6 0
103290 1.03294 3 57.5 1.4 0
103290 1.03294 3 55 10 -0.45
103290 1.03294 3 55 10 -0.15
103290 1.03294 3 55 10 -0.3
103290 1.03294 3 57.5 1.4 -0.3
103290 1.03294 3 57.5 1.4 -0.15
103290 1.03294 3 57.5 1.4 -0.45
103290 1.03294 3 57.5 1.4 -10
103290 1.03294 3 57.5 0.6 0
103290 1.03294 3 55 10 0
103290 1.03294 3 55 0.6 -10
103290 1.03294 3 55 0.6 -0.45
103290 1.03294 3 55 0.6 -0.15
103290 1.03294 3 45 0.4 0
103290 1.03294 3 55 0.6 -0.3
103290 1.03294 3 57.5 0.6 -0.3
101841 1.00932 3 45 1.2 -10
101841 1.00932 3 45 1.2 -0.45
101841 1.00932 3 45 1.2 -0.15
101841 1.00932 3 45 1.2 -0.3
101841 1.00932 3 45 0.4 -0.45
101841 1.00932 3 50 10 -10
101841 1.00932 3 50 1.4 -0.3
101841 1.00932 3 45 0.8 -10
101841 1.00932 3 45 0.8 -0.45
101841 1.00932 3 50 10 -0.45
101841 1.00932 3 45 0.8 -0.15
101841 1.00932 3 50 10 -0.15
101841 1.00932 3 50 10 -0.3
101841 1.00932 3 50 0.6 -10
101841 1.00932 3 50 0.6 -0.45
101841 1.00932 3 45 0.8 -0.3
101841 1.00932 3 50 0.6 -0.15
101841 1.00932 3 50 0.6 -0.3
101841 1.00932 3 50 1.4 -10
101841 1.00932 3 50 1.4 -0.45
101841 1.00932 3 50 1.4 -0.15
101841 1.00932 3 45 0.4 -10
101841 1.00932 3 45 0.4 -0.15
101841 1.00932 3 50 1 -10
101841 1.00932 3 50 1 -0.3
101841 1.00932 3 50 1 -0.45
101841 1.00932 3 50 1 -0.15
101841 1.00932 3 45 10 -10
101841 1.00932 3 45 10 -0.45
101841 1.00932 3 45 10 -0.15
101841 1.00932 3 45 10 -0.3
101841 1.00932 3 45 0.4 -0.3
100627 1.00628 18 60 1 1.05
100627 1.00628 18 62.5 1 1.05
100627 1.00628 18 57.5 1 1.05
100627 1.00628 18 75 1 1.05
100627 1.00628 18 55 1 1.05
100627 1.00628 18 50 1 1.05
100000 1 60 60 -0.2 1.8
100000 1 60 60 -0.2 2.4
100000 1 60 60 -0.2 3
100000 1 60 60 -1 1.8
100000 1 60 60 -0.6 3
100000 1 60 60 -0.6 2.4
100000 1 60 60 -0.6 1.8
100000 1 60 60 -1 2.4
100000 1 60 60 -1 3
100000 1 60 60 10 1.8
100000 1 60 60 10 2.4
100000 1 60 60 10 3
100000 1 60 50 1 1.8
100000 1 60 50 1 2.4
100000 1 60 50 1 3
100000 1 60 60 1 3
100000 1 60 60 1 2.4
100000 1 60 60 1 1.8
100000 1 60 50 -0.6 1.8
100000 1 60 50 -0.6 2.4
100000 1 60 50 -0.6 3
100000 1 60 95 10 -10
100000 1 60 95 10 2.55
100000 1 60 95 10 2.85
100000 1 60 95 10 2.7
100000 1 60 95 10 3.3
100000 1 60 95 10 3
100000 1 60 95 10 2.4
100000 1 60 95 10 1.8
100000 1 60 95 10 1.2
100000 1 60 95 10 0.6
100000 1 60 95 10 0
100000 1 60 95 -1 -10
100000 1 60 95 -1 2.55
100000 1 60 95 -1 2.85
100000 1 60 95 -1 2.7
100000 1 60 95 -1 3.3
100000 1 60 95 -1 3
100000 1 60 95 -1 2.4
100000 1 60 95 -1 1.8
100000 1 60 95 -1 1.2
100000 1 60 95 -1 0.6
100000 1 60 95 -1 0
100000 1 60 95 -0.2 -10
100000 1 60 95 -0.2 2.55
100000 1 60 95 -0.2 2.85
100000 1 60 95 -0.2 2.7
100000 1 60 95 -0.2 3.3
0
774244 61 55 -0.6 -10