249046 1.1259 9 75 10 0.45
247454 1.09828 9 70 1.4 0.3
245964 1.12277 9 70 1.4 0.45
244886 1.10789 9 67.5 1 0.3
244886 1.10789 9 70 1 0.3
243840 1.10737 9 70 0.6 0.3
243586 1.09646 12 72.5 1.4 0.3
242173 1.1221 12 75 10 0.45
239800 1.13642 12 70 -0.2 0.3
239448 1.16782 6 70 1 0.3
238317 1.16663 6 67.5 1 0.3
238317 1.16663 6 67.5 10 0.3
236802 1.13417 12 0 -0.2 0.3
236802 1.13417 12 55 -0.2 0.3
236802 1.13417 12 65 -0.2 0.3
236802 1.13417 12 67.5 -0.2 0.3
236042 1.16425 6 70 10 0.3
235748 1.1028 9 72.5 1 0.3
235667 1.09304 12 72.5 1 0.3
234321 1.09215 12 70 1 0.3
232996 1.11554 9 75 -0.2 0
231950 1.11496 12 75 -0.2 0
230696 1.09982 9 75 1 0.3
229635 1.11488 48 82.5 0.6 -10
229635 1.11488 36 82.5 0.6 -10
229635 1.11488 36 82.5 0.6 0
229635 1.11488 60 82.5 0.6 -10
229635 1.11488 60 82.5 0.6 -0.45
229635 1.11488 60 82.5 0.6 0
229635 1.11488 48 82.5 0.6 0
229635 1.11488 100 82.5 0.6 0
229635 1.11488 24 82.5 0.6 -10
229635 1.11488 36 82.5 0.6 -0.3
229635 1.11488 100 82.5 0.6 -0.3
229635 1.11488 100 82.5 0.6 -0.15
229635 1.11488 100 82.5 0.6 -0.45
229635 1.11488 100 82.5 0.6 -10
229635 1.11488 24 82.5 0.6 -0.45
229635 1.11488 36 82.5 0.6 -0.15
229635 1.11488 48 82.5 0.6 -0.3
229635 1.11488 48 82.5 0.6 -0.15
229635 1.11488 36 82.5 0.6 -0.45
229635 1.11488 24 82.5 0.6 0
229635 1.11488 48 82.5 0.6 -0.45
229635 1.11488 24 82.5 0.6 -0.15
229635 1.11488 60 82.5 0.6 -0.3
229635 1.11488 60 82.5 0.6 -0.15
229635 1.11488 24 82.5 0.6 -0.3
229593 1.11348 9 55 -0.2 0.15
229593 1.11348 9 65 -0.2 0.15
229593 1.11348 9 0 -0.2 0.15
229321 1.1133 9 67.5 -0.2 0.15
228416 1.08901 12 67.5 1 0.3
226532 1.09837 12 70 -0.2 0
226329 1.11205 18 75 10 0.45
226303 1.09753 9 45 -0.4 0
225536 1.0876 12 75 1 0.3
225239 1.09742 18 82.5 1.4 -0.3
225239 1.09742 60 82.5 1.4 0
225239 1.09742 48 82.5 1.4 0
225239 1.09742 36 82.5 1.4 -0.45
225239 1.09742 24 82.5 1.4 -0.3
225239 1.09742 24 82.5 1.4 -0.15
225239 1.09742 24 82.5 1.4 -0.45
225239 1.09742 36 82.5 1.4 0
225239 1.09742 24 82.5 1.4 -10
225239 1.09742 36 82.5 1.4 -0.3
225239 1.09742 36 82.5 1.4 -0.15
225239 1.09742 100 82.5 1.4 -0.3
225239 1.09742 18 82.5 1.4 -0.45
225239 1.09742 100 82.5 1.4 0
225239 1.09742 48 82.5 1.4 -0.45
225239 1.09742 24 82.5 1.4 0
225239 1.09742 48 82.5 1.4 -0.3
225239 1.09742 18 82.5 1.4 -10
225239 1.09742 60 82.5 1.4 -10
225239 1.09742 60 82.5 1.4 -0.45
225239 1.09742 48 82.5 1.4 -0.15
225239 1.09742 18 82.5 1.4 -0.15
225239 1.09742 18 82.5 1.4 0
225239 1.09742 100 82.5 1.4 -0.45
225239 1.09742 60 82.5 1.4 -0.15
225239 1.09742 100 82.5 1.4 -0.15
225239 1.09742 60 82.5 1.4 -0.3
225239 1.09742 48 82.5 1.4 -10
225239 1.09742 36 82.5 1.4 -10
225239 1.09742 100 82.5 1.4 -10
225095 1.09782 12 72.5 0.6 0.3
224618 1.12837 12 45 0.8 0.45
224506 1.12818 100 82.5 0.6 0.3
224506 1.12818 36 82.5 0.6 0.3
224506 1.12818 24 82.5 0.6 0.3
224506 1.12818 60 82.5 0.6 0.3
224506 1.12818 48 82.5 0.6 0.3
224379 1.09615 60 77.5 1.4 0.3
224379 1.09615 18 77.5 1.4 0.3
224379 1.09615 36 77.5 1.4 0.3
224379 1.09615 24 77.5 1.4 0.3
224379 1.09615 48 77.5 1.4 0.3
224379 1.09615 100 77.5 1.4 0.3
224221 1.09762 9 55 1 0.3
224221 1.09762 9 65 1 0.3
223858 1.11199 9 72.5 10 0.45
223806 1.12536 12 75 -0.6 0
223440 1.10932 12 70 -0.2 0.15
223090 1.086 9 72.5 1.4 0.3
222960 1.12422 6 65 1 0.3
222960 1.12422 6 45 10 0.3
222960 1.12422 6 55 1 0.3
222960 1.12422 6 0 10 0.3
222960 1.12422 6 0 1 0.3
222960 1.12422 6 65 10 0.3
222960 1.12422 6 55 10 0.3
222960 1.12422 6 45 0.8 0.3
222554 1.09617 12 70 -0.2 -10
222554 1.09617 12 70 -0.2 -0.3
222072 1.17639 9 65 -0.2 0.3
222072 1.17639 9 55 -0.2 0.3
222072 1.17639 9 0 -0.2 0.3
221830 1.17611 9 67.5 -0.2 0.3
221814 1.12403 9 72.5 -0.6 0
221814 1.12403 9 75 -0.6 0
221432 1.0942 24 80 1.4 0.3
221432 1.0942 18 80 1.4 0.3
221432 1.0942 48 80 1.4 0.3
221432 1.0942 36 80 1.4 0.3
221432 1.0942 100 80 1.4 0.3
221432 1.0942 60 80 1.4 0.3
220920 1.09402 12 45 -0.4 0
220825 1.08558 9 75 10 0.3
220772 1.09591 9 45 0.8 0.3
220628 1.10736 12 65 -0.2 0.15
220628 1.10736 12 0 -0.2 0.15
220628 1.10736 12 67.5 -0.2 0.15
220628 1.10736 12 55 -0.2 0.15
220427 1.12271 12 72.5 -0.6 0
220213 1.10687 100 82.5 1.4 0.3
220213 1.10687 48 82.5 1.4 0.3
220213 1.10687 36 82.5 1.4 0.3
220213 1.10687 60 82.5 1.4 0.3
220213 1.10687 18 82.5 1.4 0.3
220213 1.10687 24 82.5 1.4 0.3
220067 1.09552 9 0 1 0.3
219955 1.08563 12 72.5 1.4 0.15
218908 1.11029 12 70 10 0.45
218028 1.18183 6 72.5 1 0.3
217788 1.09312 9 65 -0.2 0
217744 1.10462 6 45 -0.4 -0.15
217550 1.09296 9 67.5 -0.2 0
217086 1.09235 24 77.5 1 0.3
217086 1.09235 36 77.5 1 0.3
217086 1.09235 60 77.5 1 0.3
217086 1.09235 100 77.5 1 0.3
217086 1.09235 48 77.5 1 0.3
217086 1.09235 18 77.5 1 0.3
217077 1.09264 9 0 -0.2 0
217077 1.09264 9 55 -0.2 0
216958 1.08444 9 70 1.4 0.15
216776 1.18019 6 75 1 0.3
216776 1.18019 6 75 10 0.3
216372 1.10489 9 75 -0.2 -10
216372 1.10489 9 75 -0.2 -0.3
216372 1.10489 9 75 -0.2 -0.45
216372 1.10489 9 75 -0.2 -0.15
216360 1.08219 60 82.5 10 -0.15
216360 1.08219 48 82.5 10 -0.45
216360 1.08219 60 82.5 10 -0.45
216360 1.08219 48 82.5 10 -0.15
216360 1.08219 36 82.5 10 -0.3
216360 1.08219 36 82.5 10 -0.45
216360 1.08219 36 82.5 10 -10
216360 1.08219 60 82.5 10 -0.3
216360 1.08219 36 82.5 10 0
216360 1.08219 36 82.5 10 -0.15
216360 1.08219 48 82.5 10 -10
216360 1.08219 100 82.5 10 0
216360 1.08219 60 82.5 10 -10
216360 1.08219 100 82.5 10 -0.45
216360 1.08219 100 82.5 10 -0.3
216360 1.08219 100 82.5 10 -0.15
216360 1.08219 48 82.5 10 0
216360 1.08219 60 82.5 10 0
216360 1.08219 100 82.5 10 -10
216360 1.08219 48 82.5 10 -0.3
215857 1.10413 9 72.5 0.6 0.3
215769 1.14074 6 75 -0.6 -0.15
215769 1.14074 6 75 -0.6 -0.45
215769 1.14074 6 75 -0.6 -0.3
215769 1.14074 6 75 -0.6 -10
215557 1.08356 12 72.5 1.4 -10
215557 1.08356 12 72.5 1.4 0
215557 1.08356 12 72.5 1.4 -0.3
215401 1.10431 12 75 -0.2 -10
215401 1.10431 12 75 -0.2 -0.45
215401 1.10431 12 75 -0.2 -0.15
215401 1.10431 12 75 -0.2 -0.3
214929 1.17755 6 72.5 10 0.3
214802 1.08186 48 75 1 0.3
214802 1.08186 18 75 1 0.3
214802 1.08186 24 75 1 0.3
214802 1.08186 60 75 1 0.3
214802 1.08186 36 75 1 0.3
214802 1.08186 100 75 1 0.3
214732 1.08255 12 75 10 0.3
214691 1.10751 12 72.5 10 0.45
214232 1.0904 18 80 1 0.3
214232 1.0904 60 80 1 0.3
214232 1.0904 24 80 1 0.3
214232 1.0904 48 80 1 0.3
214232 1.0904 36 80 1 0.3
214232 1.0904 100 80 1 0.3
213993 1.0914 18 82.5 10 0
213993 1.0914 18 82.5 10 -10
213993 1.0914 18 82.5 10 -0.3
213993 1.0914 18 82.5 10 -0.15
213993 1.0914 18 82.5 10 -0.45
213987 1.08293 9 70 1 0.15
213651 1.10652 12 67.5 10 0.45
213199 1.08047 24 82.5 10 -0.45
213199 1.08047 24 82.5 10 0
213199 1.08047 24 82.5 10 -10
213199 1.08047 24 82.5 10 -0.3
213199 1.08047 24 82.5 10 -0.15
213073 1.08246 9 70 0.6 0.15
212919 1.08936 12 45 -0.4 -0.15
212849 1.08248 9 70 1.4 -0.3
212849 1.08248 9 70 1.4 -10
212849 1.08248 9 70 1.4 0
212806 1.08222 12 72.5 1 0.15
212802 1.09043 18 82.5 1 0
212802 1.09043 18 82.5 1 -0.45
212802 1.09043 36 82.5 1 0
212802 1.09043 24 82.5 1 0
212802 1.09043 36 82.5 1 -10
212802 1.09043 100 82.5 1 -0.15
212802 1.09043 18 82.5 1 -0.3
212802 1.09043 36 82.5 1 -0.45
212802 1.09043 48 82.5 1 -0.3
212802 1.09043 100 82.5 1 0
212802 1.09043 48 82.5 1 0
212802 1.09043 36 82.5 1 -0.15
212802 1.09043 48 82.5 1 -0.15
212802 1.09043 48 82.5 1 -0.45
212802 1.09043 60 82.5 1 -10
212802 1.09043 60 82.5 1 -0.45
212802 1.09043 60 82.5 1 -0.15
212802 1.09043 24 82.5 1 -10
212802 1.09043 24 82.5 1 -0.3
212802 1.09043 18 82.5 1 -10
212802 1.09043 24 82.5 1 -0.45
212802 1.09043 48 82.5 1 -10
212802 1.09043 60 82.5 1 -0.3
212802 1.09043 100 82.5 1 -0.3
212802 1.09043 18 82.5 1 -0.15
212802 1.09043 36 82.5 1 -0.3
212802 1.09043 24 82.5 1 -0.15
212802 1.09043 100 82.5 1 -10
212802 1.09043 60 82.5 1 0
212802 1.09043 100 82.5 1 -0.45
212438 1.08909 12 45 -0.4 -0.3
212168 1.07992 24 80 1.4 -0.3
212168 1.07992 24 80 1.4 -10
212168 1.07992 18 80 1.4 0.15
212168 1.07992 100 80 1.4 -0.3
212168 1.07992 18 80 1.4 0
212168 1.07992 100 80 1.4 0.15
212168 1.07992 60 80 1.4 0
212168 1.07992 60 80 1.4 -10
212168 1.07992 18 80 1.4 -10
212168 1.07992 36 80 1.4 -0.3
212168 1.07992 36 80 1.4 0.15
212168 1.07992 48 80 1.4 0.15
212168 1.07992 48 80 1.4 -0.3
212168 1.07992 60 80 1.4 0.15
212168 1.07992 48 80 1.4 0
212168 1.07992 48 80 1.4 -10
212168 1.07992 100 80 1.4 0
212168 1.07992 36 80 1.4 0
212168 1.07992 36 80 1.4 -10
212168 1.07992 24 80 1.4 0
212168 1.07992 24 80 1.4 0.15
212168 1.07992 100 80 1.4 -10
212168 1.07992 60 80 1.4 -0.3
212168 1.07992 18 80 1.4 -0.3
212161 1.08136 9 72.5 1 0.15
212128 1.08978 9 65 -0.2 -10
211548 1.0889 60 82.5 10 0.3
211548 1.0889 36 82.5 10 0.3
211548 1.0889 48 82.5 10 0.3
211548 1.0889 100 82.5 10 0.3
211457 1.13712 6 72.5 -0.6 -0.15
211457 1.13712 6 72.5 -0.6 -10
211457 1.13712 6 72.5 -0.6 -0.45
211457 1.13712 6 72.5 -0.6 -0.3
211436 1.08858 36 45 -0.4 -0.3
211436 1.08858 36 45 -0.4 -0.15
211436 1.08858 36 45 -0.4 0
211436 1.08858 36 45 -0.4 -0.45
211436 1.08858 60 45 -0.4 -0.3
211436 1.08858 100 45 -0.4 -0.45
211436 1.08858 60 45 -0.4 -0.15
211436 1.08858 36 45 -0.4 -10
211436 1.08858 48 45 -0.4 0
211436 1.08858 18 45 -0.4 -10
211436 1.08858 18 45 -0.4 -0.45
211436 1.08858 48 45 -0.4 -0.3
211436 1.08858 100 45 -0.4 0
211436 1.08858 48 45 -0.4 -0.15
211436 1.08858 48 45 -0.4 -0.45
211436 1.08858 18 45 -0.4 0
211436 1.08858 48 45 -0.4 -10
211436 1.08858 18 45 -0.4 -0.15
211436 1.08858 100 45 -0.4 -0.3
211436 1.08858 100 45 -0.4 -0.15
211436 1.08858 24 45 -0.4 -0.3
211436 1.08858 100 45 -0.4 -10
211436 1.08858 24 45 -0.4 -0.45
211436 1.08858 24 45 -0.4 -10
211436 1.08858 18 45 -0.4 -0.3
211436 1.08858 60 45 -0.4 -0.45
211436 1.08858 60 45 -0.4 -10
211436 1.08858 24 45 -0.4 0
211436 1.08858 24 45 -0.4 -0.15
211436 1.08858 60 45 -0.4 0
211236 1.08828 9 45 -0.4 -0.15
211079 1.08915 9 65 -0.2 -0.3
210833 1.08899 9 67.5 -0.2 -0.3
210833 1.08899 9 67.5 -0.2 -10
210375 1.08818 18 80 10 0.3
210024 1.10177 12 0 1 0.45
209934 1.08097 9 70 1 0
209934 1.08097 9 70 1 -0.3
209934 1.08097 9 70 1 -10
209893 1.11486 9 70 -0.6 0
209595 1.10032 24 75 10 0.45
209540 1.07896 36 77.5 1.4 0.15
209540 1.07896 48 77.5 1.4 0.15
209540 1.07896 18 77.5 1.4 0.15
209540 1.07896 60 77.5 1.4 0.15
209540 1.07896 100 77.5 1.4 0.15
209540 1.07896 24 77.5 1.4 0.15
209503 1.08006 12 45 0.8 0.3
209345 1.10014 36 75 10 0.45
209345 1.10014 48 75 10 0.45
209345 1.10014 60 75 10 0.45
209345 1.10014 100 75 10 0.45
209308 1.08768 12 67.5 -0.2 0
209308 1.08768 12 55 -0.2 0
209308 1.08768 12 65 -0.2 0
209308 1.08768 12 0 -0.2 0
209297 1.07884 48 77.5 1.4 -0.3
209297 1.07884 18 77.5 1.4 0
209297 1.07884 100 77.5 1.4 -0.3
209297 1.07884 18 77.5 1.4 -10
209297 1.07884 100 77.5 1.4 -10
209297 1.07884 48 77.5 1.4 -10
209297 1.07884 100 77.5 1.4 0
209297 1.07884 60 77.5 1.4 0
209297 1.07884 60 77.5 1.4 -0.3
209297 1.07884 24 77.5 1.4 -10
209297 1.07884 36 77.5 1.4 -10
209297 1.07884 48 77.5 1.4 0
209297 1.07884 24 77.5 1.4 -0.3
209297 1.07884 24 77.5 1.4 0
209297 1.07884 36 77.5 1.4 -0.3
209297 1.07884 60 77.5 1.4 -10
209297 1.07884 18 77.5 1.4 -0.3
209297 1.07884 36 77.5 1.4 0
209217 1.1001 18 82.5 10 0.3
209097 1.09843 12 0 -0.6 0
209097 1.09843 12 55 -0.6 0
209097 1.09843 12 65 -0.6 0
209097 1.09843 12 67.5 -0.6 0
209047 1.08802 18 77.5 10 0.3
209044 1.17261 6 75 -0.6 0
209037 1.0805 9 70 0.6 -10
209037 1.0805 9 70 0.6 0
209037 1.0805 9 70 0.6 -0.3
208948 1.07934 9 75 1 0.15
208632 1.08689 12 45 -0.4 -10
208632 1.08689 12 45 -0.4 -0.45
208594 1.11354 12 70 -0.6 0
208548 1.08015 12 72.5 1 0
208548 1.08015 12 72.5 1 -10
208548 1.08015 12 72.5 1 -0.3
208438 1.08699 24 82.5 10 0.3
208051 1.099 100 82.5 1 0.3
208051 1.099 24 82.5 1 0.3
208051 1.099 48 82.5 1 0.3
208051 1.099 18 82.5 1 0.3
208051 1.099 36 82.5 1 0.3
208051 1.099 60 82.5 1 0.3
207912 1.07929 9 72.5 1 -0.3
207912 1.07929 9 72.5 1 -10
207912 1.07929 9 72.5 1 0
207836 1.11319 12 75 -0.6 -0.15
207836 1.11319 12 75 -0.6 -10
207836 1.11319 12 75 -0.6 -0.3
207836 1.11319 12 75 -0.6 -0.45
207796 1.1127 6 0 -0.6 -0.15
207690 1.09755 12 67.5 -0.6 -0.15
207690 1.09755 12 65 -0.6 -0.15
207525 1.07993 9 0 10 0.3
207346 1.09765 60 77.5 0.6 0.3
207346 1.09765 100 77.5 0.6 0.3
207346 1.09765 24 77.5 0.6 0.3
207346 1.09765 48 77.5 0.6 0.3
207346 1.09765 18 77.5 0.6 0.3
207346 1.09765 36 77.5 0.6 0.3
207135 1.08573 9 45 -0.4 -0.45
207135 1.08573 9 45 -0.4 -10
207009 1.09734 18 65 -0.6 -0.45
207009 1.09734 18 0 -0.6 0
207009 1.09734 18 65 -0.6 -0.3
207009 1.09734 18 0 -0.6 -0.15
207009 1.09734 18 55 -0.6 0
207009 1.09734 18 65 -0.6 -10
207009 1.09734 18 65 -0.6 0
207009 1.09734 18 65 -0.6 -0.15
207009 1.09734 18 55 -0.6 -0.15
206868 1.07962 9 45 10 0.3
206218 1.11203 9 72.5 -0.6 -0.3
206218 1.11203 9 70 -0.6 -10
206218 1.11203 9 70 -0.6 -0.15
206218 1.11203 9 70 -0.6 -0.3
206218 1.11203 9 72.5 -0.6 -0.15
206218 1.11203 9 72.5 -0.6 -0.45
206218 1.11203 9 72.5 -0.6 -10
206218 1.11203 9 70 -0.6 -0.45
206185 1.09652 6 45 -0.4 -0.3
206185 1.09652 6 45 -0.4 -0.45
206185 1.09652 6 45 -0.4 -10
206111 1.08509 9 45 -0.4 -0.3
206033 1.07926 9 55 10 0.3
205988 1.11186 9 75 -0.6 -10
205988 1.11186 9 75 -0.6 -0.45
205988 1.11186 9 75 -0.6 -0.3
205988 1.11186 9 75 -0.6 -0.15
205841 1.09709 18 85 10 0
205841 1.09709 18 85 1.4 -0.45
205841 1.09709 24 85 1.4 -10
205841 1.09709 48 85 1.4 -0.45
205841 1.09709 60 85 1.4 -0.3
205841 1.09709 24 85 1.4 0
205841 1.09709 18 85 10 -0.15
205841 1.09709 18 85 1.4 0
205841 1.09709 36 85 1.4 -0.3
205841 1.09709 18 85 10 -10
205841 1.09709 36 85 1.4 0
205841 1.09709 24 85 1.4 -0.3
205841 1.09709 48 85 1.4 -0.15
205841 1.09709 100 85 1.4 -10
205841 1.09709 18 85 10 -0.3
205841 1.09709 60 85 1.4 -0.15
205841 1.09709 18 85 1.4 -0.15
205841 1.09709 100 85 1.4 -0.45
205841 1.09709 24 85 1.4 -0.15
205841 1.09709 100 85 1.4 -0.15
205841 1.09709 60 85 1.4 0
205841 1.09709 18 85 1.4 -0.3
205841 1.09709 18 85 10 -0.45
205841 1.09709 100 85 1.4 -0.3
205841 1.09709 48 85 1.4 0
205841 1.09709 100 85 1.4 0
205841 1.09709 36 85 1.4 -10
205841 1.09709 48 85 1.4 -0.3
205841 1.09709 36 85 1.4 -0.15
205841 1.09709 60 85 1.4 -0.45
205841 1.09709 24 85 1.4 -0.45
205841 1.09709 18 85 1.4 -10
205841 1.09709 48 85 1.4 -10
205841 1.09709 60 85 1.4 -10
205841 1.09709 36 85 1.4 -0.45
205459 1.07831 12 70 1 0.15
205270 1.0765 100 80 1 -0.3
205270 1.0765 48 80 1 0.15
205270 1.0765 18 80 1 0.15
205270 1.0765 36 80 1 0
205270 1.0765 24 80 1 0
205270 1.0765 36 80 1 -0.3
205270 1.0765 60 80 1 -0.3
205270 1.0765 24 80 1 -0.3
205270 1.0765 36 80 1 0.15
205270 1.0765 48 80 1 -0.3
205270 1.0765 36 80 1 -10
205270 1.0765 60 80 1 0.15
205270 1.0765 60 80 1 -10
205270 1.0765 48 80 1 -10
205270 1.0765 60 80 1 0
205270 1.0765 100 80 1 0
205270 1.0765 24 80 1 -10
205270 1.0765 18 80 1 0
205270 1.0765 18 80 1 -10
205270 1.0765 18 80 1 -0.3
205270 1.0765 48 80 1 0
205270 1.0765 100 80 1 -10
205270 1.0765 24 80 1 0.15
205270 1.0765 100 80 1 0.15
205262 1.07864 9 67.5 1 0.15
205193 1.0793 9 67.5 10 0.3
205073 1.08454 60 85 10 -0.45
205073 1.08454 100 85 10 0
205073 1.08454 60 85 10 -0.3
205073 1.08454 48 85 10 -0.15
205073 1.08454 60 85 10 -0.15
205073 1.08454 24 85 10 -10
205073 1.08454 36 85 10 0
205073 1.08454 24 85 10 -0.45
205073 1.08454 48 85 10 -0.45
205073 1.08454 48 85 10 -0.3
205073 1.08454 24 85 10 -0.3
205073 1.08454 60 85 10 -10
205073 1.08454 36 85 10 -0.45
205073 1.08454 100 85 10 -10
205073 1.08454 100 85 10 -0.45
205073 1.08454 100 85 10 -0.3
205073 1.08454 36 85 10 -0.3
205073 1.08454 60 85 10 0
205073 1.08454 48 85 10 0
205073 1.08454 24 85 10 -0.15
205073 1.08454 36 85 10 -10
205073 1.08454 48 85 10 -10
205073 1.08454 24 85 10 0
205073 1.08454 100 85 10 -0.15
205073 1.08454 36 85 10 -0.15
204962 1.07744 12 75 1 0.15
204949 1.11071 12 72.5 -0.6 -0.15
204949 1.11071 12 70 -0.6 -0.15
204949 1.11071 12 72.5 -0.6 -10
204949 1.11071 12 70 -0.6 -10
204949 1.11071 12 72.5 -0.6 -0.45
204949 1.11071 12 70 -0.6 -0.45
204949 1.11071 12 72.5 -0.6 -0.3
204949 1.11071 12 70 -0.6 -0.3
204929 1.07917 9 70 10 0.3
204635 1.16798 6 70 -0.6 0
204635 1.16798 6 72.5 -0.6 0
204635 1.16798 6 67.5 -0.6 0
204621 1.09545 18 80 0.6 0.3
204621 1.09545 24 80 0.6 0.3
204621 1.09545 60 80 0.6 0.3
204621 1.09545 100 80 0.6 0.3
204621 1.09545 48 80 0.6 0.3
204621 1.09545 36 80 0.6 0.3
204509 1.0768 18 75 10 0.3
204355 1.07705 9 75 1 -0.3
204355 1.07705 9 75 1 0
204355 1.07705 9 75 1 -10
204291 1.09748 12 55 1 0.45
204010 1.10948 100 75 -0.2 0.3
204010 1.10948 60 75 -0.2 0.3
204010 1.10948 18 75 -0.2 0.3
204010 1.10948 36 75 -0.2 0.3
204010 1.10948 24 75 -0.2 0.3
204010 1.10948 48 75 -0.2 0.3
203989 1.09904 9 67.5 10 0.45
203868 1.08435 12 65 -0.2 -10
203867 1.07869 9 65 10 0.3
203799 1.0947 12 45 -0.8 0
203729 1.09888 9 70 10 0.45
203656 1.09468 12 65 -0.6 -0.45
203656 1.09468 12 65 -0.6 -10
203260 1.0858 12 72.5 0.6 0.15
202860 1.08371 12 65 -0.2 -0.3
202860 1.08371 12 67.5 -0.2 -0.3
202860 1.08371 12 67.5 -0.2 -10
202728 1.07554 100 77.5 1 0.15
202728 1.07554 24 77.5 1 0.15
202728 1.07554 36 77.5 1 0.15
202728 1.07554 48 77.5 1 0.15
202728 1.07554 18 77.5 1 0.15
202728 1.07554 60 77.5 1 0.15
202649 1.09396 12 67.5 -0.6 -0.45
202649 1.09396 12 67.5 -0.6 -0.3
202649 1.09396 12 65 -0.6 -0.3
202649 1.09396 12 67.5 -0.6 -10
202643 1.08494 9 72.5 0.6 0.15
202556 1.13483 6 45 -0.4 0
202495 1.07542 18 77.5 1 -10
202495 1.07542 60 77.5 1 0
202495 1.07542 24 77.5 1 -10
202495 1.07542 48 77.5 1 -0.3
202495 1.07542 60 77.5 1 -0.3
202495 1.07542 18 77.5 1 0
202495 1.07542 36 77.5 1 -0.3
202495 1.07542 48 77.5 1 -10
202495 1.07542 48 77.5 1 0
202495 1.07542 24 77.5 1 0
202495 1.07542 36 77.5 1 0
202495 1.07542 24 77.5 1 -0.3
202495 1.07542 100 77.5 1 -10
202495 1.07542 18 77.5 1 -0.3
202495 1.07542 60 77.5 1 -10
202495 1.07542 100 77.5 1 0
202495 1.07542 36 77.5 1 -10
202495 1.07542 100 77.5 1 -0.3
202442 1.0981 9 65 10 0.45
201992 1.09377 18 45 -0.8 0
201914 1.09472 24 85 1 -0.3
201914 1.09472 48 85 1 -10
201914 1.09472 36 85 1 -0.3
201914 1.09472 48 85 1 -0.45
201914 1.09472 36 85 1 -0.15
201914 1.09472 48 85 1 -0.15
201914 1.09472 48 85 1 -0.3
201914 1.09472 100 85 1 0
201914 1.09472 60 85 1 0
201914 1.09472 60 85 1 -10
201914 1.09472 48 85 1 0
201914 1.09472 36 85 1 -0.45
201914 1.09472 36 85 1 -10
201914 1.09472 18 85 1 0
201914 1.09472 18 85 1 -0.3
201914 1.09472 60 85 1 -0.45
201914 1.09472 18 85 1 -0.15
201914 1.09472 18 85 1 -0.45
201914 1.09472 24 85 1 -10
201914 1.09472 18 85 1 -10
201914 1.09472 24 85 1 -0.45
201914 1.09472 24 85 1 -0.15
201914 1.09472 36 85 1 0
201914 1.09472 100 85 1 -0.3
201914 1.09472 100 85 1 -10
201914 1.09472 60 85 1 -0.15
201914 1.09472 100 85 1 -0.45
201914 1.09472 24 85 1 0
201914 1.09472 100 85 1 -0.15
201914 1.09472 60 85 1 -0.3
201573 1.0745 18 80 10 -0.3
201573 1.0745 18 80 10 0
201573 1.0745 18 80 10 -10
201573 1.0745 18 80 10 0.15
201544 1.07635 12 70 1 -0.3
201544 1.07635 12 70 1 -10
201544 1.07635 12 70 1 0
201516 1.09319 12 0 -0.6 -0.15
201516 1.09319 12 55 -0.6 -0.15
201453 1.10949 48 45 0.8 0.45
201453 1.10949 24 45 0.8 0.45
201453 1.10949 18 45 0.8 0.45
201453 1.10949 100 45 0.8 0.45
201453 1.10949 60 45 0.8 0.45
201453 1.10949 36 45 0.8 0.45
201445 1.07518 9 72.5 1.4 0.15
201256 1.09317 9 0 -0.6 -0.15
200906 1.08356 6 0 -0.2 -0.15
200682 1.07541 9 75 10 0.15
200653 1.12737 6 67.5 -0.6 -10
200653 1.12737 6 67.5 -0.6 -0.15
200653 1.12737 6 67.5 -0.6 -0.45
200653 1.12737 6 67.5 -0.6 -0.3
200507 1.09489 100 55 1 0.45
200507 1.09489 18 55 1 0.45
200507 1.09489 24 55 1 0.45
200507 1.09489 48 55 1 0.45
200507 1.09489 60 55 1 0.45
200507 1.09489 36 55 1 0.45
200457 1.07515 12 75 1 0
200457 1.07515 12 75 1 -10
200457 1.07515 12 75 1 -0.3
200431 1.12713 6 70 -0.6 -10
200431 1.12713 6 70 -0.6 -0.15
200431 1.12713 6 70 -0.6 -0.3
200431 1.12713 6 70 -0.6 -0.45
200306 1.10622 36 65 -0.2 0.3
200306 1.10622 18 65 -0.2 0.3
200306 1.10622 60 0 -0.2 0.3
200306 1.10622 48 0 -0.2 0.3
200306 1.10622 100 55 -0.2 0.3
200306 1.10622 18 0 -0.2 0.3
200306 1.10622 36 0 -0.2 0.3
200306 1.10622 48 55 -0.2 0.3
200306 1.10622 100 65 -0.2 0.3
200306 1.10622 18 55 -0.2 0.3
200306 1.10622 48 65 -0.2 0.3
200306 1.10622 24 55 -0.2 0.3
200306 1.10622 36 55 -0.2 0.3
200306 1.10622 60 55 -0.2 0.3
200306 1.10622 60 65 -0.2 0.3
200306 1.10622 24 0 -0.2 0.3
200306 1.10622 24 65 -0.2 0.3
200306 1.10622 100 0 -0.2 0.3
200109 1.09231 24 55 -0.6 0
200109 1.09231 48 55 -0.6 -0.15
200109 1.09231 60 65 -0.6 -10
200109 1.09231 36 65 -0.6 -0.15
200109 1.09231 60 55 -0.6 0
200109 1.09231 60 65 -0.6 -0.45
200109 1.09231 60 0 -0.6 -0.15
200109 1.09231 36 0 -0.6 0
200109 1.09231 100 65 -0.6 -10
200109 1.09231 100 65 -0.6 -0.45
200109 1.09231 36 65 -0.6 -0.45
200109 1.09231 100 65 -0.6 -0.15
200109 1.09231 48 55 -0.6 0
200109 1.09231 60 0 -0.6 0
200109 1.09231 48 65 -0.6 -0.15
200109 1.09231 100 65 -0.6 -0.3
200109 1.09231 100 55 -0.6 0
200109 1.09231 24 55 -0.6 -0.15
200109 1.09231 24 65 -0.6 -10
200109 1.09231 36 65 -0.6 -10
200109 1.09231 24 65 -0.6 -0.45
200109 1.09231 24 65 -0.6 -0.15
200109 1.09231 60 65 -0.6 -0.15
200109 1.09231 24 65 -0.6 -0.3
200109 1.09231 24 65 -0.6 0
200109 1.09231 48 65 -0.6 -10
200109 1.09231 48 0 -0.6 0
200109 1.09231 36 55 -0.6 0
200109 1.09231 100 65 -0.6 0
200109 1.09231 36 65 -0.6 -0.3
200109 1.09231 48 65 -0.6 -0.45
200109 1.09231 100 0 -0.6 -0.15
200109 1.09231 36 65 -0.6 0
200109 1.09231 48 65 -0.6 -0.3
200109 1.09231 48 65 -0.6 0
200109 1.09231 60 65 -0.6 0
200109 1.09231 36 0 -0.6 -0.15
200109 1.09231 24 0 -0.6 0
200109 1.09231 36 55 -0.6 -0.15
200109 1.09231 100 0 -0.6 0
200109 1.09231 24 0 -0.6 -0.15
200109 1.09231 60 65 -0.6 -0.3
200109 1.09231 48 0 -0.6 -0.15
200109 1.09231 100 55 -0.6 -0.15
200109 1.09231 60 55 -0.6 -0.15
199910 1.10611 9 45 -0.8 0
199426 1.08103 60 80 10 0.3
199426 1.08103 36 80 10 0.3
199426 1.08103 100 80 10 0.3
199426 1.08103 48 80 10 0.3
199329 1.0816 18 0 -0.2 0
199329 1.0816 60 65 -0.2 0
199329 1.0816 18 65 -0.2 -10
199329 1.0816 18 65 -0.2 -0.3
199329 1.0816 18 65 -0.2 0
199329 1.0816 60 65 -0.2 -10
199329 1.0816 60 0 -0.2 0
199329 1.0816 100 55 -0.2 0
199329 1.0816 36 65 -0.2 -10
199329 1.0816 36 65 -0.2 -0.3
199329 1.0816 48 65 -0.2 0
199329 1.0816 48 65 -0.2 -10
199329 1.0816 100 65 -0.2 -0.3
199329 1.0816 48 0 -0.2 0
199329 1.0816 36 55 -0.2 0
199329 1.0816 36 65 -0.2 0
199329 1.0816 18 55 -0.2 0
199329 1.0816 100 65 -0.2 0
199329 1.0816 24 55 -0.2 0
199329 1.0816 48 65 -0.2 -0.3
199329 1.0816 24 65 -0.2 -10
199329 1.0816 60 55 -0.2 0
199329 1.0816 100 65 -0.2 -10
199329 1.0816 24 65 -0.2 -0.3
199329 1.0816 48 55 -0.2 0
199329 1.0816 24 65 -0.2 0
199329 1.0816 36 0 -0.2 0
199329 1.0816 100 0 -0.2 0
199329 1.0816 60 65 -0.2 -0.3
199329 1.0816 24 0 -0.2 0
199191 1.0835 12 72.5 0.6 0
199191 1.0835 12 72.5 0.6 -10
199191 1.0835 12 72.5 0.6 -0.3
198587 1.08264 9 72.5 0.6 0
198587 1.08264 9 72.5 0.6 -10
198587 1.08264 9 72.5 0.6 -0.3
198234 1.105 9 55 -0.6 0
198234 1.105 9 65 -0.6 0
198234 1.105 9 0 -0.6 0
198234 1.105 9 67.5 -0.6 0
198012 1.10509 18 75 -0.6 -0.45
198012 1.10509 18 75 -0.6 0
198012 1.10509 18 75 -0.6 -0.3
198012 1.10509 18 75 -0.6 -10
198012 1.10509 18 75 -0.6 -0.15
197763 1.12807 12 70 -0.2 0.45
197421 1.07311 9 72.5 1.4 -0.3
197421 1.07311 9 72.5 1.4 -10
197421 1.07311 9 72.5 1.4 0
197262 1.12469 6 72.5 -0.2 -0.15
197262 1.12469 6 72.5 -0.2 -0.3
197262 1.12469 6 72.5 -0.2 -10
197262 1.12469 6 72.5 -0.2 -0.45
197244 1.10488 100 85 1.4 0.3
197244 1.10488 18 85 10 0.3
197244 1.10488 36 85 1.4 0.3
197244 1.10488 24 85 1.4 0.3
197244 1.10488 18 85 1.4 0.3
197244 1.10488 48 85 1.4 0.3
197244 1.10488 60 85 1.4 0.3
197057 1.15655 6 65 -0.6 0
197041 1.12445 6 75 -0.2 -10
197041 1.12445 6 75 -0.2 -0.3
197041 1.12445 6 75 -0.2 -0.15
197041 1.12445 6 75 -0.2 -0.45
196980 1.09433 9 55 10 0.45
196890 1.104 9 67.5 -0.6 -0.15
196890 1.104 9 65 -0.6 -0.15
196522 1.08978 36 85 10 0.3
196522 1.08978 24 85 10 0.3
196522 1.08978 48 85 10 0.3
196522 1.08978 60 85 10 0.3
196522 1.08978 100 85 10 0.3
196520 1.09186 18 0 1 0.45
196520 1.09186 36 0 1 0.45
196520 1.09186 48 0 1 0.45
196520 1.09186 100 0 1 0.45
196520 1.09186 24 0 1 0.45
196520 1.09186 60 0 1 0.45
196507 1.07913 24 80 10 0.3
196252 1.07313 9 75 10 0
196252 1.07313 9 75 10 -0.3
196252 1.07313 9 75 10 -10
196061 1.07945 48 80 0.6 -0.3
196061 1.07945 36 80 0.6 -10
196061 1.07945 24 80 0.6 0
196061 1.07945 60 80 0.6 0
196061 1.07945 48 80 0.6 -10
196061 1.07945 24 80 0.6 -0.3
196061 1.07945 36 80 0.6 0.15
196061 1.07945 60 80 0.6 -0.3
196061 1.07945 48 80 0.6 0.15
196061 1.07945 18 80 0.6 -0.3
196061 1.07945 60 80 0.6 0.15
196061 1.07945 24 80 0.6 -10
196061 1.07945 18 80 0.6 0
196061 1.07945 24 80 0.6 0.15
196061 1.07945 18 80 0.6 0.15
196061 1.07945 36 80 0.6 -0.3
196061 1.07945 48 80 0.6 0
196061 1.07945 100 80 0.6 0
196061 1.07945 18 80 0.6 -10
196061 1.07945 60 80 0.6 -10
196061 1.07945 36 80 0.6 0
196061 1.07945 100 80 0.6 -10
196061 1.07945 100 80 0.6 0.15
196061 1.07945 100 80 0.6 -0.3
195801 1.10312 9 55 -0.6 -0.15
195796 1.09094 6 55 -0.2 -0.15
195513 1.07423 9 70 10 0.15
195388 1.10426 6 70 -0.2 -0.45
195388 1.10426 6 70 -0.2 -0.3
195388 1.10426 6 70 -0.2 -0.15
195388 1.10426 6 70 -0.2 -10
195303 1.06463 18 0 -0.6 -10
195287 1.12614 12 65 -0.2 0.45
195287 1.12614 12 67.5 -0.2 0.45
195287 1.12614 12 55 -0.2 0.45
195287 1.12614 12 0 -0.2 0.45
195260 1.08874 100 45 -0.8 0
195260 1.08874 48 45 -0.8 0
195260 1.08874 60 45 -0.8 0
195260 1.08874 24 45 -0.8 0
195260 1.08874 36 45 -0.8 0
195248 1.08967 18 55 -0.6 -10
195248 1.08967 18 55 -0.6 -0.3
195248 1.08967 18 55 -0.6 -0.45
195248 1.08967 18 0 -0.6 -0.3
195248 1.08967 18 0 -0.6 -0.45
195222 1.07164 18 77.5 10 0.15
195207 1.07169 100 75 1 0.15
195207 1.07169 24 75 1 0.15
195207 1.07169 48 75 1 0.15
195207 1.07169 18 75 1 0.15
195207 1.07169 36 75 1 0.15
195207 1.07169 60 75 1 0.15
195144 1.07238 12 75 10 0.15
195022 1.10548 12 70 10 0.6
195014 1.0735 9 65 1 0.15
194996 1.07152 18 77.5 10 -0.3
194996 1.07152 18 77.5 10 -10
194996 1.07152 18 77.5 10 0
194931 1.08946 60 75 -0.2 0.15
194931 1.08946 100 75 -0.2 0.15
194931 1.08946 36 75 -0.2 0.15
194931 1.08946 24 75 -0.2 0.15
194931 1.08946 48 75 -0.2 0.15
194931 1.08946 18 75 -0.2 0.15
194788 1.09294 9 0 10 0.45
194707 1.08932 48 75 -0.2 0
194707 1.08932 60 75 -0.2 -0.3
194707 1.08932 60 75 -0.2 0
194707 1.08932 18 75 -0.2 0
194707 1.08932 60 75 -0.2 -10
194707 1.08932 100 75 -0.2 -10
194707 1.08932 24 75 -0.2 -10
194707 1.08932 48 75 -0.2 -0.3
194707 1.08932 18 75 -0.2 -0.3
194707 1.08932 18 75 -0.2 -10
194707 1.08932 36 75 -0.2 -0.3
194707 1.08932 100 75 -0.2 0
194707 1.08932 48 75 -0.2 -10
194707 1.08932 100 75 -0.2 -0.3
194707 1.08932 36 75 -0.2 -10
194707 1.08932 36 75 -0.2 0
194707 1.08932 24 75 -0.2 0
194707 1.08932 24 75 -0.2 -0.3
194691 1.09021 6 55 -0.2 -0.45
194691 1.09021 6 55 -0.2 -0.3
194691 1.09021 6 55 -0.2 -10
194638 1.08882 12 80 1.4 0.3
194638 1.08882 9 80 1.4 0.3
194539 1.08891 18 45 -0.8 -0.3
194539 1.08891 18 45 -0.8 -10
194539 1.08891 18 45 -0.8 -0.45
194539 1.08891 18 45 -0.8 -0.15
194392 1.07308 12 70 10 0.3
194170 1.09255 9 45 10 0.45
194163 1.10144 6 0 -0.6 -0.45
194163 1.10144 6 0 -0.6 -0.3
194163 1.10144 6 0 -0.6 -10
193971 1.07317 12 72.5 10 0.3
193967 1.10625 12 72.5 1.4 0.45
193634 1.07838 48 77.5 0.6 0.15
193634 1.07838 60 77.5 0.6 0.15
193634 1.07838 18 77.5 0.6 0.15
193634 1.07838 100 77.5 0.6 0.15
193634 1.07838 24 77.5 0.6 0.15
193634 1.07838 36 77.5 0.6 0.15
193587 1.0776 24 77.5 10 0.3
193482 1.10216 48 85 1 0.3
193482 1.10216 36 85 1 0.3
193482 1.10216 18 85 1 0.3
193482 1.10216 24 85 1 0.3
193482 1.10216 100 85 1 0.3
193482 1.10216 60 85 1 0.3
193413 1.07825 24 77.5 0.6 0
193413 1.07825 100 77.5 0.6 0
193413 1.07825 24 77.5 0.6 -0.3
193413 1.07825 100 77.5 0.6 -0.3
193413 1.07825 18 77.5 0.6 0
193413 1.07825 60 77.5 0.6 0
193413 1.07825 24 77.5 0.6 -10
193413 1.07825 100 77.5 0.6 -10
193413 1.07825 36 77.5 0.6 -10
193413 1.07825 48 77.5 0.6 -0.3
193413 1.07825 60 77.5 0.6 -0.3
193413 1.07825 48 77.5 0.6 0
193413 1.07825 18 77.5 0.6 -10
193413 1.07825 36 77.5 0.6 -0.3
193413 1.07825 36 77.5 0.6 0
193413 1.07825 60 77.5 0.6 -10
193413 1.07825 18 77.5 0.6 -0.3
193413 1.07825 48 77.5 0.6 -10
193358 1.07744 48 77.5 10 0.3
193358 1.07744 100 77.5 10 0.3
193358 1.07744 60 77.5 10 0.3
193358 1.07744 36 77.5 10 0.3
193224 1.11971 6 65 -0.6 -0.3
193224 1.11971 6 65 -0.6 -10
193224 1.11971 6 65 -0.6 -0.45
193224 1.11971 6 65 -0.6 -0.15
193068 1.10072 9 65 -0.6 -0.45
193068 1.10072 9 65 -0.6 -10
192619 1.09985 9 80 1 0.3
192375 1.1511 6 0 -0.6 0
192375 1.1511 6 55 -0.6 0
192313 1.10194 6 67.5 -0.2 -10
192313 1.10194 6 67.5 -0.2 -0.15
192313 1.10194 6 67.5 -0.2 -0.3
192313 1.10194 6 67.5 -0.2 -0.45
192203 1.06971 18 45 0.8 0.3
192203 1.06971 48 45 0.8 0.3
192203 1.06971 60 45 0.8 0.3
192203 1.06971 36 45 0.8 0.3
192203 1.06971 100 45 0.8 0.3
192203 1.06971 24 45 0.8 0.3
192148 1.11852 6 55 -0.6 -0.15
192115 1.09989 9 67.5 -0.6 -0.45
192115 1.09989 9 67.5 -0.6 -10
192115 1.09989 9 65 -0.6 -0.3
192115 1.09989 9 67.5 -0.6 -0.3
192098 1.07088 12 67.5 1 0.15
191807 1.07184 9 0 1 0.15
191797 1.07226 9 70 10 -10
191797 1.07226 9 70 10 -0.3
191797 1.07226 9 70 10 0
191787 1.07183 9 55 1 0.15
191416 1.09934 48 75 -0.6 -0.45
191416 1.09934 36 75 -0.6 -0.45
191416 1.09934 60 75 -0.6 -0.45
191416 1.09934 36 75 -0.6 -0.3
191416 1.09934 100 75 -0.6 0
191416 1.09934 48 75 -0.6 -0.3
191416 1.09934 100 75 -0.6 -0.3
191416 1.09934 36 75 -0.6 -10
191416 1.09934 100 75 -0.6 -0.15
191416 1.09934 48 75 -0.6 -0.15
191416 1.09934 48 75 -0.6 0
191416 1.09934 60 75 -0.6 0
191416 1.09934 100 75 -0.6 -0.45
191416 1.09934 100 75 -0.6 -10
191416 1.09934 24 75 -0.6 -10
191416 1.09934 24 75 -0.6 -0.45
191416 1.09934 24 75 -0.6 -0.15
191416 1.09934 24 75 -0.6 -0.3
191416 1.09934 36 75 -0.6 -0.15
191416 1.09934 24 75 -0.6 0
191416 1.09934 60 75 -0.6 -0.3
191416 1.09934 36 75 -0.6 0
191416 1.09934 60 75 -0.6 -0.15
191416 1.09934 60 75 -0.6 -10
191416 1.09934 48 75 -0.6 -10
191402 1.08661 48 0 -0.2 0.15
191402 1.08661 36 0 -0.2 0.15
191402 1.08661 100 55 -0.2 0.15
191402 1.08661 24 55 -0.2 0.15
191402 1.08661 48 55 -0.2 0.15
191402 1.08661 18 55 -0.2 0.15
191402 1.08661 36 55 -0.2 0.15
191402 1.08661 18 65 -0.2 0.15
191402 1.08661 60 55 -0.2 0.15
191402 1.08661 100 0 -0.2 0.15
191402 1.08661 24 0 -0.2 0.15
191402 1.08661 18 0 -0.2 0.15
191402 1.08661 48 65 -0.2 0.15
191402 1.08661 24 65 -0.2 0.15
191402 1.08661 100 65 -0.2 0.15
191402 1.08661 60 65 -0.2 0.15
191402 1.08661 36 65 -0.2 0.15
191402 1.08661 60 0 -0.2 0.15
191261 1.08667 9 55 -0.6 -10
191261 1.08667 9 55 -0.6 -0.45
191261 1.08667 9 55 -0.6 -0.3
191253 1.10234 12 72.5 10 0.6
191245 1.07159 9 45 0.8 0.15
191107 1.07688 6 0 -0.2 -10
191107 1.07688 6 0 -0.2 -0.45
191107 1.07688 6 0 -0.2 -0.3
191102 1.06893 100 65 1 0.3
191102 1.06893 24 65 1 0.3
191102 1.06893 18 65 1 0.3
191102 1.06893 60 65 1 0.3
191102 1.06893 36 65 1 0.3
191102 1.06893 12 65 1 0.3
191102 1.06893 48 65 1 0.3
191085 1.06808 48 80 10 -10
191085 1.06808 36 80 10 0
191085 1.06808 60 80 10 0
191085 1.06808 36 80 10 -10
191085 1.06808 48 80 10 0.15
191085 1.06808 48 80 10 -0.3
191085 1.06808 36 80 10 -0.3
191085 1.06808 100 80 10 -0.3
191085 1.06808 36 80 10 0.15
191085 1.06808 60 80 10 -0.3
191085 1.06808 60 80 10 -10
191085 1.06808 48 80 10 0
191085 1.06808 60 80 10 0.15
191085 1.06808 100 80 10 0
191085 1.06808 100 80 10 -10
191085 1.06808 100 80 10 0.15
190990 1.11619 48 0 1 0.6
190990 1.11619 60 0 1 0.6
190990 1.11619 24 0 1 0.6
190990 1.11619 12 0 1 0.6
190990 1.11619 100 0 1 0.6
190990 1.11619 18 0 1 0.6
190990 1.11619 36 0 1 0.6
190912 1.0694 100 75 1 -0.3
190912 1.0694 18 75 1 -10
190912 1.0694 18 75 1 -0.3
190912 1.0694 60 75 1 -10
190912 1.0694 24 75 1 -10
190912 1.0694 18 75 1 0
190912 1.0694 24 75 1 -0.3
190912 1.0694 60 75 1 -0.3
190912 1.0694 36 75 1 -10
190912 1.0694 48 75 1 -10
190912 1.0694 60 75 1 0
190912 1.0694 100 75 1 0
190912 1.0694 100 75 1 -10
190912 1.0694 48 75 1 -0.3
190912 1.0694 36 75 1 -0.3
190912 1.0694 48 75 1 0
190912 1.0694 24 75 1 0
190912 1.0694 36 75 1 0
190889 1.1539 6 75 -0.2 0
190889 1.1539 6 72.5 -0.2 0
190834 1.07009 12 75 10 -10
190834 1.07009 12 75 10 -0.3
190834 1.07009 12 75 10 0
190799 1.10047 6 65 -0.2 -0.45
190799 1.10047 6 65 -0.2 -0.3
190799 1.10047 6 65 -0.2 -0.15
190799 1.10047 6 65 -0.2 -10
190795 1.06913 12 0 1 0.3
190558 1.08918 18 65 10 0.45
190526 1.06844 12 0 -0.6 -10
190371 1.086 9 80 10 0.3
190346 1.10117 12 67.5 10 0.6
190081 1.08552 12 55 -0.6 -0.3
190081 1.08552 12 55 -0.6 -0.45
190081 1.08552 12 55 -0.6 -10
189821 1.10287 12 70 1 0.45
189737 1.06933 9 72.5 10 0.3
189737 1.07006 12 67.5 10 0.3
189642 1.08521 12 0 -0.6 -0.3
189631 1.11562 12 75 -0.2 0.3
189414 1.08848 12 65 10 0.45
189393 1.06742 24 75 10 0.3
189359 1.10111 9 72.5 1.4 0.45
189318 1.08889 12 0 10 0.45
189153 1.0846 12 45 -0.8 -0.15
189140 1.06728 60 75 10 0.3
189140 1.06728 100 75 10 0.3
189140 1.06728 48 75 10 0.3
189140 1.06728 36 75 10 0.3
189088 1.12334 6 70 -0.2 0
188796 1.0611 100 0 -0.6 -10
188796 1.0611 48 0 -0.6 -10
188796 1.0611 24 0 -0.6 -10
188796 1.0611 60 0 -0.6 -10
188796 1.0611 36 0 -0.6 -10
188744 1.08464 48 55 -0.6 -0.3
188744 1.08464 36 55 -0.6 -0.45
188744 1.08464 36 0 -0.6 -0.3
188744 1.08464 36 55 -0.6 -0.3
188744 1.08464 36 55 -0.6 -10
188744 1.08464 60 55 -0.6 -0.45
188744 1.08464 48 55 -0.6 -10
188744 1.08464 24 55 -0.6 -10
188744 1.08464 48 0 -0.6 -0.3
188744 1.08464 48 0 -0.6 -0.45
188744 1.08464 100 55 -0.6 -0.3
188744 1.08464 24 55 -0.6 -0.45
188744 1.08464 100 0 -0.6 -0.45
188744 1.08464 24 0 -0.6 -0.3
188744 1.08464 60 0 -0.6 -0.45
188744 1.08464 60 0 -0.6 -0.3
188744 1.08464 60 55 -0.6 -0.3
188744 1.08464 100 55 -0.6 -10
188744 1.08464 24 0 -0.6 -0.45
188744 1.08464 48 55 -0.6 -0.45
188744 1.08464 100 55 -0.6 -0.45
188744 1.08464 100 0 -0.6 -0.3
188744 1.08464 24 55 -0.6 -0.3
188744 1.08464 36 0 -0.6 -0.45
188744 1.08464 60 55 -0.6 -10
188729 1.08429 12 45 -0.8 -0.3
188719 1.0885 12 45 10 0.45
188499 1.0746 9 0 -0.6 -10
188422 1.06863 9 67.5 1 0
188311 1.08457 12 80 1 0.3
188279 1.06636 24 80 10 0.15
188279 1.06636 24 80 10 -10
188279 1.06636 24 80 10 0
188279 1.06636 24 80 10 -0.3
188054 1.08388 48 45 -0.8 -0.15
188054 1.08388 36 45 -0.8 -0.3
188054 1.08388 48 45 -0.8 -0.3
188054 1.08388 36 45 -0.8 -0.45
188054 1.08388 36 45 -0.8 -0.15
188054 1.08388 60 45 -0.8 -0.3
188054 1.08388 48 45 -0.8 -0.45
188054 1.08388 36 45 -0.8 -10
188054 1.08388 100 45 -0.8 -10
188054 1.08388 60 45 -0.8 -0.15
188054 1.08388 100 45 -0.8 -0.45
188054 1.08388 100 45 -0.8 -0.15
188054 1.08388 24 45 -0.8 -0.45
188054 1.08388 48 45 -0.8 -10
188054 1.08388 60 45 -0.8 -0.45
188054 1.08388 24 45 -0.8 -10
188054 1.08388 100 45 -0.8 -0.3
188054 1.08388 60 45 -0.8 -10
188054 1.08388 24 45 -0.8 -0.3
188054 1.08388 24 45 -0.8 -0.15
187675 1.11443 6 55 -0.6 -10
187675 1.11443 6 55 -0.6 -0.3
187675 1.11443 6 55 -0.6 -0.45
187661 1.10137 12 72.5 1 0.45
187394 1.11599 9 72.5 1 0.45
187394 1.11599 9 70 1 0.45
187394 1.11599 9 67.5 1 0.45
187394 1.11599 9 75 1 0.45
187351 1.06985 9 67.5 10 0.15
186623 1.08292 9 0 -0.6 -0.45
186623 1.08292 9 0 -0.6 -0.3
186495 1.07355 12 80 1.4 -0.3
186495 1.07355 9 80 1.4 -0.3
186495 1.07355 12 80 1.4 -10
186495 1.07355 9 80 1.4 0
186495 1.07355 9 80 1.4 -10
186495 1.07355 9 80 1.4 0.15
186495 1.07355 12 80 1.4 0.15
186495 1.07355 12 80 1.4 0
186384 1.0952 9 45 -0.8 -0.15
186341 1.07377 6 70 1 -0.3
186341 1.07377 6 70 1 0
186341 1.07377 6 70 1 -10
186247 1.08274 12 0 -0.6 -0.45
186221 1.086 12 55 10 0.45
185944 1.06853 9 45 10 0.15
185929 1.09494 6 45 -0.8 -0.45
185929 1.09494 6 45 -0.8 -10
185929 1.09494 6 45 -0.8 -0.3
185900 1.1204 6 67.5 -0.2 0
185856 1.06663 18 75 10 0.15
185777 1.11048 18 55 1 0.6
185777 1.11048 12 55 1 0.6
185777 1.11048 60 55 1 0.6
185777 1.11048 24 55 1 0.6
185777 1.11048 48 55 1 0.6
185777 1.11048 100 55 1 0.6
185777 1.11048 36 55 1 0.6
185657 1.06691 9 67.5 1 -0.3
185657 1.06691 9 67.5 1 -10
185617 1.06836 9 0 10 0.15
185590 1.06571 12 55 1 0.3
185446 1.06813 12 70 10 0.15
185365 1.06827 9 55 10 0.15
185342 1.08182 12 45 -0.8 -10
185342 1.08182 12 45 -0.8 -0.45
185053 1.09957 12 67.5 1 0.45
185028 1.1119 6 45 -0.8 -0.15
184921 1.08212 12 80 10 0.3
184753 1.08196 6 70 1 0.15
184664 1.07358 9 55 -0.2 -10
184664 1.07358 9 55 -0.2 -0.3
184443 1.11799 6 0 -0.2 0
184443 1.11799 6 65 -0.2 0
184443 1.11799 6 55 -0.2 0
183942 1.07189 9 80 1 0.15
183942 1.07189 9 80 1 -0.3
183942 1.07189 9 80 1 -10
183942 1.07189 9 80 1 0
183696 1.07186 6 70 10 -10
183696 1.07186 6 70 10 -0.3
183696 1.07186 6 70 10 0
183616 1.06741 12 72.5 10 0.15
183432 1.08383 18 55 10 0.45
183202 1.09623 12 75 1 0.45
182768 1.09192 9 45 -0.8 -0.45
182768 1.09192 9 45 -0.8 -10
182495 1.06545 9 65 1 0
182407 1.07105 9 80 10 0
182407 1.07105 9 80 10 -0.3
182407 1.07105 9 80 10 0.15
182407 1.07105 9 80 10 -10
182173 1.06432 12 0 10 0.3
182158 1.09217 6 72.5 1 0.15
182147 1.06364 60 55 1 0.3
182147 1.06364 36 55 1 0.3
182147 1.06364 24 55 1 0.3
182147 1.06364 48 55 1 0.3
182147 1.06364 18 55 1 0.3
182147 1.06364 100 55 1 0.3
182131 1.07981 6 70 10 0.15
182100 1.06566 12 45 0.8 0.15
182050 1.08228 24 65 10 0.45
181943 1.06617 12 70 10 0
181943 1.06617 12 70 10 -10
181864 1.0911 9 45 -0.8 -0.3
181822 1.06505 9 0 1 0
181751 1.06435 18 75 10 0
181751 1.06435 18 75 10 -10
181751 1.06435 18 75 10 -0.3
181579 1.064 12 45 10 0.3
181277 1.0913 6 75 1 0.15
181277 1.0913 6 75 10 0.15
181028 1.06463 9 45 0.8 0
180948 1.07052 6 67.5 1 -0.3
180948 1.07052 6 67.5 10 -0.3
180948 1.07052 6 67.5 1 0
180948 1.07052 6 67.5 10 0
180948 1.07052 6 67.5 1 -10
180948 1.07052 6 67.5 10 -10
180777 1.06226 24 77.5 10 0.15
180716 1.06624 9 65 10 0.15
180709 1.0643 9 65 1 -10
180573 1.06215 24 77.5 10 -10
180573 1.06215 24 77.5 10 0
180573 1.06215 24 77.5 10 -0.3
180561 1.06212 36 77.5 10 0.15
180561 1.06212 48 77.5 10 0.15
180561 1.06212 100 77.5 10 0.15
180561 1.06212 60 77.5 10 0.15
180433 1.06978 12 80 1 -10
180433 1.06978 12 80 1 -0.3
180433 1.06978 12 80 1 0.15
180433 1.06978 12 80 1 0
180348 1.062 60 77.5 10 -0.3
180348 1.062 60 77.5 10 -10
180348 1.062 100 77.5 10 0
180348 1.062 48 77.5 10 -0.3
180348 1.062 60 77.5 10 0
180348 1.062 48 77.5 10 -10
180348 1.062 36 77.5 10 -0.3
180348 1.062 36 77.5 10 0
180348 1.062 100 77.5 10 -10
180348 1.062 48 77.5 10 0
180348 1.062 36 77.5 10 -10
180348 1.062 100 77.5 10 -0.3
180072 1.11566 3 45 0.4 -0.45
180072 1.11566 3 45 0.4 -0.3
180072 1.11566 3 45 0.4 -10
179956 1.06534 12 72.5 10 0
179956 1.06534 12 72.5 10 -10
179866 1.08967 12 80 0.6 0.3
179811 1.06373 9 65 1 -0.3
179620 1.06357 9 72.5 10 0.15
179566 1.0897 6 72.5 10 0.15
179246 1.10993 12 72.5 0.6 0.45
179044 1.10385 9 80 0.6 0.3
178944 1.06926 24 55 -0.2 -10
178944 1.06926 48 55 -0.2 -10
178944 1.06926 36 55 -0.2 -0.3
178944 1.06926 100 55 -0.2 -10
178944 1.06926 48 55 -0.2 -0.3
178944 1.06926 18 55 -0.2 -0.3
178944 1.06926 60 55 -0.2 -10
178944 1.06926 24 55 -0.2 -0.3
178944 1.06926 36 55 -0.2 -10
178944 1.06926 100 55 -0.2 -0.3
178944 1.06926 60 55 -0.2 -0.3
178944 1.06926 18 55 -0.2 -10
178623 1.0797 36 65 10 0.45
178598 1.10898 9 0 1 0.45
178598 1.10898 9 55 1 0.45
178520 1.06121 100 0 1 0.3
178520 1.06121 36 0 1 0.3
178520 1.06121 48 0 1 0.3
178520 1.06121 24 0 1 0.3
178520 1.06121 18 0 1 0.3
178520 1.06121 60 0 1 0.3
178515 1.08921 6 72.5 1 -10
178515 1.08921 6 72.5 1 -0.3
178515 1.08921 6 72.5 1 0
178058 1.06862 12 55 -0.2 -10
178058 1.06862 12 55 -0.2 -0.3
178053 1.07725 6 67.5 10 0.15
178053 1.07725 6 67.5 1 0.15
177765 1.08732 24 75 10 0.6
177558 1.06261 9 55 1 0
177551 1.08712 100 75 10 0.6
177551 1.08712 60 75 10 0.6
177551 1.08712 48 75 10 0.6
177551 1.08712 36 75 10 0.6
177294 1.07863 48 65 10 0.45
177294 1.07863 100 65 10 0.45
177294 1.07863 60 65 10 0.45
177289 1.08803 6 75 10 -10
177289 1.08803 6 75 10 -0.3
177289 1.08803 6 75 1 0
177289 1.08803 6 75 1 -10
177289 1.08803 6 75 1 -0.3
177289 1.08803 6 75 10 0
177186 1.0676 12 80 10 -0.3
177186 1.0676 12 80 10 -10
177186 1.0676 12 80 10 0.15
177186 1.0676 12 80 10 0
176696 1.10311 18 75 10 0.6
176355 1.06087 12 67.5 1 0
176038 1.0615 9 72.5 10 -10
176038 1.0615 9 72.5 10 0
176038 1.0615 9 72.5 10 -0.3
175976 1.08675 6 72.5 10 0
175976 1.08675 6 72.5 10 -0.3
175976 1.08675 6 72.5 10 -10
175919 1.06021 12 55 10 0.3
175693 1.07483 9 80 0.6 0.15
175693 1.07483 9 80 0.6 0
175693 1.07483 9 80 0.6 -0.3
175693 1.07483 9 80 0.6 -10
175307 1.0612 9 45 10 0
174947 1.06089 9 55 1 -10
174947 1.06089 9 55 1 -0.3
174837 1.07657 24 55 10 0.45
174766 1.10228 9 85 1 0
174766 1.10228 9 85 1 -0.15
174766 1.10228 9 85 1 -0.45
174766 1.10228 9 85 1 -0.3
174766 1.10228 9 85 1 -10
174301 1.15191 9 75 -0.2 0.3
173754 1.05915 12 67.5 1 -10
173754 1.05915 12 67.5 1 -0.3
173251 1.06061 12 67.5 10 0.15
173101 1.05907 18 65 10 0.3
172930 1.05913 12 45 0.8 0
172896 1.07518 24 0 10 0.45
172659 1.05814 18 55 10 0.3
172549 1.08551 48 77.5 1.4 0.45
172549 1.08551 24 77.5 1.4 0.45
172549 1.08551 36 77.5 1.4 0.45
172549 1.08551 60 77.5 1.4 0.45
172549 1.08551 100 77.5 1.4 0.45
172549 1.08551 18 77.5 1.4 0.45
172348 1.07479 24 45 10 0.45
172342 1.07239 12 80 0.6 0
172342 1.07239 12 80 0.6 -0.3
172342 1.07239 12 80 0.6 0.15
172342 1.07239 12 80 0.6 -10
172112 1.05725 24 75 10 0.15
172062 1.05851 12 65 10 0.3
171986 1.05984 9 67.5 10 0
171897 1.05711 60 75 10 0.15
171897 1.05711 48 75 10 0.15
171897 1.05711 100 75 10 0.15
171897 1.05711 36 75 10 0.15
171787 1.1 12 45 -0.4 0.3
171620 1.06459 36 0 -0.2 -0.3
171620 1.06459 48 0 -0.2 -0.3
171620 1.06459 60 0 -0.2 -0.3
171620 1.06459 100 0 -0.2 -0.3
171620 1.06459 24 0 -0.2 -0.3
171620 1.06459 18 0 -0.2 -0.3
171599 1.05905 9 55 10 0
171579 1.12076 9 72.5 0.6 0.45
171579 1.12076 9 70 0.6 0.45
171545 1.074 36 55 10 0.45
171393 1.10036 9 65 1 0.45
171220 1.08473 48 75 1 0.45
171220 1.08473 24 75 1 0.45
171220 1.08473 60 75 1 0.45
171220 1.08473 100 75 1 0.45
171220 1.08473 36 75 1 0.45
171220 1.08473 18 75 1 0.45
170921 1.08325 12 45 10 0.6
170921 1.08325 12 0 10 0.6
170772 1.06395 12 0 -0.2 -0.3
170394 1.0574 12 45 0.8 -10
170394 1.0574 12 45 0.8 -0.3
170354 1.05838 9 0 10 0
170342 1.08209 18 55 10 0.6
170342 1.08209 12 55 10 0.6
170244 1.12722 3 45 0.4 -0.15
170230 1.04397 12 0 -0.2 -10
170203 1.05726 6 45 10 -10
170203 1.05726 6 45 10 -0.3
169727 1.07262 18 0 10 0.45
169645 1.07261 36 0 10 0.45
169628 1.09724 9 85 10 -0.3
169628 1.09724 12 85 10 0
169628 1.09724 12 85 1.4 -0.3
169628 1.09724 9 85 1.4 -0.15
169628 1.09724 9 85 1.4 -0.45
169628 1.09724 9 85 1.4 -0.3
169628 1.09724 9 85 10 -10
169628 1.09724 12 85 1.4 -0.15
169628 1.09724 12 85 1.4 -0.45
169628 1.09724 12 85 1.4 -10
169628 1.09724 9 85 10 -0.45
169628 1.09724 12 85 1.4 0
169628 1.09724 12 85 10 -0.15
169628 1.09724 12 85 10 -0.3
169628 1.09724 12 85 10 -10
169628 1.09724 9 85 10 -0.15
169628 1.09724 12 85 10 -0.45
169628 1.09724 9 85 1.4 -10
169628 1.09724 9 85 10 0
169628 1.09724 9 85 1.4 0
169612 1.05703 12 0 1 0
169454 1.05812 9 67.5 10 -0.3
169454 1.05812 9 67.5 10 -10
169445 1.12579 3 45 0.4 0
169413 1.05648 9 45 0.8 -10
169191 1.07223 18 45 10 0.45
169108 1.0582 9 65 10 0
169103 1.07221 36 45 10 0.45
169072 1.05733 9 55 10 -10
169072 1.05733 9 55 10 -0.3
168981 1.07058 6 65 1 0.15
168981 1.07058 6 65 10 0.15
168749 1.05641 6 45 0.8 -0.3
168749 1.05641 6 45 0.8 -10
168747 1.08056 12 65 10 0.6
168747 1.08056 18 65 10 0.6
168589 1.06199 6 65 10 0
168589 1.06199 6 65 10 -0.3
168589 1.06199 6 65 1 0
168589 1.06199 6 65 10 -10
168589 1.06199 6 65 1 -0.3
168589 1.06199 6 65 1 -10
168573 1.0559 9 45 0.8 -0.3
168532 1.06967 6 55 1 0.15
168532 1.06967 6 55 10 0.15
168322 1.05497 24 75 10 0
168322 1.05497 24 75 10 -10
168119 1.05482 36 75 10 0
168119 1.05482 100 75 10 0
168119 1.05482 60 75 10 0
168119 1.05482 48 75 10 -10
168119 1.05482 60 75 10 -10
168119 1.05482 36 75 10 -10
168119 1.05482 48 75 10 0
168119 1.05482 100 75 10 -10
168002 1.06928 6 0 10 0.15
168002 1.06928 6 0 1 0.15
168002 1.06928 6 45 10 0.15
167749 1.06109 6 0 1 0
167749 1.06109 6 0 10 0
167629 1.06899 6 45 0.8 0.15
167498 1.07903 18 82.5 0.6 -10
167498 1.07903 18 82.5 0.6 0
167498 1.07903 18 82.5 0.6 -0.45
167498 1.07903 18 82.5 0.6 -0.3
167498 1.07903 18 82.5 0.6 -0.15
167451 1.05705 9 65 10 -10
167370 1.06114 9 0 -0.2 -0.3
167264 1.07894 3 37.5 0.6 -10
167264 1.07894 3 40 0.6 -0.3
167264 1.07894 3 0 0.6 -10
167264 1.07894 3 50 0.6 -0.3
167264 1.07894 3 50 0.6 -0.45
167264 1.07894 3 40 0.6 -0.45
167264 1.07894 3 42.5 0.6 -0.3
167264 1.07894 3 40 0.6 -10
167264 1.07894 3 50 0.6 -10
167264 1.07894 3 42.5 0.6 -0.45
167264 1.07894 3 42.5 0.6 -10
167264 1.07894 3 0 0.6 -0.45
167264 1.07894 3 0 0.6 -0.3
167264 1.07894 3 37.5 0.6 -0.3
167264 1.07894 3 37.5 0.6 -0.45
166940 1.08063 48 77.5 1 0.45
166940 1.08063 100 77.5 1 0.45
166940 1.08063 24 77.5 1 0.45
166940 1.08063 60 77.5 1 0.45
166940 1.08063 18 77.5 1 0.45
166940 1.08063 36 77.5 1 0.45
166928 1.11222 9 85 0.6 -0.15
166928 1.11222 9 85 0.6 -0.45
166928 1.11222 9 85 0.6 -10
166928 1.11222 9 85 0.6 -0.3
166928 1.11222 9 85 0.6 0
166901 1.09442 48 75 -0.2 0.45
166901 1.09442 100 75 -0.2 0.45
166901 1.09442 18 75 -0.2 0.45
166901 1.09442 24 75 -0.2 0.45
166901 1.09442 36 75 -0.2 0.45
166901 1.09442 60 75 -0.2 0.45
166857 1.05534 12 0 1 0.15
166768 1.05491 18 65 1 0.15
166768 1.05491 18 65 1 0
166768 1.05491 100 65 1 0.15
166768 1.05491 100 65 1 -10
166768 1.05491 18 65 1 -10
166768 1.05491 48 65 1 0.15
166768 1.05491 100 65 1 0
166768 1.05491 12 65 1 0
166768 1.05491 18 65 1 -0.3
166768 1.05491 12 65 1 -0.3
166768 1.05491 12 65 1 0.15
166768 1.05491 24 65 1 -0.3
166768 1.05491 48 65 1 -0.3
166768 1.05491 60 65 1 0
166768 1.05491 36 65 1 -10
166768 1.05491 12 65 1 -10
166768 1.05491 36 65 1 -0.3
166768 1.05491 24 65 1 -10
166768 1.05491 24 65 1 0
166768 1.05491 60 65 1 -0.3
166768 1.05491 48 65 1 0
166768 1.05491 36 65 1 0
166768 1.05491 48 65 1 -10
166768 1.05491 60 65 1 0.15
166768 1.05491 100 65 1 -0.3
166768 1.05491 60 65 1 -10
166768 1.05491 24 65 1 0.15
166768 1.05491 36 65 1 0.15
166625 1.05647 9 65 10 -0.3
166550 1.0602 6 45 10 0
166393 1.09407 12 85 1 -0.45
166393 1.09407 12 85 1 0
166393 1.09407 12 85 1 -0.3
166393 1.09407 12 85 1 -0.15
166393 1.09407 12 85 1 -10
165966 1.05425 9 0 1 -0.3
165963 1.0598 6 55 1 -0.3
165963 1.0598 6 55 10 -0.3
165963 1.0598 6 55 1 -10
165963 1.0598 6 55 10 -10
165758 1.05301 24 0 10 0.3
165376 1.05355 24 65 10 0.3
165359 1.03391 12 0 1 -10
165227 1.0527 24 45 10 0.3
165117 1.05916 6 45 0.8 0
164996 1.05406 12 45 10 0
164996 1.05406 12 45 10 -10
164839 1.05903 6 55 1 0
164839 1.05903 6 55 10 0
164753 1.04433 9 0 -0.2 -10
164567 1.05234 24 55 10 0.3
164482 1.09068 12 72.5 1.4 0.6
164123 1.06783 100 55 10 0.45
164123 1.06783 48 55 10 0.45
164123 1.06783 60 55 10 0.45
164058 1.05305 9 45 10 -10
163866 1.09162 100 55 -0.2 0.45
163866 1.09162 48 65 -0.2 0.45
163866 1.09162 60 65 -0.2 0.45
163866 1.09162 36 65 -0.2 0.45
163866 1.09162 60 0 -0.2 0.45
163866 1.09162 60 55 -0.2 0.45
163866 1.09162 48 55 -0.2 0.45
163866 1.09162 24 55 -0.2 0.45
163866 1.09162 100 65 -0.2 0.45
163866 1.09162 18 65 -0.2 0.45
163866 1.09162 24 65 -0.2 0.45
163866 1.09162 36 0 -0.2 0.45
163866 1.09162 18 55 -0.2 0.45
163866 1.09162 100 0 -0.2 0.45
163866 1.09162 36 55 -0.2 0.45
163866 1.09162 18 0 -0.2 0.45
163866 1.09162 24 0 -0.2 0.45
163866 1.09162 48 0 -0.2 0.45
163764 1.08857 18 82.5 0.6 0.3
163526 1.11234 9 45 0.8 0.45
163244 1.05248 9 45 10 -0.3
163219 1.05292 12 45 10 0.15
163102 1.05285 12 0 10 0.15
163091 1.13605 9 85 1 0.3
162725 1.05096 18 0 10 0.3
162699 1.13682 9 70 1.4 0.6
162649 1.05095 36 0 10 0.3
162598 1.05212 36 45 0.8 0
162598 1.05212 100 45 0.8 -10
162598 1.05212 48 45 0.8 -0.3
162598 1.05212 36 45 0.8 -0.3
162598 1.05212 60 45 0.8 0
162598 1.05212 24 45 0.8 0
162598 1.05212 24 45 0.8 -0.3
162598 1.05212 24 45 0.8 -10
162598 1.05212 100 45 0.8 -0.3
162598 1.05212 60 45 0.8 -0.3
162598 1.05212 48 45 0.8 0
162598 1.05212 100 45 0.8 0
162598 1.05212 36 45 0.8 -10
162598 1.05212 18 45 0.8 -10
162598 1.05212 60 45 0.8 -10
162598 1.05212 18 45 0.8 -0.3
162598 1.05212 18 45 0.8 0
162598 1.05212 48 45 0.8 -10
162544 1.10817 12 85 1.4 0.3
162544 1.10817 9 85 10 0.3
162544 1.10817 12 85 10 0.3
162544 1.10817 9 85 1.4 0.3
162445 1.052 12 55 1 0.15
162362 1.07379 24 55 10 0.6
162269 1.05148 36 65 10 0.3
162206 1.05065 18 45 10 0.3
162125 1.05064 36 45 10 0.3
161752 1.0522 6 0 10 -10
161752 1.0522 6 0 1 -10
161752 1.0522 6 0 10 -0.3
161752 1.0522 6 0 1 -0.3
161475 1.05028 36 55 10 0.3
161253 1.05126 12 55 1 -10
161253 1.05126 12 55 1 0
161209 1.07267 24 65 10 0.6
161126 1.07282 3 50 1.4 -0.45
161126 1.07282 3 40 1 -0.3
161126 1.07282 3 42.5 1.4 -10
161126 1.07282 3 42.5 1.4 -0.45
161126 1.07282 3 42.5 1.4 -0.3
161126 1.07282 3 42.5 10 -0.3
161126 1.07282 3 42.5 10 -0.45
161126 1.07282 3 42.5 10 -10
161126 1.07282 3 45 10 -10
161126 1.07282 3 45 10 -0.45
161126 1.07282 3 40 1 -0.45
161126 1.07282 3 45 10 -0.3
161126 1.07282 3 40 1 -10
161126 1.07282 3 37.5 1 -0.3
161126 1.07282 3 37.5 1 -0.45
161126 1.07282 3 50 1.4 -10
161126 1.07282 3 37.5 1 -10
161126 1.07282 3 45 1.2 -10
161126 1.07282 3 40 1.4 -10
161126 1.07282 3 45 1.2 -0.45
161126 1.07282 3 0 1.4 -0.45
161126 1.07282 3 45 1.2 -0.3
161126 1.07282 3 42.5 1 -10
161126 1.07282 3 0 10 -10
161126 1.07282 3 45 0.8 -10
161126 1.07282 3 45 0.8 -0.45
161126 1.07282 3 45 0.8 -0.3
161126 1.07282 3 42.5 1 -0.45
161126 1.07282 3 0 10 -0.45
161126 1.07282 3 42.5 1 -0.3
161126 1.07282 3 50 1.4 -0.3
161126 1.07282 3 0 10 -0.3
161126 1.07282 3 40 10 -10
161126 1.07282 3 37.5 1.4 -0.3
161126 1.07282 3 37.5 1.4 -0.45
161126 1.07282 3 40 10 -0.45
161126 1.07282 3 0 1.4 -10
161126 1.07282 3 37.5 1.4 -10
161126 1.07282 3 50 1 -10
161126 1.07282 3 37.5 10 -10
161126 1.07282 3 50 1 -0.45
161126 1.07282 3 40 10 -0.3
161126 1.07282 3 50 10 -10
161126 1.07282 3 0 1.4 -0.3
161126 1.07282 3 40 1.4 -0.3
161126 1.07282 3 50 10 -0.3
161126 1.07282 3 40 1.4 -0.45
161126 1.07282 3 50 10 -0.45
161126 1.07282 3 0 1 -0.3
161126 1.07282 3 0 1 -10
161126 1.07282 3 37.5 10 -0.3
161126 1.07282 3 50 1 -0.3
161126 1.07282 3 0 1 -0.45
161126 1.07282 3 37.5 10 -0.45
161064 1.05063 60 65 10 0.3
161064 1.05063 100 65 10 0.3
161064 1.05063 48 65 10 0.3
160757 1.07506 18 77.5 10 0.45
160487 1.05135 12 0 10 0
160226 1.05061 24 45 0.8 0.15
160226 1.05061 48 45 0.8 0.15
160226 1.05061 60 45 0.8 0.15
160226 1.05061 100 45 0.8 0.15
160226 1.05061 18 45 0.8 0.15
160226 1.05061 36 45 0.8 0.15
159698 1.04979 36 0 1 0
159698 1.04979 48 0 1 0
159698 1.04979 18 0 1 0
159698 1.04979 24 0 1 0
159698 1.04979 60 0 1 0
159698 1.04979 100 0 1 0
159594 1.08404 3 55 0.6 -0.3
159594 1.08404 3 55 0.6 -10
159594 1.08404 3 55 0.6 -0.45
159451 1.08574 36 77.5 0.6 0.45
159451 1.08574 60 77.5 0.6 0.45
159451 1.08574 24 77.5 0.6 0.45
159451 1.08574 100 77.5 0.6 0.45
159451 1.08574 48 77.5 0.6 0.45
159451 1.08574 18 77.5 0.6 0.45
159443 1.10437 12 85 1 0.3
159433 1.04994 60 55 1 0.15
159433 1.04994 48 55 1 0.15
159433 1.04994 100 55 1 0.15
159433 1.04994 36 55 1 0.15
159433 1.04994 24 55 1 0.15
159433 1.04994 18 55 1 0.15
159305 1.07085 36 55 10 0.6
159056 1.05061 12 67.5 10 0
159026 1.0382 9 0 1 -10
158929 1.08285 18 85 0.6 -10
158929 1.08285 48 85 0.6 -0.45
158929 1.08285 24 85 0.6 0
158929 1.08285 36 85 0.6 -0.3
158929 1.08285 60 85 0.6 -0.15
158929 1.08285 24 85 0.6 -0.3
158929 1.08285 36 85 0.6 -0.15
158929 1.08285 36 85 0.6 -0.45
158929 1.08285 36 85 0.6 -10
158929 1.08285 18 85 0.6 -0.45
158929 1.08285 18 85 0.6 -0.15
158929 1.08285 24 85 0.6 -0.15
158929 1.08285 36 85 0.6 0
158929 1.08285 60 85 0.6 -0.45
158929 1.08285 60 85 0.6 -0.3
158929 1.08285 24 85 0.6 -0.45
158929 1.08285 24 85 0.6 -10
158929 1.08285 18 85 0.6 -0.3
158929 1.08285 60 85 0.6 -10
158929 1.09965 12 85 0.6 -10
158929 1.08285 18 85 0.6 0
158929 1.08285 48 85 0.6 -0.15
158929 1.08285 48 85 0.6 -0.3
158929 1.08285 100 85 0.6 0
158929 1.08285 100 85 0.6 -10
158929 1.09965 12 85 0.6 -0.45
158929 1.09965 12 85 0.6 -0.15
158929 1.08285 48 85 0.6 0
158929 1.09965 12 85 0.6 -0.3
158929 1.08285 60 85 0.6 0
158929 1.08285 48 85 0.6 -10
158929 1.09965 12 85 0.6 0
158929 1.08285 100 85 0.6 -0.3
158929 1.08285 100 85 0.6 -0.15
158929 1.08285 100 85 0.6 -0.45
158835 1.08505 60 80 1.4 0.45
158835 1.08505 100 80 1.4 0.45
158835 1.08505 36 80 1.4 0.45
158835 1.08505 24 80 1.4 0.45
158835 1.08505 48 80 1.4 0.45
158835 1.08505 18 80 1.4 0.45
158462 1.07006 24 45 10 0.6
158462 1.07006 24 0 10 0.6
158269 1.04923 12 55 10 0.15
158262 1.04919 100 55 1 0
158262 1.04919 18 55 1 0
158262 1.04919 48 55 1 0
158262 1.04919 36 55 1 -10
158262 1.04919 100 55 1 -10
158262 1.04919 48 55 1 -10
158262 1.04919 60 55 1 0
158262 1.04919 24 55 1 0
158262 1.04919 36 55 1 0
158262 1.04919 18 55 1 -10
158262 1.04919 60 55 1 -10
158262 1.04919 24 55 1 -10
158176 1.06972 36 65 10 0.6
158120 1.08245 3 42.5 0.6 -0.15
158120 1.08245 3 37.5 0.6 -0.15
158120 1.08245 3 50 0.6 -0.15
158120 1.08245 3 0 0.6 -0.15
158120 1.08245 3 40 0.6 -0.15
157379 1.08149 3 0 0.6 0
157379 1.08149 3 50 0.6 0
157379 1.08149 3 37.5 0.6 0
157379 1.08149 3 40 0.6 0
157379 1.08149 3 42.5 0.6 0
157118 1.0481 18 0 1 0.15
157118 1.0481 100 0 1 0.15
157118 1.0481 48 0 1 0.15
157118 1.0481 24 0 1 0.15
157118 1.0481 36 0 1 0.15
157118 1.0481 60 0 1 0.15
157095 1.04849 12 55 10 -10
157095 1.04849 12 55 10 0
157007 1.0685 60 65 10 0.6
157007 1.0685 48 65 10 0.6
157007 1.0685 100 65 10 0.6
156718 1.04888 12 67.5 10 -10
156465 1.1257 9 45 -0.4 0.3
155937 1.03014 12 0 10 -10
155565 1.06713 18 0 10 0.6
155565 1.06713 18 45 10 0.6
155492 1.06711 36 45 10 0.6
155492 1.06711 36 0 10 0.6
155332 1.04716 18 55 10 0.15
154774 1.08096 12 0 -1 0
154754 1.09539 6 80 10 -0.15
154754 1.09539 6 80 1.4 -0.15
154754 1.09539 6 80 1.4 -0.3
154754 1.09539 6 80 1 -0.45
154754 1.09539 6 80 10 -0.45
154754 1.09539 6 80 1 -0.15
154754 1.09539 6 80 1 -0.3
154754 1.09539 6 80 0.6 -10
154754 1.09539 6 80 1.4 -10
154754 1.09539 6 80 0.6 -0.3
154754 1.09539 6 80 10 -10
154754 1.09539 6 80 10 -0.3
154754 1.09539 6 80 1 -10
154754 1.09539 6 80 1.4 -0.45
154754 1.09539 6 80 0.6 -0.45
154754 1.09539 6 80 0.6 -0.15
154481 1.04534 48 55 10 0.3
154481 1.04534 60 55 10 0.3
154481 1.04534 100 55 10 0.3
154479 1.09929 100 82.5 -0.6 -0.45
154479 1.09929 100 82.5 -0.6 -10
154479 1.09929 60 82.5 -0.6 0
154479 1.09929 36 82.5 -0.6 0
154479 1.09929 24 82.5 -0.6 -10
154479 1.09929 36 82.5 -0.6 -0.3
154479 1.09929 48 82.5 -0.6 -10
154479 1.09929 48 82.5 -0.6 -0.45
154479 1.09929 36 82.5 -0.6 -0.15
154479 1.09929 48 82.5 -0.6 -0.15
154479 1.09929 36 82.5 -0.6 -0.45
154479 1.09929 100 82.5 -0.6 -0.15
154479 1.09929 36 82.5 -0.6 -10
154479 1.09929 48 82.5 -0.6 -0.3
154479 1.09929 24 82.5 -0.6 -0.45
154479 1.09929 100 82.5 -0.6 0
154479 1.09929 60 82.5 -0.6 -0.45
154479 1.09929 24 82.5 -0.6 0
154479 1.09929 24 82.5 -0.6 -0.15
154479 1.09929 60 82.5 -0.6 -0.3
154479 1.09929 24 82.5 -0.6 -0.3
154479 1.09929 100 82.5 -0.6 -0.3
154479 1.09929 48 82.5 -0.6 0
154479 1.09929 60 82.5 -0.6 -0.15
154479 1.09929 60 82.5 -0.6 -10
154185 1.04642 18 55 10 -10
154185 1.04642 18 55 10 0
153964 1.12223 9 75 10 0.6
153769 1.09426 12 70 1 0.6
153670 1.07936 24 80 1 0.45
153670 1.07936 48 80 1 0.45
153670 1.07936 60 80 1 0.45
153670 1.07936 36 80 1 0.45
153670 1.07936 100 80 1 0.45
153670 1.07936 18 80 1 0.45
153439 1.04662 18 65 10 0
153439 1.04662 18 65 10 -10
153439 1.04662 18 65 10 0.15
153222 1.07633 3 55 1 -0.3
153222 1.07633 3 55 1.4 -0.45
153222 1.07633 3 55 10 -0.3
153222 1.07633 3 55 10 -0.45
153222 1.07633 3 55 10 -10
153222 1.07633 3 55 1.4 -10
153222 1.07633 3 55 1 -0.45
153222 1.07633 3 55 1 -10
153222 1.07633 3 55 1.4 -0.3
152585 1.06862 36 80 10 0.45
152585 1.06862 48 80 10 0.45
152585 1.06862 100 80 10 0.45
152585 1.06862 60 80 10 0.45
152518 1.04606 12 65 10 -10
152518 1.04606 12 65 10 0.15
152518 1.04606 12 65 10 0
152301 1.07531 3 50 1.4 -0.15
152301 1.07531 3 0 1 -0.15
152301 1.07531 3 50 1 -0.15
152301 1.07531 3 37.5 10 -0.15
152301 1.07531 3 0 1.4 -0.15
152301 1.07531 3 37.5 1.4 -0.15
152301 1.07531 3 40 1.4 -0.15
152301 1.07531 3 0 10 -0.15
152301 1.07531 3 42.5 1.4 -0.15
152301 1.07531 3 40 1 -0.15
152301 1.07531 3 37.5 1 -0.15
152301 1.07531 3 50 10 -0.15
152301 1.07531 3 40 10 -0.15
152301 1.07531 3 42.5 10 -0.15
152301 1.07531 3 42.5 1 -0.15
152301 1.07531 3 45 0.8 -0.15
152301 1.07531 3 45 1.2 -0.15
152301 1.07531 3 45 10 -0.15
152291 1.0909 18 85 0.6 0.3
152291 1.0909 36 85 0.6 0.3
152291 1.11391 12 85 0.6 0.3
152291 1.0909 24 85 0.6 0.3
152291 1.0909 100 85 0.6 0.3
152291 1.0909 60 85 0.6 0.3
152291 1.0909 48 85 0.6 0.3
152246 1.06363 48 55 10 0.6
152246 1.06363 100 55 10 0.6
152246 1.06363 60 55 10 0.6
152173 1.0455 9 0 10 -0.3
151994 1.09198 12 72.5 0.6 0.6
151994 1.09198 12 72.5 1 0.6
151585 1.07435 3 42.5 1.4 0
151585 1.07435 3 50 1 0
151585 1.07435 3 45 1.2 0
151585 1.07435 3 45 0.8 0
151585 1.07435 3 0 1 0
151585 1.07435 3 40 1.4 0
151585 1.07435 3 40 1 0
151585 1.07435 3 37.5 10 0
151585 1.07435 3 40 10 0
151585 1.07435 3 42.5 10 0
151585 1.07435 3 42.5 1 0
151585 1.07435 3 37.5 1.4 0
151585 1.07435 3 0 1.4 0
151585 1.07435 3 50 10 0
151585 1.07435 3 50 1.4 0
151585 1.07435 3 0 10 0
151585 1.07435 3 45 10 0
151585 1.07435 3 37.5 1 0
151435 1.09065 12 75 10 0.6
151337 1.06679 48 65 1 0.45
151337 1.06679 100 65 1 0.45
151337 1.06679 18 65 1 0.45
151337 1.06679 36 65 1 0.45
151337 1.06679 60 65 1 0.45
151337 1.06679 24 65 1 0.45
151337 1.06679 12 65 1 0.45
151075 1.04345 24 45 10 -10
151075 1.04345 24 45 10 0
150905 1.07603 18 80 10 0.45
150872 1.08927 3 55 0.6 -0.15
150790 1.09039 12 45 0.8 0.6
150342 1.06682 24 80 10 0.45
149987 1.11488 60 82.5 0.6 0.6
149987 1.11488 100 82.5 0.6 0.6
149987 1.11488 36 82.5 0.6 0.6
149987 1.11488 48 82.5 0.6 0.6
149987 1.11488 24 82.5 0.6 0.6
149930 1.10986 6 80 1 0
149930 1.10986 6 80 10 0
149930 1.10986 6 80 1.4 0
149930 1.10986 6 80 0.6 0
149903 1.08925 12 67.5 1 0.6
149893 1.03097 100 0 -0.2 -10
149893 1.03097 18 0 -0.2 -10
149893 1.03097 36 0 -0.2 -10
149893 1.03097 48 0 -0.2 -10
149893 1.03097 24 0 -0.2 -10
149893 1.03097 60 0 -0.2 -10
149745 1.23504 36 55 10 1.2
149745 1.23504 60 45 10 1.2
149745 1.23504 60 77.5 10 1.2
149745 1.23504 100 0 10 1.2
149745 1.23504 36 65 10 1.2
149745 1.23504 36 0 10 1.2
149745 1.23504 60 65 10 1.2
149745 1.23504 100 77.5 10 1.2
149745 1.23504 100 55 10 1.2
149745 1.23504 24 65 10 1.2
149745 1.23504 60 55 10 1.2
149745 1.23504 48 65 10 1.2
149745 1.23504 36 77.5 10 1.2
149745 1.23504 60 0 10 1.2
149745 1.23504 36 75 10 1.2
149745 1.23504 60 75 10 1.2
149745 1.23504 48 77.5 10 1.2
149745 1.23504 24 75 10 1.2
149745 1.23504 24 0 10 1.2
149745 1.23504 48 0 10 1.2
149745 1.23504 100 75 10 1.2
149745 1.23504 100 45 10 1.2
149745 1.23504 24 77.5 10 1.2
149745 1.23504 48 75 10 1.2
149745 1.23504 24 55 10 1.2
149745 1.23504 48 55 10 1.2
149745 1.23504 48 45 10 1.2
149745 1.23504 100 65 10 1.2
149745 1.23504 36 45 10 1.2
149745 1.23504 24 45 10 1.2
149456 1.08697 3 55 0.6 0
149441 1.04231 24 45 10 0.15
149363 1.07438 18 0 -1 -0.15
149363 1.07438 18 0 -1 0
149287 1.116 48 82.5 -0.6 0.3
149287 1.116 60 82.5 -0.6 0.3
149287 1.116 24 82.5 -0.6 0.3
149287 1.116 36 82.5 -0.6 0.3
149287 1.116 100 82.5 -0.6 0.3
148877 1.0656 24 77.5 10 0.45
148763 1.07278 18 0 -0.6 0.3
148763 1.07278 18 65 -0.6 0.3
148763 1.07278 18 55 -0.6 0.3
148722 1.06247 18 0 -1 -0.3
148722 1.06247 18 0 -1 -0.45
148693 1.06545 60 77.5 10 0.45
148693 1.06545 48 77.5 10 0.45
148693 1.06545 100 77.5 10 0.45
148693 1.06545 36 77.5 10 0.45
148318 1.0414 18 45 10 0
148318 1.0414 18 45 10 -10
148241 1.04138 36 45 10 0
148241 1.04138 36 45 10 -10
148051 1.04135 24 55 10 0.15
147252 1.04672 18 0 -1 -10
147119 1.08345 48 82.5 1.4 0.6
147119 1.08345 18 82.5 1.4 0.6
147119 1.08345 60 82.5 1.4 0.6
147119 1.08345 24 82.5 1.4 0.6
147119 1.08345 36 82.5 1.4 0.6
147119 1.08345 100 82.5 1.4 0.6
146960 1.04061 24 55 10 0
146960 1.04061 24 55 10 -10
146906 1.08698 12 45 -1.2 0
146777 1.08523 60 80 0.6 0.45
146777 1.08523 100 80 0.6 0.45
146777 1.08523 24 80 0.6 0.45
146777 1.08523 18 80 0.6 0.45
146777 1.08523 48 80 0.6 0.45
146777 1.08523 36 80 0.6 0.45
146716 1.04026 18 45 10 0.15
146640 1.04024 36 45 10 0.15
146598 1.0411 24 65 10 0.15
146598 1.0411 24 65 10 0
146598 1.0411 24 65 10 -10
146037 1.06834 36 45 -0.4 0.3
146037 1.06834 100 45 -0.4 0.3
146037 1.06834 60 45 -0.4 0.3
146037 1.06834 48 45 -0.4 0.3
146037 1.06834 24 45 -0.4 0.3
146037 1.06834 18 45 -0.4 0.3
145858 1.04 24 0 10 0
145810 1.03148 9 0 10 -10
145809 1.06959 36 0 -1 0
145809 1.06959 24 0 -1 -0.15
145809 1.06959 60 0 -1 -0.15
145809 1.06959 60 0 -1 0
145809 1.06959 36 0 -1 -0.15
145809 1.06959 100 0 -1 0
145809 1.06959 48 0 -1 0
145809 1.06959 24 0 -1 0
145809 1.06959 100 0 -1 -0.15
145809 1.06959 48 0 -1 -0.15
145536 1.03971 24 0 10 0.15
145274 1.03929 36 55 10 0.15
145183 1.05836 24 0 -1 -0.45
145183 1.05836 36 0 -1 -0.3
145183 1.05836 60 0 -1 -0.45
145183 1.05836 36 0 -1 -0.45
145183 1.05836 60 0 -1 -0.3
145183 1.05836 24 0 -1 -0.3
145183 1.05836 48 0 -1 -0.3
145183 1.05836 100 0 -1 -0.3
145183 1.05836 100 0 -1 -0.45
145183 1.05836 48 0 -1 -0.45
144916 1.06823 12 0 -1 -0.15
144856 1.08002 3 55 10 -0.15
144856 1.08002 3 55 1 -0.15
144856 1.08002 3 55 1.4 -0.15
144757 1.0575 9 0 -1 -0.3
144757 1.0575 9 0 -1 -0.45
144259 1.04952 9 0 -1 -10
144205 1.03855 36 55 10 0
144205 1.03855 36 55 10 -10
143977 1.05684 12 0 -1 -0.3
143838 1.03903 36 65 10 -10
143838 1.03903 36 65 10 0
143838 1.03903 36 65 10 0.15
143807 1.06608 60 65 -0.6 0.3
143807 1.06608 100 55 -0.6 0.3
143807 1.06608 24 0 -0.6 0.3
143807 1.06608 24 65 -0.6 0.3
143807 1.06608 24 55 -0.6 0.3
143807 1.06608 100 0 -0.6 0.3
143807 1.06608 48 0 -0.6 0.3
143807 1.06608 48 65 -0.6 0.3
143807 1.06608 100 65 -0.6 0.3
143807 1.06608 60 55 -0.6 0.3
143807 1.06608 36 65 -0.6 0.3
143807 1.06608 60 0 -0.6 0.3
143807 1.06608 36 55 -0.6 0.3
143807 1.06608 36 0 -0.6 0.3
143807 1.06608 48 55 -0.6 0.3
143746 1.04363 48 0 -1 -10
143746 1.04363 100 0 -1 -10
143746 1.04363 24 0 -1 -10
143746 1.04363 60 0 -1 -10
143746 1.04363 36 0 -1 -10
143674 1.02139 100 0 1 -10
143674 1.02139 18 0 1 -10
143674 1.02139 24 0 1 -10
143674 1.02139 48 0 1 -10
143674 1.02139 36 0 1 -10
143674 1.02139 60 0 1 -10
143496 1.07772 3 55 1.4 0
143496 1.07772 3 55 1 0
143496 1.07772 3 55 10 0
143185 1.03795 18 0 10 0
143180 1.07646 9 67.5 10 0.6
143166 1.04877 12 0 -1 -10
143123 1.03793 36 0 10 0
143004 1.07618 9 70 10 0.6
142909 1.065 18 80 -0.6 -0.3
142909 1.065 18 80 -0.6 -0.45
142909 1.065 18 77.5 -0.6 0
142909 1.065 18 77.5 -0.6 -0.15
142909 1.065 18 77.5 -0.6 -0.3
142909 1.065 18 77.5 -0.6 -10
142909 1.065 18 77.5 -0.6 -0.45
142909 1.065 18 80 -0.6 -10
142909 1.065 18 80 -0.6 -0.15
142909 1.065 18 80 -0.6 0
142866 1.03766 18 0 10 0.15
142810 1.03765 36 0 10 0.15
142761 1.03818 60 65 10 0
142761 1.03818 100 65 10 0
142761 1.03818 60 65 10 0.15
142761 1.03818 60 65 10 -10
142761 1.03818 100 65 10 -10
142761 1.03818 100 65 10 0.15
142761 1.03818 48 65 10 0.15
142761 1.03818 48 65 10 -10
142761 1.03818 48 65 10 0
142467 1.05336 48 0 10 0.6
142467 1.05336 48 45 10 0.6
142467 1.05336 60 0 10 0.6
142467 1.05336 100 0 10 0.6
142467 1.05336 100 45 10 0.6
142467 1.05336 60 45 10 0.6
142464 1.07818 9 65 -1 -0.45
142464 1.07818 9 65 -1 -10
142284 1.07799 18 80 -0.6 0.3
142284 1.07799 18 75 -0.6 0.3
142284 1.07799 18 77.5 -0.6 0.3
142103 1.07469 9 65 10 0.6
141958 1.07912 18 55 -1 0
141958 1.07912 18 65 -1 -10
141958 1.07912 18 65 -1 -0.15
141958 1.07912 18 65 -1 -0.3
141958 1.07912 18 65 -1 0
141958 1.07912 18 65 -1 -0.45
141958 1.07912 18 55 -1 -0.15
141774 1.07908 18 45 -1.2 0
141774 1.07908 18 45 -1.2 -0.15
141774 1.07908 18 45 -1.2 -0.3
141774 1.07908 18 45 -1.2 -0.45
141774 1.07908 18 45 -1.2 -10
141763 1.07703 9 67.5 -1 -0.3
141763 1.07703 9 67.5 -1 -10
141763 1.07703 9 67.5 -1 -0.45
141763 1.07703 9 65 -1 -0.3
141566 1.07383 9 72.5 10 0.6
141547 1.07388 100 0 10 0.75
141547 1.07388 48 0 10 0.75
141547 1.07388 60 45 10 0.75
141547 1.07388 48 45 10 0.75
141547 1.07388 60 0 10 0.75
141547 1.07388 100 45 10 0.75
141389 1.05402 12 0 -1 -0.45
141355 1.06412 18 55 -1 -0.45
141355 1.06412 18 55 -1 -0.3
141355 1.06412 18 55 -1 -10
141328 1.06335 60 82.5 10 0.6
141328 1.06335 100 82.5 10 0.6
141328 1.06335 36 82.5 10 0.6
141328 1.06335 48 82.5 10 0.6
141097 1.07793 36 45 -1.2 -10
141097 1.07793 24 45 -1.2 -10
141097 1.07793 24 45 -1.2 -0.45
141097 1.07793 24 45 -1.2 -0.15
141097 1.07793 24 45 -1.2 -0.3
141097 1.07793 48 45 -1.2 0
141097 1.07793 36 45 -1.2 -0.45
141097 1.07793 36 45 -1.2 -0.15
141097 1.07793 100 45 -1.2 -0.45
141097 1.07793 48 45 -1.2 -0.3
141097 1.07793 100 45 -1.2 -0.15
141097 1.07793 60 45 -1.2 0
141097 1.07793 24 45 -1.2 0
141097 1.07793 100 45 -1.2 -0.3
141097 1.07793 100 45 -1.2 0
141097 1.07793 48 45 -1.2 -0.15
141097 1.07793 100 45 -1.2 -10
141097 1.07793 36 45 -1.2 0
141097 1.07793 36 45 -1.2 -0.3
141097 1.07793 48 45 -1.2 -0.45
141097 1.07793 60 45 -1.2 -10
141097 1.07793 48 45 -1.2 -10
141097 1.07793 60 45 -1.2 -0.45
141097 1.07793 60 45 -1.2 -0.15
141097 1.07793 60 45 -1.2 -0.3
140358 1.06129 9 55 -1 -0.45
140358 1.06129 9 55 -1 -10
140358 1.06129 9 55 -1 -0.3
139775 1.07261 18 82.5 10 0.6
139652 1.01587 24 0 10 -10
139615 1.07462 12 80 1.4 0.45
139615 1.07462 9 80 1.4 0.45
139598 1.07559 18 45 -0.8 0.3
139396 1.19464 12 70 -0.2 0.6
139269 1.06107 24 82.5 10 0.6
139188 1.07412 12 65 -1 -0.45
139188 1.07412 12 65 -1 -10
138988 1.03436 60 55 10 0.15
138988 1.03436 48 55 10 0.15
138988 1.03436 100 55 10 0.15
138963 1.11871 6 45 -0.8 0
138730 1.07316 9 45 -1.2 -0.45
138730 1.07316 9 45 -1.2 -10
138582 1.07338 100 65 -1 -0.45
138582 1.07338 60 65 -1 -10
138582 1.07338 60 65 -1 -0.45
138582 1.07338 60 65 -1 -0.15
138582 1.07338 100 65 -1 -10
138582 1.07338 60 65 -1 -0.3
138582 1.07338 48 65 -1 -0.15
138582 1.07338 36 55 -1 0
138582 1.07338 60 65 -1 0
138582 1.07338 36 55 -1 -0.15
138582 1.07338 36 65 -1 0
138582 1.07338 48 65 -1 -0.3
138582 1.07338 48 65 -1 -0.45
138582 1.07338 48 65 -1 -10
138582 1.07338 36 65 -1 -0.3
138582 1.07338 36 65 -1 -0.15
138582 1.07338 36 65 -1 -0.45
138582 1.07338 100 65 -1 -0.15
138582 1.07338 36 65 -1 -10
138582 1.07338 100 65 -1 -0.3
138582 1.07338 24 65 -1 -10
138582 1.07338 24 65 -1 -0.45
138582 1.07338 100 65 -1 0
138582 1.07338 100 55 -1 0
138582 1.07338 60 55 -1 -0.15
138582 1.07338 48 55 -1 0
138582 1.07338 48 55 -1 -0.15
138582 1.07338 48 65 -1 0
138582 1.07338 100 55 -1 -0.15
138582 1.07338 24 55 -1 0
138582 1.07338 24 65 -1 -0.15
138582 1.07338 60 55 -1 0
138582 1.07338 24 65 -1 -0.3
138582 1.07338 24 65 -1 0
138582 1.07338 24 55 -1 -0.15
138498 1.07297 12 67.5 -1 -0.3
138498 1.07297 12 65 -1 -0.3
138498 1.07297 12 67.5 -1 -10
138498 1.07297 12 67.5 -1 -0.45
138273 1.06887 9 55 10 0.6
138167 1.09037 9 80 1 0.45
138146 1.0583 36 80 -0.6 -0.3
138146 1.0583 48 80 -0.6 -0.15
138146 1.0583 36 80 -0.6 -0.15
138146 1.0583 36 80 -0.6 -0.45
138146 1.0583 36 80 -0.6 -10
138146 1.0583 36 80 -0.6 0
138146 1.0583 60 77.5 -0.6 0
138146 1.0583 60 80 -0.6 -10
138146 1.0583 60 80 -0.6 -0.45
138146 1.0583 60 77.5 -0.6 -0.3
138146 1.0583 60 77.5 -0.6 -0.15
138146 1.0583 60 77.5 -0.6 -0.45
138146 1.0583 60 77.5 -0.6 -10
138146 1.0583 36 77.5 -0.6 0
138146 1.0583 36 77.5 -0.6 -0.3
138146 1.0583 48 80 -0.6 0
138146 1.0583 24 77.5 -0.6 0
138146 1.0583 36 77.5 -0.6 -0.15
138146 1.0583 36 77.5 -0.6 -0.45
138146 1.0583 36 77.5 -0.6 -10
138146 1.0583 100 77.5 -0.6 0
138146 1.0583 60 80 -0.6 -0.15
138146 1.0583 100 77.5 -0.6 -10
138146 1.0583 24 77.5 -0.6 -0.3
138146 1.0583 100 80 -0.6 0
138146 1.0583 24 77.5 -0.6 -0.15
138146 1.0583 60 80 -0.6 -0.3
138146 1.0583 24 77.5 -0.6 -0.45
138146 1.0583 48 80 -0.6 -0.3
138146 1.0583 100 80 -0.6 -0.3
138146 1.0583 24 77.5 -0.6 -10
138146 1.0583 100 80 -0.6 -0.15
138146 1.0583 100 80 -0.6 -0.45
138146 1.0583 48 77.5 -0.6 -10
138146 1.0583 100 77.5 -0.6 -0.3
138146 1.0583 48 77.5 -0.6 -0.45
138146 1.0583 48 77.5 -0.6 -0.15
138146 1.0583 48 77.5 -0.6 -0.3
138146 1.0583 100 80 -0.6 -10
138146 1.0583 48 80 -0.6 -0.45
138146 1.0583 48 80 -0.6 -10
138146 1.0583 48 77.5 -0.6 0
138146 1.0583 60 80 -0.6 0
138146 1.0583 100 77.5 -0.6 -0.45
138146 1.0583 24 80 -0.6 0
138146 1.0583 24 80 -0.6 -0.3
138146 1.0583 24 80 -0.6 -10
138146 1.0583 24 80 -0.6 -0.45
138146 1.0583 100 77.5 -0.6 -0.15
138146 1.0583 24 80 -0.6 -0.15
138041 1.07201 9 45 -1.2 -0.3
137985 1.05933 60 55 -1 -0.3
137985 1.05933 36 55 -1 -10
137985 1.05933 60 55 -1 -0.45
137985 1.05933 100 55 -1 -10
137985 1.05933 100 55 -1 -0.45
137985 1.05933 48 55 -1 -10
137985 1.05933 48 55 -1 -0.45
137985 1.05933 24 55 -1 -0.3
137985 1.05933 48 55 -1 -0.3
137985 1.05933 24 55 -1 -10
137985 1.05933 36 55 -1 -0.45
137985 1.05933 100 55 -1 -0.3
137985 1.05933 60 55 -1 -10
137985 1.05933 24 55 -1 -0.45
137985 1.05933 36 55 -1 -0.3
137956 1.03361 48 55 10 -10
137956 1.03361 48 55 10 0
137956 1.03361 60 55 10 0
137956 1.03361 100 55 10 0
137956 1.03361 60 55 10 -10
137956 1.03361 100 55 10 -10
137781 1.18885 12 45 -0.4 0.6
137735 1.07174 12 55 -1 -0.15
137719 1.08898 18 75 -1 -0.3
137719 1.08898 18 75 -1 -0.15
137719 1.08898 18 75 -1 -0.45
137719 1.08898 18 75 -1 -10
137719 1.08898 18 75 -1 0
137635 1.18827 12 65 -0.2 0.6
137635 1.18827 12 0 -0.2 0.6
137635 1.18827 12 67.5 -0.2 0.6
137635 1.18827 12 55 -0.2 0.6
137548 1.06994 100 77.5 -0.6 0.3
137548 1.06994 60 75 -0.6 0.3
137548 1.06994 100 80 -0.6 0.3
137548 1.06994 60 77.5 -0.6 0.3
137548 1.06994 36 77.5 -0.6 0.3
137548 1.06994 48 75 -0.6 0.3
137548 1.06994 60 80 -0.6 0.3
137548 1.06994 48 80 -0.6 0.3
137548 1.06994 24 75 -0.6 0.3
137548 1.06994 24 80 -0.6 0.3
137548 1.06994 100 75 -0.6 0.3
137548 1.06994 36 75 -0.6 0.3
137548 1.06994 24 77.5 -0.6 0.3
137548 1.06994 48 77.5 -0.6 0.3
137548 1.06994 36 80 -0.6 0.3
137547 1.0717 12 45 -1.2 -0.15
137535 1.18455 24 82.5 -0.6 0.6
137535 1.18455 48 82.5 -0.6 0.6
137535 1.18455 60 82.5 -0.6 0.6
137535 1.18455 36 82.5 -0.6 0.6
137535 1.18455 100 82.5 -0.6 0.6
137241 1.0712 12 45 -1.2 -0.3
137130 1.05797 12 55 -1 -0.45
137130 1.05797 12 55 -1 -10
137130 1.05797 12 55 -1 -0.3
137120 1.17341 6 80 -0.6 0
137096 1.01493 18 0 10 -10
137033 1.01493 36 0 10 -10
136552 1.07011 9 80 10 0.45
135976 1.03188 48 45 10 -10
135976 1.03188 48 45 10 0
135976 1.03188 60 45 10 -10
135976 1.03188 100 45 10 0
135976 1.03188 100 45 10 -10
135976 1.03188 60 45 10 0
135238 1.06395 24 45 0.8 0.6
135238 1.06395 100 45 0.8 0.6
135238 1.06395 18 45 0.8 0.6
135238 1.06395 48 45 0.8 0.6
135238 1.06395 36 45 0.8 0.6
135238 1.06395 60 45 0.8 0.6
135077 1.06783 12 80 1 0.45
134954 1.06364 9 45 10 0.6
134954 1.06364 9 0 10 0.6
134944 1.06755 100 45 -0.8 0.3
134944 1.06755 24 45 -0.8 0.3
134944 1.06755 48 45 -0.8 0.3
134944 1.06755 36 45 -0.8 0.3
134944 1.06755 60 45 -0.8 0.3
134880 1.08578 18 65 -1 0.3
134880 1.08578 18 0 -1 0.3
134880 1.08578 18 55 -1 0.3
134789 1.06725 12 45 -1.2 -0.45
134789 1.06725 12 45 -1.2 -10
134697 1.06276 100 80 1.4 0.6
134697 1.06276 24 80 1.4 0.6
134697 1.06276 18 77.5 1.4 0.6
134697 1.06276 48 80 1.4 0.6
134697 1.06276 100 77.5 1.4 0.6
134697 1.06276 18 80 1.4 0.6
134697 1.06276 24 77.5 1.4 0.6
134697 1.06276 36 80 1.4 0.6
134697 1.06276 48 77.5 1.4 0.6
134697 1.06276 36 77.5 1.4 0.6
134697 1.06276 60 77.5 1.4 0.6
134697 1.06276 60 80 1.4 0.6
134443 1.08179 60 75 -1 0
134443 1.08179 60 75 -1 -0.3
134443 1.08179 60 75 -1 -0.15
134443 1.08179 48 75 -1 -0.3
134443 1.08179 100 75 -1 -0.3
134443 1.08179 100 75 -1 -0.15
134443 1.08179 100 75 -1 -0.45
134443 1.08179 60 75 -1 -0.45
134443 1.08179 60 75 -1 -10
134443 1.08179 100 75 -1 -10
134443 1.08179 24 75 -1 0
134443 1.08179 36 75 -1 -10
134443 1.08179 36 75 -1 -0.45
134443 1.08179 48 75 -1 0
134443 1.08179 36 75 -1 -0.15
134443 1.08179 36 75 -1 -0.3
134443 1.08179 24 75 -1 -0.3
134443 1.08179 24 75 -1 -10
134443 1.08179 100 75 -1 0
134443 1.08179 36 75 -1 0
134443 1.08179 48 75 -1 -0.15
134443 1.08179 48 75 -1 -0.45
134443 1.08179 48 75 -1 -10
134443 1.08179 24 75 -1 -0.15
134443 1.08179 24 75 -1 -0.45
134040 1.06212 48 65 1 0.6
134040 1.06212 24 65 1 0.6
134040 1.06212 100 65 1 0.6
134040 1.06212 12 65 1 0.6
134040 1.06212 36 65 1 0.6
134040 1.06212 18 65 1 0.6
134040 1.06212 60 65 1 0.6
133238 1.15696 60 45 10 1.05
133238 1.15696 100 45 10 1.05
133238 1.15696 100 0 10 1.05
133238 1.15696 48 45 10 1.05
133238 1.15696 48 0 10 1.05
133238 1.15696 60 0 10 1.05
133020 1.06356 12 65 -0.6 0.3
133020 1.06356 12 0 -0.6 0.3
133020 1.06356 12 55 -0.6 0.3
133020 1.06356 12 67.5 -0.6 0.3
132764 1.07608 18 82.5 1 0.6
132764 1.07608 60 82.5 1 0.6
132764 1.07608 100 82.5 1 0.6
132764 1.07608 48 82.5 1 0.6
132764 1.07608 24 82.5 1 0.6
132764 1.07608 36 82.5 1 0.6
132644 1.0639 12 80 10 0.45
132515 1.02943 100 0 10 0
132515 1.02943 60 0 10 0
132136 1.10499 18 45 -1.2 0.3
132046 1.07347 24 55 10 0.9
132046 1.07347 60 75 10 0.9
132046 1.07347 100 75 10 0.9
132046 1.07347 36 75 10 0.9
132046 1.07347 24 0 10 0.9
132046 1.07347 24 75 10 0.9
132046 1.07347 24 45 10 0.9
132046 1.07347 48 75 10 0.9
132046 1.07347 24 65 10 0.9
131670 1.07859 24 0 -1 0.3
131670 1.07859 60 65 -1 0.3
131670 1.07859 100 0 -1 0.3
131670 1.07859 48 0 -1 0.3
131670 1.07859 48 55 -1 0.3
131670 1.07859 36 55 -1 0.3
131670 1.07859 36 0 -1 0.3
131670 1.07859 60 55 -1 0.3
131670 1.07859 48 65 -1 0.3
131670 1.07859 24 55 -1 0.3
131670 1.07859 36 65 -1 0.3
131670 1.07859 24 65 -1 0.3
131670 1.07859 100 55 -1 0.3
131670 1.07859 60 0 -1 0.3
131670 1.07859 100 65 -1 0.3
131590 1.10134 6 85 1.4 -10
131590 1.10134 6 85 10 -10
131590 1.10134 6 85 10 -0.45
131590 1.10134 6 85 1 0
131590 1.10134 6 85 10 -0.15
131590 1.10134 6 85 10 -0.3
131590 1.10134 6 85 1 -0.3
131590 1.10134 6 85 10 0
131590 1.10134 6 85 0.6 -0.45
131590 1.10134 6 85 1.4 0
131590 1.10134 6 85 1 -10
131590 1.10134 6 85 0.6 -0.15
131590 1.10134 6 85 1.4 -0.45
131590 1.10134 6 85 1.4 -0.15
131590 1.10134 6 85 1.4 -0.3
131590 1.10134 6 85 0.6 -10
131590 1.10134 6 85 0.6 -0.3
131590 1.10134 6 85 0.6 0
131590 1.10134 6 85 1 -0.15
131590 1.10134 6 85 1 -0.45
131507 1.10308 60 45 -1.2 0.3
131507 1.10308 24 45 -1.2 0.3
131507 1.10308 100 45 -1.2 0.3
131507 1.10308 36 45 -1.2 0.3
131507 1.10308 48 45 -1.2 0.3
131332 1.07202 36 65 10 0.9
131332 1.07202 48 55 10 0.9
131332 1.07202 60 65 10 0.9
131332 1.07202 36 0 10 0.9
131332 1.07202 100 65 10 0.9
131332 1.07202 48 0 10 0.9
131332 1.07202 36 45 10 0.9
131332 1.07202 60 0 10 0.9
131332 1.07202 100 55 10 0.9
131332 1.07202 60 55 10 0.9
131332 1.07202 48 45 10 0.9
131332 1.07202 60 45 10 0.9
131332 1.07202 100 0 10 0.9
131332 1.07202 100 45 10 0.9
131332 1.07202 36 55 10 0.9
131332 1.07202 48 65 10 0.9
131278 1.02843 48 0 10 0
131013 1.07279 24 85 1.4 0.6
131013 1.07279 100 85 1.4 0.6
131013 1.07279 48 85 1.4 0.6
131013 1.07279 60 85 1.4 0.6
131013 1.07279 36 85 1.4 0.6
131013 1.07279 18 85 1.4 0.6
131013 1.07279 18 85 10 0.6
130852 1.10113 18 75 -1 0.3
130762 1.07085 18 45 10 0.9
130762 1.07085 18 55 10 0.9
130762 1.07085 18 0 10 0.9
130534 1.05847 100 85 10 0.6
130534 1.05847 36 85 10 0.6
130534 1.05847 24 85 10 0.6
130534 1.05847 60 85 10 0.6
130534 1.05847 48 85 10 0.6
130021 1.09663 9 75 -1 0
129397 1.04611 100 80 10 0.6
129397 1.04611 36 80 10 0.6
129397 1.04611 60 80 10 0.6
129397 1.04611 48 80 10 0.6
129345 1.0967 6 80 -0.6 -0.15
129345 1.0967 6 80 -0.6 -10
129345 1.0967 6 80 -0.6 -0.3
129345 1.0967 6 80 -0.6 -0.45
129039 1.29051 3 55 -0.6 -10
129016 1.07256 12 80 0.6 0.45
128461 1.28472 6 72.5 -1 0
128461 1.28472 6 65 -1 0
128461 1.28472 6 0 -1 0
128461 1.28472 6 70 -1 0
128461 1.28472 6 55 -1 0
128461 1.28472 6 75 -1 0
128461 1.28472 6 67.5 -1 0
128426 1.09521 9 80 0.6 0.45
128175 1.05497 12 80 -0.6 0.15
128175 1.05497 12 80 -0.6 0
127971 1.05192 18 80 10 0.6
127882 1.27894 3 0 -0.6 -10
127882 1.27894 3 42.5 -0.6 -10
127882 1.27894 3 37.5 -0.6 -10
127882 1.27894 3 50 -0.6 -10
127882 1.27894 3 40 -0.6 -10
127882 1.27894 3 45 -0.8 -10
127737 1.09155 100 75 -1 0.3
127737 1.09155 24 75 -1 0.3
127737 1.09155 60 75 -1 0.3
127737 1.09155 36 75 -1 0.3
127737 1.09155 48 75 -1 0.3
127661 1.06459 24 75 1 0.6
127661 1.06459 100 75 1 0.6
127661 1.06459 48 75 1 0.6
127661 1.06459 60 75 1 0.6
127661 1.06459 36 75 1 0.6
127661 1.06459 18 75 1 0.6
127627 1.06869 12 80 -0.6 0.3
127509 1.04383 24 80 10 0.6
127232 1.06777 12 75 -0.6 0.3
126884 1.08475 60 45 -0.4 0.6
126884 1.08475 18 45 -0.4 0.6
126884 1.08475 36 45 -0.4 0.6
126884 1.08475 100 45 -0.4 0.6
126884 1.08475 24 45 -0.4 0.6
126884 1.08475 48 45 -0.4 0.6
126265 1.04241 24 77.5 10 0.6
126108 1.08245 24 65 -0.2 0.6
126108 1.08245 24 0 -0.2 0.6
126108 1.08245 18 65 -0.2 0.6
126108 1.08245 100 65 -0.2 0.6
126108 1.08245 36 55 -0.2 0.6
126108 1.08245 60 0 -0.2 0.6
126108 1.08245 100 0 -0.2 0.6
126108 1.08245 36 65 -0.2 0.6
126108 1.08245 48 65 -0.2 0.6
126108 1.08245 48 0 -0.2 0.6
126108 1.08245 24 55 -0.2 0.6
126108 1.08245 100 55 -0.2 0.6
126108 1.08245 60 55 -0.2 0.6
126108 1.08245 18 55 -0.2 0.6
126108 1.08245 18 0 -0.2 0.6
126108 1.08245 48 55 -0.2 0.6
126108 1.08245 60 65 -0.2 0.6
126108 1.08245 36 0 -0.2 0.6
126101 1.04222 60 77.5 10 0.6
126101 1.04222 36 77.5 10 0.6
126101 1.04222 100 77.5 10 0.6
126101 1.04222 48 77.5 10 0.6
125894 1.08111 36 0 1 0.9
125894 1.08111 100 55 1 0.9
125894 1.08111 24 0 1 0.9
125894 1.08111 60 55 1 0.9
125894 1.08111 36 55 1 0.9
125894 1.08111 100 0 1 0.9
125894 1.08111 60 0 1 0.9
125894 1.08111 48 55 1 0.9
125894 1.08111 48 0 1 0.9
125894 1.08111 18 55 1 0.9
125894 1.08111 18 0 1 0.9
125894 1.08111 24 55 1 0.9
125491 1.04812 18 77.5 10 0.6
125323 1.06435 12 70 -0.6 0.3
125323 1.06435 12 72.5 -0.6 0.3
124679 1.06451 12 45 -0.8 0.3
124471 1.05741 24 77.5 0.6 0.6
124471 1.05741 48 80 1 0.6
124471 1.05741 36 77.5 0.6 0.6
124471 1.05741 24 77.5 1 0.6
124471 1.05741 24 80 1 0.6
124471 1.05741 48 77.5 1 0.6
124471 1.05741 48 77.5 0.6 0.6
124471 1.05741 100 80 0.6 0.6
124471 1.05741 60 80 1 0.6
124471 1.05741 36 77.5 1 0.6
124471 1.05741 18 77.5 0.6 0.6
124471 1.05741 18 80 1 0.6
124471 1.05741 100 77.5 0.6 0.6
124471 1.05741 48 80 0.6 0.6
124471 1.05741 60 77.5 0.6 0.6
124471 1.05741 60 77.5 1 0.6
124471 1.05741 24 80 0.6 0.6
124471 1.05741 60 80 0.6 0.6
124471 1.05741 36 80 1 0.6
124471 1.05741 18 77.5 1 0.6
124471 1.05741 100 77.5 1 0.6
124471 1.05741 18 80 0.6 0.6
124471 1.05741 100 80 1 0.6
124471 1.05741 36 80 0.6 0.6
124003 1.04821 9 0 -1 -0.15
123354 1.06084 12 70 -1 0.15
123129 1.07924 9 72.5 -0.6 0.3
123129 1.07924 9 67.5 -0.6 0.3
123129 1.07924 9 0 -0.6 0.3
123129 1.07924 9 65 -0.6 0.3
123129 1.07924 9 70 -0.6 0.3
123129 1.07924 9 55 -0.6 0.3
123129 1.07924 9 75 -0.6 0.3
123095 1.07384 12 75 -1 0.15
123095 1.07384 12 75 -1 0
123061 1.11329 18 45 -0.8 0.6
122910 1.11271 18 77.5 -0.6 0.6
122910 1.11271 18 80 -0.6 0.6
122910 1.11271 18 0 -0.6 0.6
122910 1.11271 18 65 -0.6 0.6
122910 1.11271 18 75 -0.6 0.6
122910 1.11271 18 55 -0.6 0.6
122749 1.07406 60 85 1 0.6
122749 1.07406 100 85 1 0.6
122749 1.07406 36 85 1 0.6
122749 1.07406 24 85 1 0.6
122749 1.07406 18 85 1 0.6
122749 1.07406 48 85 1 0.6
122016 1.07874 12 65 -1 0.3
122016 1.07874 12 70 -1 0.3
122016 1.07874 12 0 -1 0.3
122016 1.07874 12 55 -1 0.3
122016 1.07874 12 67.5 -1 0.3
121981 1.06902 9 85 0.6 0.3
121748 1.06977 18 65 10 0.9
121312 1.11452 6 72.5 -1 -10
121312 1.11452 6 72.5 -1 -0.45
121312 1.11452 6 72.5 -1 -0.3
121312 1.11452 6 72.5 -1 -0.15
121177 1.114 6 75 -1 -0.15
121177 1.114 6 75 -1 -10
121177 1.114 6 75 -1 -0.45
121177 1.114 6 75 -1 -0.3
120895 1.05361 9 67.5 -1 -0.15
120895 1.05361 9 65 -1 -0.15
120750 1.07247 9 75 -1 -0.15
120750 1.07247 9 75 -1 -0.3
120750 1.07247 9 75 -1 -0.45
120750 1.07247 9 75 -1 -10
120681 1.2069 48 45 -1.2 0.6
120681 1.2069 100 45 -1.2 0.6
120681 1.2069 18 45 -1.2 0.6
120681 1.2069 24 45 -1.2 0.6
120681 1.2069 18 55 -1 0.6
120681 1.2069 60 45 -1.2 0.6
120681 1.2069 36 45 -1.2 0.6
120681 1.2069 18 0 -1 0.6
120681 1.2069 18 65 -1 0.6
120681 1.2069 18 75 -1 0.6
120224 1.05206 9 55 -1 -0.15
120076 1.05312 12 65 -1 0
120076 1.05312 12 55 -1 0
120076 1.05312 12 67.5 -1 0
120076 1.05312 12 70 -1 0
119537 1.09658 12 45 -1.2 0.3
119036 1.03793 12 80 -0.6 -0.3
119036 1.03793 12 80 -0.6 -10
118959 1.09317 60 45 -0.8 0.6
118959 1.09317 24 45 -0.8 0.6
118959 1.09317 36 45 -0.8 0.6
118959 1.09317 100 45 -0.8 0.6
118959 1.09317 48 45 -0.8 0.6
118815 1.09259 60 80 -0.6 0.6
118815 1.09259 48 80 -0.6 0.6
118815 1.09259 36 55 -0.6 0.6
118815 1.09259 24 80 -0.6 0.6
118815 1.09259 24 55 -0.6 0.6
118815 1.09259 36 75 -0.6 0.6
118815 1.09259 36 77.5 -0.6 0.6
118815 1.09259 36 0 -0.6 0.6
118815 1.09259 60 55 -0.6 0.6
118815 1.09259 100 75 -0.6 0.6
118815 1.09259 24 0 -0.6 0.6
118815 1.09259 48 0 -0.6 0.6
118815 1.09259 60 65 -0.6 0.6
118815 1.09259 100 55 -0.6 0.6
118815 1.09259 36 80 -0.6 0.6
118815 1.09259 48 77.5 -0.6 0.6
118815 1.09259 24 77.5 -0.6 0.6
118815 1.09259 100 80 -0.6 0.6
118815 1.09259 48 65 -0.6 0.6
118815 1.09259 100 65 -0.6 0.6
118815 1.09259 60 77.5 -0.6 0.6
118815 1.09259 100 0 -0.6 0.6
118815 1.09259 24 75 -0.6 0.6
118815 1.09259 100 77.5 -0.6 0.6
118815 1.09259 48 75 -0.6 0.6
118815 1.09259 36 65 -0.6 0.6
118815 1.09259 60 75 -0.6 0.6
118815 1.09259 48 55 -0.6 0.6
118815 1.09259 60 0 -0.6 0.6
118815 1.09259 24 65 -0.6 0.6
118430 1.00762 48 0 10 -10
118398 1.04414 12 80 1.4 0.6
118363 1.09079 12 75 -1 0.3
118230 1.08972 36 75 -0.2 0.6
118230 1.08972 18 75 -0.2 0.6
118230 1.08972 24 75 -0.2 0.6
118230 1.08972 60 75 -0.2 0.6
118230 1.08972 48 75 -0.2 0.6
118230 1.08972 100 75 -0.2 0.6
118108 1.04849 12 65 -1 -0.15
118108 1.04849 12 67.5 -1 -0.15
117977 1.03609 9 80 -0.6 -0.45
117977 1.03609 9 80 -0.6 -0.15
117977 1.03609 9 80 -0.6 -0.3
117977 1.03609 9 80 -0.6 -10
117975 1.04819 12 70 -1 -0.3
117975 1.04819 12 70 -1 -10
117808 1.17816 48 65 -1 0.6
117808 1.17816 100 75 -1 0.6
117808 1.17816 60 55 -1 0.6
117808 1.17816 36 65 -1 0.6
117808 1.17816 60 75 -1 0.6
117808 1.17816 24 65 -1 0.6
117808 1.17816 100 0 -1 0.6
117808 1.17816 100 65 -1 0.6
117808 1.17816 36 75 -1 0.6
117808 1.17816 24 75 -1 0.6
117808 1.17816 48 55 -1 0.6
117808 1.17816 36 0 -1 0.6
117808 1.17816 60 0 -1 0.6
117808 1.17816 24 55 -1 0.6
117808 1.17816 36 55 -1 0.6
117808 1.17816 60 65 -1 0.6
117808 1.17816 100 55 -1 0.6
117808 1.17816 48 0 -1 0.6
117808 1.17816 48 75 -1 0.6
117808 1.17816 24 0 -1 0.6
117717 1.04734 9 45 -1.2 -0.15
117336 1.05913 9 55 -1 0
117336 1.05913 9 0 -1 0
117336 1.05913 9 67.5 -1 0
117336 1.05913 9 45 -1.2 0
117336 1.05913 9 65 -1 0
117056 1.05475 9 72.5 1.4 0.6
117056 1.05475 9 80 1.4 0.6
116891 1.16898 18 90 -0.6 -0.15
116891 1.16898 24 90 -0.2 0.3
116891 1.16898 48 90 -0.6 -10
116891 1.16898 48 90 -0.2 0
116891 1.16898 100 90 -0.6 0
116891 1.16898 100 90 -0.6 0.3
116891 1.16898 18 90 -0.6 -0.3
116891 1.16898 100 90 -0.6 -0.3
116891 1.16898 18 90 -0.6 -10
116891 1.16898 36 90 -0.2 -10
116891 1.16898 60 90 -0.2 -0.3
116891 1.16898 100 90 -0.6 -0.15
116891 1.16898 36 90 -0.2 -0.45
116891 1.16898 100 90 -0.6 -0.45
116891 1.16898 48 90 -0.2 0.3
116891 1.16898 100 90 -0.6 -10
116891 1.16898 48 90 -0.2 -0.3
116891 1.16898 36 90 -0.2 -0.15
116891 1.16898 48 90 -0.2 -0.15
116891 1.16898 60 90 -0.2 -0.45
116891 1.16898 100 90 -0.2 0
116891 1.16898 100 90 -0.2 0.3
116891 1.16898 100 90 -0.2 -0.3
116891 1.16898 36 90 -0.2 -0.3
116891 1.16898 100 90 -0.2 -0.15
116891 1.16898 48 90 -0.2 -0.45
116891 1.16898 48 90 -0.2 -10
116891 1.16898 48 90 -0.6 -0.15
116891 1.16898 36 90 -0.2 0.3
116891 1.16898 48 90 -0.6 -0.3
116891 1.16898 48 90 -0.6 0.3
116891 1.16898 36 90 -0.2 0
116891 1.16898 48 90 -0.6 0
116891 1.16898 24 90 -0.6 0
116891 1.16898 24 90 -0.6 0.3
116891 1.16898 24 90 -0.6 -0.3
116891 1.16898 36 90 -0.6 -10
116891 1.16898 60 90 -0.2 -0.15
116891 1.16898 24 90 -0.6 -0.15
116891 1.16898 24 90 -0.6 -0.45
116891 1.16898 24 90 -0.6 -10
116891 1.16898 24 90 -0.2 0
116891 1.16898 18 90 -0.2 0
116891 1.16898 24 90 -0.2 -0.3
116891 1.16898 24 90 -0.2 -0.15
116891 1.16898 36 90 -0.6 -0.45
116891 1.16898 36 90 -0.6 -0.15
116891 1.16898 36 90 -0.6 -0.3
116891 1.16898 36 90 -0.6 0.3
116891 1.16898 24 90 -0.2 -0.45
116891 1.16898 24 90 -0.2 -10
116891 1.16898 36 90 -0.6 0
116891 1.16898 100 90 -0.2 -0.45
116891 1.16898 100 90 -0.2 -10
116891 1.16898 60 90 -0.2 0.3
116891 1.16898 18 90 -0.6 0.3
116891 1.16898 60 90 -0.2 -10
116891 1.16898 60 90 -0.6 0
116891 1.16898 60 90 -0.6 0.3
116891 1.16898 60 90 -0.6 -0.3
116891 1.16898 18 90 -0.6 0
116891 1.16898 18 90 -0.6 -0.45
116891 1.16898 48 90 -0.6 -0.45
116891 1.16898 18 90 -0.2 -10
116891 1.16898 18 90 -0.2 -0.45
116891 1.16898 18 90 -0.2 0.3
116891 1.16898 18 90 -0.2 -0.15
116891 1.16898 18 90 -0.2 -0.3
116891 1.16898 60 90 -0.6 -0.15
116891 1.16898 60 90 -0.6 -0.45
116891 1.16898 60 90 -0.6 -10
116891 1.16898 60 90 -0.2 0
114490 1.04725 9 80 10 0.6
114319 1.04968 12 75 -1 -0.3
114319 1.04968 12 75 -1 -10
114300 1.03692 9 80 -0.6 0
113998 1.14005 9 85 -0.6 -0.45
113998 1.14005 9 85 -0.6 -0.15
113998 1.14005 9 85 -0.6 0
113998 1.14005 9 85 -0.6 0.3
113998 1.14005 9 85 -0.6 -10
113998 1.14005 9 85 -0.6 -0.3
113990 1.03881 6 45 -1.2 -10
113340 1.00484 60 0 10 -10
113079 1.13086 48 82.5 10 1.2
113079 1.13086 24 80 10 1.2
113079 1.13086 36 82.5 10 1.2
113079 1.13086 60 80 10 1.2
113079 1.13086 100 80 10 1.2
113079 1.13086 48 80 10 1.2
113079 1.13086 24 82.5 10 1.2
113079 1.13086 60 82.5 10 1.2
113079 1.13086 36 80 10 1.2
113079 1.13086 100 82.5 10 1.2
113073 1.13079 6 80 1 0.3
113073 1.13079 6 80 1.4 0.3
113073 1.13079 6 80 0.6 0.3
113073 1.13079 6 80 10 0.3
112681 1.03256 18 82.5 -0.6 -0.3
112681 1.03256 18 82.5 -0.6 -0.15
112681 1.03256 18 82.5 -0.6 0
112681 1.03256 18 82.5 -0.6 -10
112681 1.03256 18 82.5 -0.6 -0.45
112490 1.03074 12 80 10 0.6
112366 1.02692 6 0 -1 -0.3
112366 1.02692 6 0 -1 -10
112366 1.02692 6 0 -1 -0.45
112068 1.06096 12 55 10 0.9
112068 1.06096 12 0 10 0.9
112068 1.06096 12 45 10 0.9
111569 1.11574 9 45 -1.2 0.3
111569 1.11574 9 65 -1 0.3
111569 1.11574 9 75 -1 0.3
111569 1.11574 9 67.5 -1 0.3
111569 1.11574 9 0 -1 0.3
111569 1.11574 9 45 -0.8 0.3
111569 1.11574 9 55 -1 0.3
110407 1.03372 3 65 0.6 -0.45
110407 1.03372 3 65 0.6 -10
110407 1.03372 3 65 0.6 -0.3
110184 1.03673 6 55 -1 -0.3
110184 1.03673 6 55 -1 -0.45
110184 1.03673 6 55 -1 -10
109417 1.05139 6 67.5 -1 -0.15
109417 1.05139 6 65 -1 -0.3
109417 1.05139 6 65 -1 -0.15
109417 1.05139 6 65 -1 -0.45
109417 1.05139 6 67.5 -1 -10
109417 1.05139 6 67.5 -1 -0.45
109417 1.05139 6 67.5 -1 -0.3
109417 1.05139 6 65 -1 -10
109416 1.03123 12 80 0.6 0.6
109416 1.03123 18 82.5 0.6 0.6
109416 1.03123 12 80 1 0.6
109416 1.03123 12 75 1 0.6
109295 1.05087 6 70 -1 -0.45
109295 1.05087 6 70 -1 -10
109295 1.05087 6 70 -1 -0.15
109295 1.05087 6 70 -1 -0.3
109084 1.0223 3 65 10 -0.3
109084 1.0223 3 65 1.4 -0.3
109084 1.0223 3 65 1.4 -0.45
109084 1.0223 3 65 1 -0.3
109084 1.0223 3 65 10 -10
109084 1.0223 3 65 1 -0.45
109084 1.0223 3 65 10 -0.45
109084 1.0223 3 65 1.4 -10
109084 1.0223 3 65 1 -10
108891 1.03258 18 82.5 -0.6 0.3
108809 1.04877 6 55 -1 -0.15
108809 1.04877 6 0 -1 -0.15
108792 1.08796 9 72.5 0.6 0.6
108792 1.08796 9 67.5 1 0.6
108792 1.08796 9 80 1 0.6
108792 1.08796 9 65 1 0.6
108792 1.08796 9 72.5 1 0.6
108792 1.08796 9 80 0.6 0.6
108792 1.08796 9 75 1 0.6
108792 1.08796 9 0 1 0.6
108792 1.08796 9 45 0.8 0.6
108792 1.08796 9 70 0.6 0.6
108792 1.08796 9 70 1 0.6
108792 1.08796 9 55 1 0.6
107966 1.03999 9 85 1.4 0.6
107966 1.03999 12 85 10 0.6
107966 1.03999 12 85 1.4 0.6
107966 1.03999 9 85 10 0.6
107923 1.02952 36 85 -0.6 0
107923 1.02952 48 85 -0.6 0
107923 1.02952 100 85 -0.6 -10
107923 1.02952 48 85 -0.6 0.3
107923 1.02952 48 85 -0.6 -0.3
107923 1.02952 48 85 -0.6 -0.15
107923 1.02952 100 85 -0.6 -0.45
107923 1.02952 48 85 -0.6 -0.45
107923 1.02952 48 85 -0.6 -10
107923 1.02952 100 85 -0.6 -0.15
107923 1.02952 18 85 -0.6 -10
107923 1.02952 36 85 -0.6 -10
107923 1.02952 100 85 -0.6 -0.3
107923 1.02952 24 85 -0.6 -10
107923 1.02952 24 85 -0.6 -0.45
107923 1.02952 100 85 -0.6 0.3
107923 1.02952 24 85 -0.6 -0.15
107923 1.02952 24 85 -0.6 -0.3
107923 1.02952 36 85 -0.6 0.3
107923 1.02952 24 85 -0.6 0.3
107923 1.02952 24 85 -0.6 0
107923 1.02952 60 85 -0.6 0
107923 1.02952 60 85 -0.6 0.3
107923 1.02952 36 85 -0.6 -0.45
107923 1.02952 36 85 -0.6 -0.3
107923 1.02952 100 85 -0.6 0
107923 1.02952 18 85 -0.6 -0.45
107923 1.02952 18 85 -0.6 -0.15
107923 1.02952 18 85 -0.6 0
107923 1.02952 18 85 -0.6 -0.3
107923 1.02952 18 85 -0.6 0.3
107923 1.02952 60 85 -0.6 -0.3
107923 1.02952 60 85 -0.6 -0.15
107923 1.02952 60 85 -0.6 -0.45
107923 1.02952 36 85 -0.6 -0.15
107923 1.02952 60 85 -0.6 -10
107897 1.07901 12 0 1 0.9
107897 1.07901 12 55 1 0.9
107320 1.04352 100 90 1 -0.15
107320 1.04352 36 90 10 -0.45
107320 1.04352 36 90 10 -10
107320 1.04352 36 90 10 -0.15
107320 1.04352 100 90 1 -0.45
107320 1.04352 100 90 1 -10
107320 1.04352 100 90 1 -0.3
107320 1.04352 100 90 1 0.3
107320 1.04352 36 90 10 -0.3
107320 1.04352 100 90 1 0
107320 1.04352 36 90 10 0.3
107320 1.04352 36 90 10 0
107320 1.04352 24 90 1 0
107320 1.04352 48 90 10 0
107320 1.04352 48 90 10 0.3
107320 1.04352 24 90 1 0.3
107320 1.04352 24 90 1 -0.3
107320 1.04352 48 90 10 -0.3
107320 1.04352 24 90 1 -0.15
107320 1.04352 24 90 1 -0.45
107320 1.04352 24 90 1 -10
107320 1.04352 36 90 1 -10
107320 1.04352 36 90 1 -0.45
107320 1.04352 36 90 1 -0.15
107320 1.04352 36 90 1 -0.3
107320 1.04352 48 90 10 -0.15
107320 1.04352 48 90 10 -0.45
107320 1.04352 48 90 10 -10
107320 1.04352 36 90 1 0.3
107320 1.04352 36 90 1 0
107320 1.04352 100 90 10 0
107320 1.04352 48 90 1 -10
107320 1.04352 48 90 1 -0.45
107320 1.04352 100 90 10 0.3
107320 1.04352 100 90 10 -0.3
107320 1.04352 100 90 10 -0.15
107320 1.04352 100 90 10 -0.45
107320 1.04352 100 90 10 -10
107320 1.04352 48 90 1 -0.15
107320 1.04352 48 90 1 -0.3
107320 1.04352 48 90 1 0.3
107320 1.04352 48 90 1 0
107320 1.04352 60 90 1 0
107320 1.04352 60 90 1 0.3
107320 1.04352 60 90 1 -0.3
107320 1.04352 18 90 10 -10
107320 1.04352 18 90 10 -0.45
107320 1.04352 18 90 10 -0.15
107320 1.04352 18 90 10 -0.3
107320 1.04352 18 90 10 0.3
107320 1.04352 18 90 10 0
107320 1.04352 60 90 1 -0.15
107320 1.04352 60 90 1 -0.45
107320 1.04352 24 90 10 0
107320 1.04352 60 90 10 -10
107320 1.04352 60 90 10 -0.45
107320 1.04352 60 90 10 -0.15
107320 1.04352 60 90 10 -0.3
107320 1.04352 60 90 10 0.3
107320 1.04352 60 90 10 0
107320 1.04352 24 90 10 0.3
107320 1.04352 24 90 10 -0.3
107320 1.04352 18 90 1 -10
107320 1.04352 18 90 1 -0.45
107320 1.04352 24 90 10 -0.15
107320 1.04352 18 90 1 -0.15
107320 1.04352 18 90 1 -0.3
107320 1.04352 18 90 1 0.3
107320 1.04352 18 90 1 0
107320 1.04352 24 90 10 -10
107320 1.04352 60 90 1 -10
107320 1.04352 24 90 10 -0.45
106878 1.06884 18 75 10 1.2
106878 1.06884 18 0 10 1.2
106878 1.06884 18 77.5 10 1.2
106878 1.06884 18 55 10 1.2
106878 1.06884 18 45 10 1.2
106878 1.06884 18 65 10 1.2
106696 1.03799 12 85 -0.6 -10
106696 1.03799 12 85 -0.6 -0.45
106696 1.03799 12 85 -0.6 0.3
106696 1.03799 12 85 -0.6 -0.3
106696 1.03799 12 85 -0.6 -0.15
106696 1.03799 12 85 -0.6 0
104371 1.02164 3 65 0.6 0
104371 1.02164 3 65 0.6 -0.15
103464 1.0238 9 80 -0.6 0.3
103118 1.01045 3 65 10 0
103118 1.01045 3 65 1 0
103118 1.01045 3 65 1.4 0
103118 1.01045 3 65 1.4 -0.15
103118 1.01045 3 65 10 -0.15
103118 1.01045 3 65 1 -0.15
101851 1.01852 24 85 -0.6 0.6
101851 1.01852 48 85 -0.6 0.6
101851 1.01852 18 85 -0.6 0.6
101851 1.01852 60 85 -0.6 0.6
101851 1.01852 18 82.5 -0.6 0.6
101851 1.01852 100 85 -0.6 0.6
101851 1.01852 36 85 -0.6 0.6
101156 1.01157 12 85 0.6 0.6
101156 1.00577 36 85 0.6 0.6
101156 1.00577 24 85 0.6 0.6
101156 1.01157 12 85 1 0.6
101156 1.00577 18 85 0.6 0.6
101156 1.00577 48 85 0.6 0.6
101156 1.00577 100 85 0.6 0.6
101156 1.00577 60 85 0.6 0.6
100000 1 60 77.5 1 1.2
100000 1 60 77.5 1 1.8
100000 1 60 77.5 1 2.4
100000 1 60 77.5 1 3
100000 1 60 77.5 -0.6 1.2
100000 1 60 77.5 -0.6 1.8
100000 1 60 77.5 -0.6 2.4
100000 1 60 82.5 10 3
100000 1 60 82.5 10 2.4
100000 1 60 82.5 10 1.8
100000 1 60 77.5 -0.6 3
100000 1 60 77.5 1.4 1.2
100000 1 60 77.5 1.4 1.8
100000 1 60 77.5 1.4 2.4
100000 1 60 77.5 1.4 3
100000 1 60 77.5 0.6 1.2
100000 1 60 77.5 0.6 1.8
100000 1 60 77.5 0.6 2.4
100000 1 60 82.5 0.6 3
100000 1 60 82.5 0.6 2.4
100000 1 60 82.5 0.6 1.8
100000 1 60 82.5 0.6 1.2
100000 1 60 77.5 0.6 3
100000 1 60 77.5 10 1.8
100000 1 60 77.5 10 2.4
100000 1 60 77.5 10 3
100000 1 60 0 1 1.2
100000 1 60 0 1 1.8
100000 1 60 0 1 2.4
100000 1 60 82.5 1.4 3
100000 1 60 82.5 1.4 2.4
100000 1 60 82.5 1.4 1.8
100000 1 60 82.5 1.4 1.2
100000 1 60 0 1 3
100000 1 60 0 -0.6 1.2
100000 1 60 0 -0.6 1.8
100000 1 60 0 -0.6 2.4
100000 1 60 0 -0.6 3
100000 1 60 0 -0.2 1.2
100000 1 60 0 -0.2 1.8
100000 1 60 82.5 -0.6 3
100000 1 60 82.5 -0.6 2.4
100000 1 60 82.5 -0.6 1.8
100000 1 60 82.5 -0.6 1.2
100000 1 60 0 -0.2 2.4
100000 1 60 0 -0.2 3
100000 1 60 0 -1 1.2
100000 1 60 0 -1 1.8
100000 1 60 0 -1 2.4
100000 1 60 0 -1 3
100000 1 60 0 10 1.8
100000 1 60 82.5 1 3
100000 1 60 82.5 1 2.4
100000 1 60 82.5 1 1.8
100000 1 60 82.5 1 1.2
100000 1 60 0 10 2.4
100000 1 60 0 10 3
100000 1 60 0 10 1.5
100000 1 18 45 0.8 1.2
100000 1 18 45 0.8 1.8
100000 1 18 45 0.8 2.4
100000 1 18 45 0.8 3
100000 1 60 80 10 3
100000 1 60 80 10 2.4
100000 1 60 80 10 1.8
100000 1 18 45 -0.8 1.2
100000 1 18 45 -0.8 1.8
100000 1 18 45 -0.8 2.4
100000 1 18 45 -0.8 3
100000 1 18 45 -0.4 1.2
100000 1 18 45 -0.4 1.8
100000 1 18 45 -0.4 2.4
100000 1 18 45 -0.4 3
100000 1 60 80 0.6 3
100000 1 60 80 0.6 2.4
100000 1 60 80 0.6 1.8
100000 1 60 80 0.6 1.2
100000 1 18 45 -1.2 1.2
100000 1 18 45 -1.2 1.8
100000 1 18 45 -1.2 2.4
100000 1 18 45 -1.2 3
100000 1 18 45 10 1.8
100000 1 18 45 10 2.4
100000 1 18 45 10 3
100000 1 60 80 1.4 3
100000 1 60 80 1.4 2.4
100000 1 60 80 1.4 1.8
100000 1 60 80 1.4 1.2
100000 1 18 55 1 1.2
100000 1 18 55 1 1.8
100000 1 18 55 1 2.4
100000 1 18 55 1 3
100000 1 18 55 -0.6 1.2
100000 1 18 55 -0.6 1.8
100000 1 18 55 -0.6 2.4
100000 1 60 80 -0.6 3
100000 1 60 80 -0.6 2.4
100000 1 60 80 -0.6 1.8
100000 1 60 80 -0.6 1.2
100000 1 18 55 -0.6 3
100000 1 18 55 -0.2 1.2
100000 1 18 55 -0.2 1.8
100000 1 18 55 -0.2 2.4
100000 1 18 55 -0.2 3
100000 1 18 55 -1 1.2
100000 1 18 55 -1 1.8
100000 1 60 80 1 3
100000 1 60 80 1 2.4
100000 1 60 80 1 1.8
100000 1 60 80 1 1.2
100000 1 18 55 -1 2.4
100000 1 18 55 -1 3
100000 1 18 55 10 1.8
100000 1 18 55 10 2.4
100000 1 18 55 10 3
100000 1 18 65 1 1.2
100000 1 18 65 1 1.8
100000 1 60 90 10 3
100000 1 60 90 10 2.4
100000 1 60 90 10 1.8
100000 1 60 90 10 1.2
100000 1 60 90 10 0.6
100000 1 18 65 1 2.4
100000 1 60 90 -1 -10
100000 1 60 90 -1 2.55
100000 1 60 90 -1 2.85
100000 1 60 90 -1 2.7
100000 1 60 90 -1 3.3
100000 1 60 90 -1 3
100000 1 60 90 -1 2.4
100000 1 60 90 -1 1.8
100000 1 60 90 -1 1.2
100000 1 60 90 -1 0.6
100000 1 60 90 -1 0
100000 1 18 65 1 3
100000 1 18 65 -0.6 1.2
100000 1 18 65 -0.6 1.8
100000 1 18 65 -0.6 2.4
100000 1 18 65 -0.6 3
100000 1 60 90 -0.2 3
100000 1 60 90 -0.2 2.4
100000 1 60 90 -0.2 1.8
100000 1 60 90 -0.2 1.2
100000 1 60 90 -0.2 0.6
100000 1 18 65 -0.2 1.2
100000 1 18 65 -0.2 1.8
100000 1 18 65 -0.2 2.4
100000 1 18 65 -0.2 3
100000 1 18 65 -1 1.2
100000 1 18 65 -1 1.8
100000 1 60 90 -0.6 3
100000 1 60 90 -0.6 2.4
100000 1 60 90 -0.6 1.8
100000 1 60 90 -0.6 1.2
100000 1 60 90 -0.6 0.6
100000 1 18 65 -1 2.4
100000 1 18 65 -1 3
100000 1 18 65 10 1.8
100000 1 18 65 10 2.4
100000 1 18 65 10 3
100000 1 18 75 1 1.2
100000 1 60 90 1 3
100000 1 60 90 1 2.4
100000 1 60 90 1 1.8
100000 1 60 90 1 1.2
100000 1 60 90 1 0.6
100000 1 18 75 1 1.8
100000 1 60 95 10 -10
100000 1 60 95 10 2.55
100000 1 60 95 10 2.85
100000 1 60 95 10 2.7
100000 1 60 95 10 3.3
100000 1 60 95 10 3
100000 1 60 95 10 2.4
100000 1 60 95 10 1.8
100000 1 60 95 10 1.2
100000 1 60 95 10 0.6
100000 1 60 95 10 0
100000 1 60 95 -1 -10
100000 1 60 95 -1 2.55
100000 1 60 95 -1 2.85
100000 1 60 95 -1 2.7
100000 1 60 95 -1 3.3
100000 1 60 95 -1 3
100000 1 60 95 -1 2.4
100000 1 60 95 -1 1.8
100000 1 60 95 -1 1.2
100000 1 60 95 -1 0.6
100000 1 60 95 -1 0
100000 1 60 95 -0.2 -10
100000 1 60 95 -0.2 2.55
100000 1 60 95 -0.2 2.85
100000 1 60 95 -0.2 2.7
100000 1 60 95 -0.2 3.3
0
249046 9 75 10 0.45