304577 1.0897 0 35 -1.2 -0.375
300976 1.10272 0 22.5 -1.2 -0.375
297403 1.09274 0 35 -0.8 -0.375
296569 1.11011 0 20 -1.2 -0.375
292079 1.09876 0 22.5 -10 -0.375
292040 1.084 0 35 -10 -0.375
291737 1.09149 0 25 -10 -0.375
290239 1.09794 0 22.5 -0.8 -0.375
287799 1.10581 0 20 -10 -0.375
286048 1.09189 0 22.5 -1.2 -0.075
286048 1.09189 0 22.5 -1.2 -0.225
286048 1.09189 0 22.5 -1.2 0.375
286048 1.09189 0 22.5 -1.2 10
285974 1.10492 0 20 -0.8 -0.375
281851 1.09787 0 20 -1.2 -0.075
281851 1.09787 0 20 -1.2 10
281851 1.09787 0 20 -1.2 0.375
281851 1.09787 0 20 -1.2 -0.225
277803 1.13765 0 35 0 -0.45
277803 1.13765 0 55 0 -0.45
277803 1.13765 0 100 0 -0.45
277803 1.13765 0 45 0 -0.45
277576 1.0882 0 22.5 -10 10
277576 1.0882 0 22.5 -10 -0.225
277576 1.0882 0 22.5 -10 0.375
277576 1.0882 0 22.5 -10 -0.075
275839 1.08744 0 22.5 -0.8 0.375
275839 1.08744 0 22.5 -0.8 -0.225
275839 1.08744 0 22.5 -0.8 -0.075
275839 1.08744 0 22.5 -0.8 10
275211 1.11298 0 17.5 -1.2 -0.375
273501 1.0939 0 20 -10 -0.075
273501 1.0939 0 20 -10 -0.225
273501 1.0939 0 20 -10 0.375
273501 1.0939 0 20 -10 10
271939 1.08656 0 22.5 -0.4 0.375
271939 1.08656 0 22.5 -0.4 10
271939 1.08656 0 22.5 -0.4 -0.075
271939 1.08656 0 22.5 -0.4 -0.225
271779 1.09308 0 20 -0.8 0.375
271779 1.09308 0 20 -0.8 -0.225
271779 1.09308 0 20 -0.8 -0.075
271779 1.09308 0 20 -0.8 10
265377 1.10732 0 17.5 -0.8 -0.375
265125 1.10751 0 22.5 -0.4 -0.375
263724 1.10636 0 17.5 -10 -0.375
263421 1.07872 0 25 -10 -0.225
261100 1.07815 0 100 -0.8 -0.375
260761 1.10602 0 35 -0.4 -0.375
258939 1.16816 0 15 -1.2 -0.375
258939 1.16816 0 15 -10 -0.375
257778 1.07734 0 55 -0.8 -0.375
256960 1.09804 0 17.5 -1.2 -0.225
256960 1.09804 0 17.5 -1.2 -0.075
256960 1.09804 0 17.5 -1.2 10
256960 1.09804 0 17.5 -1.2 0.375
255079 1.07667 0 45 -0.8 -0.375
253659 1.06869 0 45 -1.2 -0.375
252415 1.16195 0 15 -0.8 -0.375
250733 1.06806 0 35 -1.2 -0.225
247773 1.09285 0 17.5 -0.8 -0.075
247773 1.09285 0 17.5 -0.8 -0.225
247773 1.09285 0 17.5 -0.8 0.375
247773 1.09285 0 17.5 -0.8 10
246218 1.09197 0 17.5 -10 0.375
246218 1.09197 0 17.5 -10 10
246218 1.09197 0 17.5 -10 -0.075
246218 1.09197 0 17.5 -10 -0.225
245240 1.0933 0 55 0 -0.3
245240 1.0933 0 35 0 -0.3
245240 1.0933 0 100 0 -0.3
245240 1.0933 0 45 0 -0.3
242580 1.06476 0 35 -0.8 -0.225
241660 1.06864 0 35 -0.4 -0.225
240405 1.06304 0 35 -10 -0.225
240331 1.15752 0 15 -10 10
240331 1.15752 0 15 -1.2 -0.075
240331 1.15752 0 15 -1.2 0.375
240331 1.15752 0 15 -10 -0.075
240331 1.15752 0 15 -1.2 -0.225
240331 1.15752 0 15 -1.2 10
240331 1.15752 0 15 -10 -0.225
240331 1.15752 0 15 -10 0.375
239491 1.06255 0 45 -10 -0.375
238000 1.09571 0 100 0.8 0.375
238000 1.09571 0 100 0.8 10
238000 1.09571 0 100 0.8 0.225
238000 1.09571 0 100 0.8 0.525
236342 1.06164 0 55 -10 -0.375
236324 1.06164 0 100 -10 -0.375
235411 1.06443 0 35 -1.2 0.375
235411 1.06443 0 35 -1.2 10
235411 1.06443 0 35 -1.2 -0.075
234280 1.15131 0 15 -0.8 10
234280 1.15131 0 15 -0.8 -0.225
234280 1.15131 0 15 -0.8 0.375
234280 1.15131 0 15 -0.8 -0.075
232538 1.06636 0 35 -0.4 10
232538 1.06636 0 35 -0.4 -0.075
232538 1.06636 0 35 -0.4 0.375
232009 1.06702 0 45 0 0.3
232009 1.06702 0 45 0 10
231364 1.07032 0 25 -10 10
231364 1.07032 0 25 -10 0.375
231364 1.07032 0 25 -10 -0.075
230982 1.10224 0 55 0.8 10
230982 1.10224 0 55 0.8 0.375
230982 1.10224 0 55 0.8 0.525
230982 1.10224 0 55 0.8 0.225
228380 1.05895 0 100 0 0.3
228380 1.05895 0 100 0 10
227530 1.07503 0 35 0 0.3
227530 1.07503 0 35 0 10
226541 1.05444 0 55 -0.8 -0.225
225720 1.05941 0 35 -10 -0.075
225720 1.05941 0 35 -10 0.375
225720 1.05941 0 35 -10 10
225534 1.06054 0 35 -0.8 10
225534 1.06054 0 35 -0.8 -0.075
225534 1.06054 0 35 -0.8 0.375
225247 1.05848 0 45 -1.2 -0.225
224569 1.22588 24 45 0 -0.15
224569 1.22588 24 30 0 0.3
224569 1.22588 24 45 0 -0.45
224569 1.22588 24 30 0 -0.3
224569 1.22588 24 45 0 10
224569 1.22588 24 30 0 -0.15
224569 1.22588 24 30 0 -0.45
224569 1.22588 24 30 0 10
224569 1.22588 24 35 0 -0.3
224569 1.22588 24 35 0 0.3
224569 1.22588 24 55 0 0.3
224569 1.22588 24 35 0 -0.45
224569 1.22588 24 25 0 -0.3
224569 1.22588 24 25 0 -0.15
224569 1.22588 24 25 0 -0.45
224569 1.22588 24 25 0 10
224569 1.22588 24 100 0 10
224569 1.22588 24 100 0 -0.45
224569 1.22588 24 100 0 -0.15
224569 1.22588 24 100 0 -0.3
224569 1.22588 24 100 0 0.3
224569 1.22588 24 55 0 -0.3
224569 1.22588 24 45 0 -0.3
224569 1.22588 24 45 0 0.3
224569 1.22588 24 20 0 0.3
224569 1.22588 24 20 0 -0.3
224569 1.22588 24 20 0 -0.15
224569 1.22588 24 20 0 -0.45
224569 1.22588 24 20 0 10
224569 1.22588 24 55 0 -0.15
224569 1.22588 24 55 0 -0.45
224569 1.22588 24 55 0 10
224569 1.22588 24 35 0 10
224569 1.22588 24 35 0 -0.15
224569 1.22588 24 17.5 0 10
224569 1.22588 24 17.5 0 -0.45
224569 1.22588 24 17.5 0 -0.15
224569 1.22588 24 25 0 0.3
224569 1.22588 24 17.5 0 -0.3
224569 1.22588 24 17.5 0 0.3
224569 1.22588 24 22.5 0 10
224569 1.22588 24 22.5 0 -0.45
224569 1.22588 24 22.5 0 -0.15
224569 1.22588 24 22.5 0 -0.3
224569 1.22588 24 22.5 0 0.3
224009 1.22508 24 20 -0.4 -0.225
224009 1.22508 24 20 -0.4 -0.075
224009 1.22508 24 20 -0.4 -0.375
224009 1.22508 24 20 -0.4 10
224009 1.22508 24 20 -1.2 0.375
224009 1.22508 24 20 -1.2 -0.225
224009 1.22508 24 20 -1.2 -0.075
224009 1.22508 24 20 -1.2 -0.375
224009 1.22508 24 20 -1.2 10
224009 1.22508 24 20 -0.4 0.375
224009 1.22508 24 20 -10 -0.225
224009 1.22508 24 20 -10 -0.075
224009 1.22508 24 20 -10 -0.375
224009 1.22508 24 20 -10 10
224009 1.22508 24 20 -0.8 10
224009 1.22508 24 20 -0.8 -0.375
224009 1.22508 24 20 -0.8 -0.075
224009 1.22508 24 20 -0.8 -0.225
224009 1.22508 24 20 -0.8 0.375
224009 1.22508 24 25 -0.8 -0.225
224009 1.22508 24 25 -0.8 0.375
224009 1.22508 24 22.5 -0.8 0.375
224009 1.22508 24 22.5 -0.8 -0.225
224009 1.22508 24 22.5 -0.8 -0.075
224009 1.22508 24 22.5 -0.8 -0.375
224009 1.22508 24 22.5 -0.8 10
224009 1.22508 24 22.5 -0.4 0.375
224009 1.22508 24 22.5 -0.4 -0.225
224009 1.22508 24 22.5 -0.4 -0.075
224009 1.22508 24 22.5 -0.4 -0.375
224009 1.22508 24 22.5 -0.4 10
224009 1.22508 24 22.5 -1.2 0.375
224009 1.22508 24 22.5 -1.2 -0.225
224009 1.22508 24 22.5 -1.2 -0.075
224009 1.22508 24 22.5 -1.2 -0.375
224009 1.22508 24 22.5 -1.2 10
224009 1.22508 24 22.5 -10 0.375
224009 1.22508 24 22.5 -10 -0.225
224009 1.22508 24 22.5 -10 -0.075
224009 1.22508 24 22.5 -10 -0.375
224009 1.22508 24 22.5 -10 10
224009 1.22508 24 25 -0.8 -0.075
224009 1.22508 24 25 -0.8 -0.375
224009 1.22508 24 25 -0.8 10
224009 1.22508 24 25 -0.4 0.375
224009 1.22508 24 25 -0.4 -0.225
224009 1.22508 24 17.5 -0.8 0.375
224009 1.22508 24 17.5 -0.8 -0.225
224009 1.22508 24 17.5 -0.8 -0.075
224009 1.22508 24 17.5 -0.8 -0.375
224009 1.22508 24 17.5 -0.8 10
224009 1.22508 24 17.5 -0.4 0.375
224009 1.22508 24 17.5 -0.4 -0.225
224009 1.22508 24 55 -0.8 10
224009 1.22508 24 55 -0.8 -0.375
224009 1.22508 24 55 -0.8 -0.075
224009 1.22508 24 55 -0.8 -0.225
224009 1.22508 24 55 -0.8 0.375
224009 1.22508 24 25 -0.4 -0.075
224009 1.22508 24 25 -10 -0.225
224009 1.22508 24 25 -0.4 -0.375
224009 1.22508 24 25 -0.4 10
224009 1.22508 24 25 -1.2 0.375
224009 1.22508 24 17.5 -0.4 -0.075
224009 1.22508 24 17.5 -0.4 -0.375
224009 1.22508 24 17.5 -0.4 10
224009 1.22508 24 17.5 -1.2 0.375
224009 1.22508 24 17.5 -1.2 -0.225
224009 1.22508 24 25 -1.2 -0.225
224009 1.22508 24 30 -10 10
224009 1.22508 24 35 -0.8 0.375
224009 1.22508 24 30 -10 -0.375
224009 1.22508 24 30 -10 -0.075
224009 1.22508 24 17.5 -1.2 -0.075
224009 1.22508 24 17.5 -1.2 -0.375
224009 1.22508 24 17.5 -1.2 10
224009 1.22508 24 17.5 -10 0.375
224009 1.22508 24 17.5 -10 -0.225
224009 1.22508 24 17.5 -10 -0.075
224009 1.22508 24 17.5 -10 -0.375
224009 1.22508 24 17.5 -10 10
224009 1.22508 24 30 -10 -0.225
224009 1.22508 24 30 -10 0.375
224009 1.22508 24 30 -1.2 10
224009 1.22508 24 30 -1.2 -0.375
224009 1.22508 24 30 -1.2 -0.075
224009 1.22508 24 30 -1.2 -0.225
224009 1.22508 24 30 -1.2 0.375
224009 1.22508 24 30 -0.4 10
224009 1.22508 24 30 -0.4 -0.375
224009 1.22508 24 30 -0.4 -0.075
224009 1.22508 24 100 -0.8 0.375
224009 1.22508 24 100 -0.8 -0.225
224009 1.22508 24 100 -0.8 -0.075
224009 1.22508 24 100 -0.8 -0.375
224009 1.22508 24 20 -10 0.375
224009 1.22508 24 100 -0.4 0.375
224009 1.22508 24 100 -0.4 -0.225
224009 1.22508 24 100 -0.4 -0.075
224009 1.22508 24 100 -0.4 -0.375
224009 1.22508 24 35 -0.8 -0.225
224009 1.22508 24 100 -1.2 -0.225
224009 1.22508 24 100 -1.2 -0.075
224009 1.22508 24 100 -1.2 -0.375
224009 1.22508 24 25 -10 0.375
224009 1.22508 24 35 -0.8 10
224009 1.22508 24 35 -0.4 0.375
224009 1.22508 24 30 -0.4 -0.225
224009 1.22508 24 45 -1.2 10
224009 1.22508 24 45 -1.2 -0.375
224009 1.22508 24 45 -1.2 -0.075
224009 1.22508 24 25 -1.2 10
224009 1.22508 24 45 -1.2 -0.225
224009 1.22508 24 25 -1.2 -0.375
224009 1.22508 24 25 -1.2 -0.075
224009 1.22508 24 30 -0.8 0.375
224009 1.22508 24 45 -1.2 0.375
224009 1.22508 24 35 -0.8 -0.075
224009 1.22508 24 45 -0.4 10
224009 1.22508 24 45 -0.4 -0.375
224009 1.22508 24 45 -0.4 -0.075
224009 1.22508 24 45 -0.4 -0.225
224009 1.22508 24 45 -0.4 0.375
224009 1.22508 24 45 -0.8 10
224009 1.22508 24 45 -0.8 -0.375
224009 1.22508 24 45 -0.8 -0.075
224009 1.22508 24 30 -0.4 0.375
224009 1.22508 24 45 -0.8 -0.225
224009 1.22508 24 30 -0.8 10
224009 1.22508 24 55 -0.4 0.375
224009 1.22508 24 55 -0.4 -0.225
224009 1.22508 24 45 -0.8 0.375
224009 1.22508 24 55 -0.4 -0.075
224009 1.22508 24 55 -0.4 -0.375
224009 1.22508 24 55 -0.4 10
224009 1.22508 24 55 -1.2 0.375
224009 1.22508 24 55 -1.2 -0.225
224009 1.22508 24 55 -1.2 -0.075
224009 1.22508 24 55 -1.2 -0.375
224009 1.22508 24 55 -1.2 10
224009 1.22508 24 25 -10 10
224009 1.22508 24 35 -0.8 -0.375
224009 1.22508 24 25 -10 -0.375
224009 1.22508 24 25 -10 -0.075
224009 1.22508 24 30 -0.8 -0.375
224009 1.22508 24 35 -1.2 10
224009 1.22508 24 30 -0.8 -0.075
224009 1.22508 24 35 -1.2 -0.375
224009 1.22508 24 30 -0.8 -0.225
224009 1.22508 24 35 -0.4 -0.075
224009 1.22508 24 35 -1.2 -0.075
224009 1.22508 24 35 -1.2 -0.225
224009 1.22508 24 35 -1.2 0.375
224009 1.22508 24 35 -0.4 -0.225
224009 1.22508 24 35 -0.4 10
224009 1.22508 24 35 -0.4 -0.375
223813 1.05376 0 100 -0.8 -0.225
223628 1.12496 0 15 0 -0.45
222325 1.09199 0 45 -0.4 -0.375
222308 1.22276 24 100 -0.8 10
222308 1.22276 24 100 -10 10
222308 1.22276 24 100 -0.4 10
222308 1.22276 24 100 -1.2 10
220380 1.07148 0 100 0.4 0.525
220380 1.07148 0 100 0.4 0.375
220380 1.07148 0 100 0.4 10
220380 1.07148 0 100 0.4 0.225
220261 1.07281 0 45 0 -0.15
219937 1.05584 0 45 -0.8 -0.225
219051 1.07781 0 35 0 -0.15
218921 1.06254 0 45 -0.4 -0.225
218243 1.07609 0 55 0.4 10
218243 1.07609 0 55 0.4 0.225
218243 1.07609 0 55 0.4 0.525
218243 1.07609 0 55 0.4 0.375
215204 1.05789 0 45 -0.4 10
215204 1.05789 0 45 -0.4 0.375
213842 1.04998 0 55 -10 -0.225
213534 1.07057 0 100 0 -0.15
213534 1.07057 0 55 0 -0.15
213458 1.05744 0 45 -0.4 -0.075
213140 1.05258 0 45 -1.2 -0.075
213137 1.04736 0 100 -10 -0.225
213058 1.06186 0 55 0 10
213058 1.06186 0 55 0 0.3
212563 1.21128 24 55 0.8 0.375
212563 1.21128 24 35 0.8 -0.375
212563 1.21128 24 35 0.8 10
212563 1.21128 24 35 0.8 -0.075
212563 1.21128 24 45 0.8 0.375
212563 1.21128 24 55 0.8 -0.225
212563 1.21128 24 100 0.8 10
212563 1.21128 24 100 0.8 -0.375
212563 1.21128 24 100 0.8 -0.075
212563 1.21128 24 55 0.8 -0.075
212563 1.21128 24 100 0.8 -0.225
212563 1.21128 24 100 0.8 0.375
212563 1.21128 24 55 0.8 -0.375
212563 1.21128 24 17.5 0.8 10
212563 1.21128 24 17.5 0.8 -0.375
212563 1.21128 24 17.5 0.8 -0.075
212563 1.21128 24 17.5 0.8 -0.225
212563 1.21128 24 17.5 0.8 0.375
212563 1.21128 24 22.5 0.8 10
212563 1.21128 24 22.5 0.8 -0.375
212563 1.21128 24 22.5 0.8 -0.075
212563 1.21128 24 35 0.8 -0.225
212563 1.21128 24 35 0.8 0.375
212563 1.21128 24 22.5 0.8 -0.225
212563 1.21128 24 22.5 0.8 0.375
212563 1.21128 24 25 0.8 0.375
212563 1.21128 24 25 0.8 -0.225
212563 1.21128 24 25 0.8 -0.075
212563 1.21128 24 55 0.8 10
212563 1.21128 24 45 0.8 -0.225
212563 1.21128 24 25 0.8 -0.375
212563 1.21128 24 25 0.8 10
212563 1.21128 24 20 0.8 10
212563 1.21128 24 30 0.8 -0.225
212563 1.21128 24 45 0.8 10
212563 1.21128 24 20 0.8 -0.375
212563 1.21128 24 45 0.8 -0.375
212563 1.21128 24 20 0.8 -0.075
212563 1.21128 24 45 0.8 -0.075
212563 1.21128 24 20 0.8 -0.225
212563 1.21128 24 20 0.8 0.375
212563 1.21128 24 30 0.8 10
212563 1.21128 24 30 0.8 -0.375
212563 1.21128 24 30 0.8 -0.075
212563 1.21128 24 30 0.8 0.375
209205 1.05118 0 45 -10 -0.225
207079 1.05102 0 45 -1.2 10
207079 1.05102 0 45 -1.2 0.375
202920 1.10136 0 55 0.4 -0.225
202920 1.10136 0 100 0.4 -0.225
200659 1.04828 0 55 -0.8 -0.075
200625 1.10932 0 25 0.4 -0.375
200446 1.19296 24 100 -10 -0.375
200377 1.19124 21 15 -0.4 -0.375
200377 1.19124 21 15 -1.2 -0.075
200377 1.19124 21 15 -1.2 -0.375
200377 1.19124 21 15 -1.2 10
200377 1.19124 21 15 -10 0.375
200377 1.19124 21 15 -10 -0.225
200377 1.19124 21 15 -1.2 -0.225
200377 1.19124 21 15 -1.2 0.375
200377 1.19124 21 15 -0.4 10
200377 1.19124 21 15 -0.4 -0.075
200377 1.19124 21 15 -10 -0.075
200377 1.19124 21 15 -0.4 -0.225
200377 1.19124 21 15 -0.4 0.375
200377 1.19124 21 15 0 0.3
200377 1.19124 21 15 0 -0.3
200377 1.19124 21 15 0 -0.15
200377 1.19124 21 15 0 -0.45
200377 1.19124 21 15 -0.8 -0.375
200377 1.19124 21 15 -10 10
200377 1.19124 21 15 -10 -0.375
200377 1.19124 21 15 0 10
200377 1.19124 21 15 -0.8 10
200377 1.19124 21 15 -0.8 0.375
200377 1.19124 21 15 -0.8 -0.225
200377 1.19124 21 15 -0.8 -0.075
199159 1.04771 0 45 -0.8 -0.075
198154 1.18827 27 100 -0.8 10
198154 1.18827 27 100 -1.2 10
198154 1.18827 27 100 -10 10
198089 1.04764 0 100 -0.8 -0.075
197960 1.04567 0 45 -10 -0.075
197883 1.18849 21 17.5 0 10
197883 1.18849 21 17.5 0 0.3
197883 1.18849 21 17.5 0 -0.45
197883 1.18849 21 17.5 0 -0.15
197883 1.18849 21 17.5 0 -0.3
197849 1.12338 0 55 1.2 -0.225
197849 1.12338 0 100 1.2 -0.225
197849 1.12338 0 25 1.2 -0.225
197379 1.18769 21 17.5 -0.4 -0.375
197379 1.18769 21 17.5 -1.2 -0.075
197379 1.18769 21 17.5 -1.2 -0.375
197379 1.18769 21 17.5 -1.2 -0.225
197379 1.18769 21 17.5 -1.2 10
197379 1.18769 21 17.5 -10 0.375
197379 1.18769 21 17.5 -10 -0.225
197379 1.18769 21 17.5 -0.4 -0.225
197379 1.18769 21 17.5 -10 -0.075
197379 1.18769 21 17.5 -10 -0.375
197379 1.18769 21 17.5 -0.8 0.375
197379 1.18769 21 17.5 -0.8 -0.075
197379 1.18769 21 17.5 -0.8 -0.375
197379 1.18769 21 17.5 -0.4 -0.075
197379 1.18769 21 17.5 -0.8 10
197379 1.18769 21 17.5 -10 10
197379 1.18769 21 17.5 -0.4 0.375
197379 1.18769 21 17.5 -0.8 -0.225
197379 1.18769 21 17.5 -1.2 0.375
197379 1.18769 21 17.5 -0.4 10
197173 1.04384 0 100 -10 -0.075
195258 1.18449 21 100 -1.2 10
195258 1.18449 21 100 -0.8 10
195258 1.18449 21 100 -10 10
195059 1.04681 0 55 -0.8 0.375
195059 1.04681 0 55 -0.8 10
194651 1.04536 0 55 -10 -0.075
194083 1.18428 24 35 -10 10
194083 1.18428 24 55 -10 -0.225
194083 1.18428 24 55 -10 -0.075
194083 1.18428 24 55 -10 -0.375
194083 1.18428 24 55 -10 10
194083 1.18428 24 55 -10 0.375
194083 1.18428 24 45 -10 -0.075
194083 1.18428 24 35 -10 0.375
194083 1.18428 24 35 -10 -0.375
194083 1.18428 24 35 -10 -0.075
194083 1.18428 24 45 -10 10
194083 1.18428 24 35 -10 -0.225
194083 1.18428 24 45 -10 -0.225
194083 1.18428 24 45 -10 0.375
194083 1.18428 24 45 -10 -0.375
194055 1.07942 0 20 0 -0.45
193790 1.18208 21 100 -0.4 10
193641 1.10287 0 55 1.6 10
193641 1.10287 0 100 1.6 10
192922 1.18086 21 45 -1.2 -0.375
192922 1.18086 21 45 -1.2 -0.075
192922 1.18086 21 45 -1.2 -0.225
192922 1.18086 21 45 -1.2 0.375
192922 1.18086 21 22.5 -1.2 -0.225
192922 1.18086 21 20 -1.2 10
192922 1.18086 21 20 -10 0.375
192922 1.18086 21 45 -1.2 10
192922 1.18086 21 55 -0.8 10
192922 1.18086 21 55 -0.8 -0.375
192922 1.18086 21 55 -0.8 -0.075
192922 1.18086 21 55 -0.8 -0.225
192922 1.18086 21 20 -10 -0.225
192922 1.18086 21 20 -10 -0.075
192922 1.18086 21 45 -0.8 10
192922 1.18086 21 45 -0.8 -0.375
192922 1.18086 21 45 -0.8 -0.075
192922 1.18086 21 45 -0.8 -0.225
192922 1.18086 21 20 -10 -0.375
192922 1.18086 21 45 -0.8 0.375
192922 1.18086 21 20 -10 10
192922 1.18086 21 20 -1.2 -0.075
192922 1.18086 21 25 -1.2 -0.075
192922 1.18086 21 25 -1.2 -0.225
192922 1.18086 21 25 -1.2 0.375
192922 1.18086 21 20 -1.2 -0.225
192922 1.18086 21 20 -1.2 0.375
192922 1.18086 21 20 -0.8 10
192922 1.18086 21 20 -0.8 -0.375
192922 1.18086 21 20 -0.8 -0.075
192922 1.18086 21 25 -0.8 10
192922 1.18086 21 25 -0.8 -0.375
192922 1.18086 21 25 -0.8 -0.075
192922 1.18086 21 25 -0.8 -0.225
192922 1.18086 21 25 -0.8 0.375
192922 1.18086 21 35 -1.2 10
192922 1.18086 21 35 -1.2 -0.375
192922 1.18086 21 35 -1.2 -0.075
192922 1.18086 21 35 -1.2 -0.225
192922 1.18086 21 35 -1.2 0.375
192922 1.18086 21 20 -0.8 -0.225
192922 1.18086 21 20 -0.8 0.375
192922 1.18086 21 100 -0.8 0.375
192922 1.18086 21 100 -0.8 -0.225
192922 1.18086 21 100 -0.8 -0.075
192922 1.18086 21 22.5 -0.8 0.375
192922 1.18086 21 22.5 -0.8 -0.225
192922 1.18086 21 20 -1.2 -0.375
192922 1.18086 21 22.5 -0.8 -0.375
192922 1.18086 21 22.5 -0.8 10
192922 1.18086 21 22.5 -1.2 0.375
192922 1.18086 21 55 -1.2 0.375
192922 1.18086 21 22.5 -1.2 -0.075
192922 1.18086 21 22.5 -1.2 -0.375
192922 1.18086 21 22.5 -1.2 10
192922 1.18086 21 22.5 -10 0.375
192922 1.18086 21 22.5 -10 -0.225
192922 1.18086 21 22.5 -10 -0.075
192922 1.18086 21 22.5 -10 -0.375
192922 1.18086 21 22.5 -10 10
192922 1.18086 21 100 -0.8 -0.375
192922 1.18086 21 55 -1.2 -0.225
192922 1.18086 21 55 -0.8 0.375
192922 1.18086 21 22.5 -0.8 -0.075
192922 1.18086 21 25 -1.2 -0.375
192922 1.18086 21 35 -0.8 10
192922 1.18086 21 35 -0.8 -0.375
192922 1.18086 21 35 -0.8 -0.075
192922 1.18086 21 35 -0.8 -0.225
192922 1.18086 21 35 -0.8 0.375
192922 1.18086 21 100 -1.2 -0.225
192922 1.18086 21 100 -1.2 -0.075
192922 1.18086 21 100 -1.2 -0.375
192922 1.18086 21 25 -1.2 10
192922 1.18086 21 25 -10 -0.375
192922 1.18086 21 25 -10 0.375
192922 1.18086 21 25 -10 -0.225
192922 1.18086 21 25 -10 -0.075
192922 1.18086 21 55 -1.2 10
192922 1.18086 21 55 -1.2 -0.375
192922 1.18086 21 55 -1.2 -0.075
192922 1.18086 21 25 -10 10
192623 1.14345 0 55 1.6 -0.225
192623 1.14345 0 55 1.6 -0.075
192623 1.14345 0 55 1.6 -0.375
192623 1.14345 0 100 1.6 -0.375
192623 1.14345 0 35 1.6 -0.225
192623 1.14345 0 25 1.6 -0.375
192623 1.14345 0 45 1.6 -0.075
192623 1.14345 0 25 1.6 -0.225
192623 1.14345 0 35 1.6 -0.075
192623 1.14345 0 35 1.6 -0.375
192623 1.14345 0 100 1.6 -0.075
192623 1.14345 0 45 1.6 -0.225
192623 1.14345 0 45 1.6 -0.375
192623 1.14345 0 100 1.6 -0.225
192623 1.14345 0 25 1.6 -0.075
192319 1.04411 0 45 -10 10
192319 1.04411 0 45 -10 0.375
192265 1.18078 21 17.5 0.8 -0.075
192265 1.18078 21 17.5 0.8 10
192265 1.18078 21 100 0.8 0.375
192265 1.18078 21 17.5 0.8 -0.375
192265 1.18078 21 45 0.8 10
192265 1.18078 21 17.5 0.8 -0.225
192265 1.18078 21 17.5 0.8 0.375
192265 1.18078 21 45 0.8 -0.375
192265 1.18078 21 45 0.8 -0.075
192265 1.18078 21 45 0.8 -0.225
192265 1.18078 21 45 0.8 0.375
192265 1.18078 21 25 0.8 10
192265 1.18078 21 25 0.8 -0.375
192265 1.18078 21 25 0.8 -0.075
192265 1.18078 21 25 0.8 -0.225
192265 1.18078 21 35 0.8 0.375
192265 1.18078 21 35 0.8 -0.225
192265 1.18078 21 25 0.8 0.375
192265 1.18078 21 22.5 0.8 0.375
192265 1.18078 21 22.5 0.8 -0.225
192265 1.18078 21 20 0.8 0.375
192265 1.18078 21 20 0.8 -0.225
192265 1.18078 21 35 0.8 -0.075
192265 1.18078 21 35 0.8 -0.375
192265 1.18078 21 35 0.8 10
192265 1.18078 21 20 0.8 -0.075
192265 1.18078 21 55 0.8 10
192265 1.18078 21 55 0.8 -0.375
192265 1.18078 21 55 0.8 -0.075
192265 1.18078 21 20 0.8 -0.375
192265 1.18078 21 20 0.8 10
192265 1.18078 21 55 0.8 -0.225
192265 1.18078 21 100 0.8 -0.225
192265 1.18078 21 55 0.8 0.375
192265 1.18078 21 22.5 0.8 10
192265 1.18078 21 22.5 0.8 -0.375
192265 1.18078 21 22.5 0.8 -0.075
192265 1.18078 21 100 0.8 10
192265 1.18078 21 100 0.8 -0.375
192265 1.18078 21 100 0.8 -0.075
191959 1.17925 21 22.5 0 0.3
191959 1.17925 21 20 0 10
191959 1.17925 21 20 0 -0.45
191959 1.17925 21 25 0 0.3
191959 1.17925 21 25 0 -0.3
191959 1.17925 21 25 0 -0.15
191959 1.17925 21 25 0 -0.45
191959 1.17925 21 25 0 10
191959 1.17925 21 20 0 -0.15
191959 1.17925 21 35 0 10
191959 1.17925 21 35 0 -0.45
191959 1.17925 21 20 0 -0.3
191959 1.17925 21 55 0 -0.15
191959 1.17925 21 45 0 0.3
191959 1.17925 21 45 0 -0.3
191959 1.17925 21 22.5 0 -0.3
191959 1.17925 21 45 0 -0.15
191959 1.17925 21 45 0 -0.45
191959 1.17925 21 45 0 10
191959 1.17925 21 55 0 10
191959 1.17925 21 20 0 0.3
191959 1.17925 21 35 0 -0.15
191959 1.17925 21 55 0 -0.45
191959 1.17925 21 35 0 -0.3
191959 1.17925 21 35 0 0.3
191959 1.17925 21 22.5 0 -0.15
191959 1.17925 21 100 0 10
191959 1.17925 21 22.5 0 10
191959 1.17925 21 100 0 -0.45
191959 1.17925 21 100 0 -0.15
191959 1.17925 21 100 0 -0.3
191959 1.17925 21 100 0 0.3
191959 1.17925 21 22.5 0 -0.45
191959 1.17925 21 55 0 -0.3
191959 1.17925 21 55 0 0.3
191781 1.04573 0 45 -0.8 0.375
191781 1.04573 0 45 -0.8 10
191616 1.14155 0 25 1.2 -0.375
191616 1.14155 0 55 1.2 -0.375
191616 1.14155 0 100 1.2 -0.375
191468 1.17845 21 25 -0.4 10
191468 1.17845 21 25 -0.4 -0.375
191468 1.17845 21 25 -0.4 -0.075
191468 1.17845 21 25 -0.4 -0.225
191468 1.17845 21 25 -0.4 0.375
191468 1.17845 21 100 -0.4 0.375
191468 1.17845 21 100 -0.4 -0.225
191468 1.17845 21 100 -0.4 -0.075
191468 1.17845 21 100 -0.4 -0.375
191468 1.17845 21 45 -0.4 -0.375
191468 1.17845 21 20 -0.4 10
191468 1.17845 21 20 -0.4 -0.375
191468 1.17845 21 20 -0.4 -0.075
191468 1.17845 21 20 -0.4 -0.225
191468 1.17845 21 20 -0.4 0.375
191468 1.17845 21 22.5 -0.4 -0.375
191468 1.17845 21 22.5 -0.4 -0.075
191468 1.17845 21 22.5 -0.4 -0.225
191468 1.17845 21 22.5 -0.4 0.375
191468 1.17845 21 35 -0.4 10
191468 1.17845 21 55 -0.4 10
191468 1.17845 21 55 -0.4 -0.375
191468 1.17845 21 55 -0.4 -0.075
191468 1.17845 21 55 -0.4 -0.225
191468 1.17845 21 55 -0.4 0.375
191468 1.17845 21 22.5 -0.4 10
191468 1.17845 21 45 -0.4 10
191468 1.17845 21 35 -0.4 -0.225
191468 1.17845 21 35 -0.4 -0.375
191468 1.17845 21 35 -0.4 -0.075
191468 1.17845 21 45 -0.4 -0.075
191468 1.17845 21 45 -0.4 -0.225
191468 1.17845 21 45 -0.4 0.375
191468 1.17845 21 35 -0.4 0.375
191332 1.01971 0 100 -0.8 10
190896 1.04431 0 55 -10 0.375
190896 1.04431 0 55 -10 10
190465 1.0772 0 22.5 0 -0.45
190305 1.177 27 100 -10 -0.375
189082 1.17747 24 100 -1.2 0.375
188910 1.13976 0 17.5 0.8 -0.375
188580 1.07605 0 25 0 -0.45
187187 1.09714 0 25 1.2 0.375
187187 1.09714 0 55 1.2 -0.075
187187 1.09714 0 25 1.2 -0.075
187187 1.09714 0 25 1.2 10
187187 1.09714 0 100 1.2 -0.075
186913 1.17451 24 100 -10 0.375
186913 1.17451 24 100 -10 -0.075
186913 1.17451 24 100 -10 -0.225
186446 1.11358 0 25 1.6 0.375
186446 1.11358 0 45 1.6 0.375
186446 1.11358 0 55 1.6 0.375
186446 1.11358 0 45 1.6 10
186446 1.11358 0 35 1.6 10
186446 1.11358 0 35 1.6 0.375
186446 1.11358 0 100 1.6 0.375
186446 1.11358 0 25 1.6 10
185406 1.01996 0 100 -0.8 0.375
184265 1.16833 27 45 -10 -0.075
184265 1.16833 27 45 -10 -0.375
184265 1.16833 27 50 -10 -0.375
184265 1.16833 27 50 -10 10
184265 1.16833 27 52.5 -10 0.375
184265 1.16833 27 52.5 -10 -0.225
184265 1.16833 27 52.5 -10 -0.075
184265 1.16833 27 35 -10 -0.075
184265 1.16833 27 52.5 -10 -0.375
184265 1.16833 27 35 -10 -0.225
184265 1.16833 27 35 -10 0.375
184265 1.16833 27 50 -10 -0.075
184265 1.16833 27 45 -10 10
184265 1.16833 27 55 -10 0.375
184265 1.16833 27 50 -10 -0.225
184265 1.16833 27 50 -10 0.375
184265 1.16833 27 52.5 -10 10
184265 1.16833 27 47.5 -10 0.375
184265 1.16833 27 47.5 -10 -0.225
184265 1.16833 27 60 -10 -0.375
184265 1.16833 27 47.5 -10 -0.075
184265 1.16833 27 45 -10 -0.225
184265 1.16833 27 45 -10 0.375
184265 1.16833 27 55 -10 -0.225
184265 1.16833 27 35 -10 10
184265 1.16833 27 35 -10 -0.375
184265 1.16833 27 55 -10 -0.075
184265 1.16833 27 55 -10 -0.375
184265 1.16833 27 55 -10 10
184265 1.16833 27 47.5 -10 -0.375
184265 1.16833 27 47.5 -10 10
183868 1.22738 24 15 -10 -0.375
183868 1.22738 24 15 -10 10
183868 1.22738 24 15 0 -0.45
183868 1.22738 24 15 0 10
183868 1.22738 24 15 -10 -0.225
183868 1.22738 24 15 0 -0.15
183868 1.22738 24 15 -10 0.375
183868 1.22738 24 15 0 -0.3
183868 1.22738 24 15 -1.2 10
183868 1.22738 24 15 -1.2 -0.375
183868 1.22738 24 15 -1.2 -0.075
183868 1.22738 24 15 -1.2 -0.225
183868 1.22738 24 15 -1.2 0.375
183868 1.22738 24 15 -0.8 10
183868 1.22738 24 15 0 0.3
183868 1.22738 24 15 -0.4 10
183868 1.22738 24 15 -10 -0.075
183868 1.22738 24 15 -0.4 -0.375
183868 1.22738 24 15 -0.4 0.375
183868 1.22738 24 15 -0.4 -0.075
183868 1.22738 24 15 -0.8 0.375
183868 1.22738 24 15 -0.8 -0.225
183868 1.22738 24 15 -0.8 -0.075
183868 1.22738 24 15 -0.4 -0.225
183868 1.22738 24 15 -0.8 -0.375
182648 1.13277 0 22.5 0.8 -0.375
182647 1.13277 0 20 0.8 -0.375
182019 1.05022 0 20 -0.4 0.375
182019 1.05022 0 20 -0.4 -0.075
182019 1.05022 0 20 -0.4 -0.225
182019 1.05022 0 20 -0.4 10
181865 1.22358 24 45 1.6 10
181865 1.22358 24 45 1.6 -0.375
181865 1.22358 24 45 1.6 -0.075
181865 1.22358 24 25 1.6 10
181865 1.22358 24 25 1.6 -0.375
181865 1.22358 24 25 1.6 -0.075
181865 1.22358 24 45 1.6 -0.225
181865 1.22358 24 45 1.6 0.375
181865 1.22358 24 35 1.6 10
181865 1.22358 24 100 1.6 0.375
181865 1.22358 24 100 1.6 -0.225
181865 1.22358 24 100 1.6 -0.075
181865 1.22358 24 100 1.6 -0.375
181865 1.22358 24 100 1.6 10
181865 1.22358 24 30 1.6 10
181865 1.22358 24 30 1.6 -0.375
181865 1.22358 24 30 1.6 -0.075
181865 1.22358 24 30 1.6 -0.225
181865 1.22358 24 30 1.6 0.375
181865 1.22358 24 25 1.6 -0.225
181865 1.22358 24 55 1.6 0.375
181865 1.22358 24 55 1.6 -0.225
181865 1.22358 24 55 1.6 -0.075
181865 1.22358 24 55 1.6 10
181865 1.22358 24 35 1.6 0.375
181865 1.22358 24 35 1.6 -0.225
181865 1.22358 24 35 1.6 -0.075
181865 1.22358 24 35 1.6 -0.375
181865 1.22358 24 55 1.6 -0.375
181865 1.22358 24 25 1.6 0.375
180645 1.05834 0 20 -0.4 -0.375
179516 1.16151 27 100 -1.2 0.225
179516 1.16151 27 100 -1.2 0.525
179516 1.16151 27 100 -1.2 0.375
179516 1.16151 27 60 -1.2 0.375
179516 1.16151 27 60 -1.2 0.525
179516 1.16151 27 60 -1.2 10
179516 1.16151 27 60 -1.2 0.225
179220 1.07183 0 35 0.8 0.225
179220 1.07183 0 35 0.8 10
179220 1.07183 0 35 0.8 0.375
179220 1.07183 0 35 0.8 0.525
178057 1.07102 0 45 0.8 0.375
178057 1.07102 0 45 0.8 0.225
178057 1.07102 0 45 0.8 10
178057 1.07102 0 45 0.8 0.525
177459 1.15855 27 100 -10 0.375
177459 1.15855 27 100 -10 -0.225
177459 1.15855 27 100 -10 -0.075
177459 1.15855 27 60 -10 10
177459 1.15855 27 60 -10 0.375
177459 1.15855 27 60 -10 -0.075
177459 1.15855 27 60 -10 -0.225
176054 1.15468 21 100 -10 -0.375
174923 1.07773 0 25 0.8 0.375
174923 1.07773 0 25 0.8 0.225
174923 1.07773 0 25 0.8 0.525
174923 1.07773 0 25 0.8 10
174132 1.20503 27 35 -1.2 -0.075
174132 1.20503 27 35 -1.2 -0.375
174132 1.20503 27 35 -1.2 10
174132 1.20503 27 100 -0.8 0.375
174132 1.20503 27 60 -0.4 -0.225
174132 1.20503 27 100 0 10
174132 1.20503 27 100 -0.8 -0.225
174132 1.20503 27 100 -0.8 -0.075
174132 1.20503 27 45 0 0.3
174132 1.20503 27 45 0 -0.3
174132 1.20503 27 45 0 -0.15
174132 1.20503 27 45 0 -0.45
174132 1.20503 27 45 0 10
174132 1.20503 27 35 0 10
174132 1.20503 27 35 0 -0.45
174132 1.20503 27 35 0 -0.15
174132 1.20503 27 35 0 -0.3
174132 1.20503 27 35 0 0.3
174132 1.20503 27 25 -10 10
174132 1.20503 27 25 -10 -0.375
174132 1.20503 27 25 -10 -0.075
174132 1.20503 27 25 -10 -0.225
174132 1.20503 27 25 -10 0.375
174132 1.20503 27 25 -1.2 10
174132 1.20503 27 45 -0.8 0.375
174132 1.20503 27 45 -0.8 -0.225
174132 1.20503 27 45 -0.8 -0.075
174132 1.20503 27 45 -0.8 -0.375
174132 1.20503 27 45 -0.8 10
174132 1.20503 27 45 -0.4 0.375
174132 1.20503 27 45 -0.4 -0.225
174132 1.20503 27 45 -0.4 -0.075
174132 1.20503 27 47.5 -1.2 -0.225
174132 1.20503 27 100 0 -0.15
174132 1.20503 27 47.5 -1.2 0.375
174132 1.20503 27 47.5 -0.4 10
174132 1.20503 27 35 -0.8 0.375
174132 1.20503 27 45 -0.4 -0.375
174132 1.20503 27 35 -1.2 -0.225
174132 1.20503 27 35 -1.2 0.375
174132 1.20503 27 45 -0.4 10
174132 1.20503 27 45 -1.2 0.375
174132 1.20503 27 45 -1.2 -0.225
174132 1.20503 27 45 -1.2 -0.075
174132 1.20503 27 45 -1.2 -0.375
174132 1.20503 27 45 -1.2 10
174132 1.20503 27 25 -1.2 -0.375
174132 1.20503 27 25 -1.2 -0.075
174132 1.20503 27 25 -1.2 -0.225
174132 1.20503 27 25 -1.2 0.375
174132 1.20503 27 25 -0.4 10
174132 1.20503 27 55 0 0.3
174132 1.20503 27 55 0 -0.3
174132 1.20503 27 55 0 -0.15
174132 1.20503 27 55 0 -0.45
174132 1.20503 27 55 0 10
174132 1.20503 27 25 -0.4 -0.375
174132 1.20503 27 25 -0.4 -0.075
174132 1.20503 27 25 -0.4 -0.225
174132 1.20503 27 25 -0.4 0.375
174132 1.20503 27 25 -0.8 10
174132 1.20503 27 25 -0.8 -0.375
174132 1.20503 27 25 -0.8 -0.075
174132 1.20503 27 25 -0.8 -0.225
174132 1.20503 27 25 -0.8 0.375
174132 1.20503 27 55 -0.8 0.375
174132 1.20503 27 55 -0.8 -0.225
174132 1.20503 27 55 -0.8 -0.075
174132 1.20503 27 55 -0.8 -0.375
174132 1.20503 27 55 -0.8 10
174132 1.20503 27 55 -0.4 0.375
174132 1.20503 27 55 -0.4 -0.225
174132 1.20503 27 55 -0.4 -0.075
174132 1.20503 27 55 -0.4 -0.375
174132 1.20503 27 55 -0.4 10
174132 1.20503 27 55 -1.2 0.375
174132 1.20503 27 55 -1.2 -0.225
174132 1.20503 27 100 -0.8 -0.375
174132 1.20503 27 35 -0.4 10
174132 1.20503 27 35 -0.4 -0.375
174132 1.20503 27 35 -0.4 -0.075
174132 1.20503 27 35 -0.4 -0.225
174132 1.20503 27 55 -1.2 -0.075
174132 1.20503 27 55 -1.2 -0.375
174132 1.20503 27 55 -1.2 10
174132 1.20503 27 60 0 0.3
174132 1.20503 27 100 0 0.3
174132 1.20503 27 100 -0.4 -0.075
174132 1.20503 27 100 -0.4 -0.375
174132 1.20503 27 100 -0.4 10
174132 1.20503 27 47.5 -1.2 -0.075
174132 1.20503 27 100 -1.2 -0.225
174132 1.20503 27 60 0 -0.3
174132 1.20503 27 60 0 -0.15
174132 1.20503 27 60 0 -0.45
174132 1.20503 27 60 0 10
174132 1.20503 27 25 0 10
174132 1.20503 27 25 0 -0.45
174132 1.20503 27 25 0 -0.15
174132 1.20503 27 25 0 -0.3
174132 1.20503 27 25 0 0.3
174132 1.20503 27 60 -0.8 0.375
174132 1.20503 27 60 -0.8 -0.225
174132 1.20503 27 60 -0.8 -0.075
174132 1.20503 27 60 -0.8 -0.375
174132 1.20503 27 60 -0.8 10
174132 1.20503 27 60 -0.4 0.375
174132 1.20503 27 100 -0.4 0.375
174132 1.20503 27 60 -0.4 -0.075
174132 1.20503 27 60 -0.4 -0.375
174132 1.20503 27 60 -0.4 10
174132 1.20503 27 60 -1.2 -0.225
174132 1.20503 27 100 -0.4 -0.225
174132 1.20503 27 100 0 -0.45
174132 1.20503 27 47.5 -0.4 -0.375
174132 1.20503 27 35 -0.4 0.375
174132 1.20503 27 50 0 0.3
174132 1.20503 27 50 0 -0.3
174132 1.20503 27 50 0 -0.15
174132 1.20503 27 50 0 -0.45
174132 1.20503 27 50 0 10
174132 1.20503 27 50 -0.8 0.375
174132 1.20503 27 50 -0.8 -0.225
174132 1.20503 27 50 -0.8 -0.075
174132 1.20503 27 50 -0.8 -0.375
174132 1.20503 27 50 -0.8 10
174132 1.20503 27 50 -0.4 0.375
174132 1.20503 27 50 -0.4 -0.225
174132 1.20503 27 50 -0.4 -0.075
174132 1.20503 27 50 -0.4 -0.375
174132 1.20503 27 50 -0.4 10
174132 1.20503 27 50 -1.2 0.375
174132 1.20503 27 100 0 -0.3
174132 1.20503 27 47.5 -1.2 -0.375
174132 1.20503 27 35 -0.8 10
174132 1.20503 27 35 -0.8 -0.375
174132 1.20503 27 35 -0.8 -0.075
174132 1.20503 27 50 -1.2 -0.225
174132 1.20503 27 50 -1.2 -0.075
174132 1.20503 27 50 -1.2 -0.375
174132 1.20503 27 50 -1.2 10
174132 1.20503 27 52.5 0 0.3
174132 1.20503 27 47.5 -0.4 -0.075
174132 1.20503 27 47.5 -0.4 -0.225
174132 1.20503 27 47.5 -0.4 0.375
174132 1.20503 27 47.5 -0.8 10
174132 1.20503 27 47.5 -0.8 -0.375
174132 1.20503 27 52.5 0 -0.3
174132 1.20503 27 52.5 0 -0.15
174132 1.20503 27 52.5 0 -0.45
174132 1.20503 27 52.5 0 10
174132 1.20503 27 52.5 -0.8 0.375
174132 1.20503 27 52.5 -0.8 -0.225
174132 1.20503 27 52.5 -0.8 -0.075
174132 1.20503 27 52.5 -0.8 -0.375
174132 1.20503 27 52.5 -0.8 10
174132 1.20503 27 52.5 -0.4 0.375
174132 1.20503 27 52.5 -0.4 -0.225
174132 1.20503 27 52.5 -0.4 -0.075
174132 1.20503 27 52.5 -0.4 -0.375
174132 1.20503 27 52.5 -0.4 10
174132 1.20503 27 52.5 -1.2 0.375
174132 1.20503 27 52.5 -1.2 -0.225
174132 1.20503 27 52.5 -1.2 -0.075
174132 1.20503 27 52.5 -1.2 -0.375
174132 1.20503 27 52.5 -1.2 10
174132 1.20503 27 47.5 0 0.3
174132 1.20503 27 47.5 0 -0.3
174132 1.20503 27 47.5 -1.2 10
174132 1.20503 27 47.5 -0.8 -0.075
174132 1.20503 27 47.5 0 -0.15
174132 1.20503 27 47.5 0 -0.45
174132 1.20503 27 47.5 0 10
174132 1.20503 27 35 -0.8 -0.225
174132 1.20503 27 47.5 -0.8 0.375
174132 1.20503 27 47.5 -0.8 -0.225
171660 1.0609 0 17.5 0 0.3
171660 1.0609 0 17.5 0 10
171660 1.0609 0 17.5 0 0.15
171660 1.0609 0 17.5 0 0.45
171448 1.05886 0 17.5 -0.4 -0.375
170465 1.14601 21 35 -10 0.375
170465 1.14601 21 35 -10 -0.225
170465 1.14601 21 35 -10 -0.075
170465 1.14601 21 35 -10 -0.375
170465 1.14601 21 35 -10 10
170465 1.14601 21 55 -10 -0.375
170465 1.14601 21 45 -10 0.375
170465 1.14601 21 55 -10 10
170465 1.14601 21 45 -10 -0.225
170465 1.14601 21 45 -10 -0.075
170465 1.14601 21 45 -10 -0.375
170465 1.14601 21 45 -10 10
170465 1.14601 21 55 -10 0.375
170465 1.14601 21 55 -10 -0.225
170465 1.14601 21 55 -10 -0.075
170088 1.05333 0 20 0 -0.3
169416 1.05301 0 20 0 -0.15
169416 1.05301 0 20 0 10
169416 1.05301 0 20 0 0.3
169049 1.08288 0 55 1.2 0.375
169049 1.08288 0 100 1.2 0.375
169049 1.08288 0 55 1.2 10
169049 1.08288 0 100 1.2 10
168753 1.08237 0 15 -0.4 -0.375
168681 1.06555 0 17.5 0 -0.3
167288 1.08279 0 15 0 -0.3
166687 1.08221 0 15 0 10
166687 1.08221 0 15 0 0.3
166687 1.08221 0 15 0 -0.15
166072 1.13919 21 100 -1.2 0.375
165282 1.07184 0 25 0.4 -0.225
164502 1.18292 21 100 1.6 10
164502 1.18292 21 100 1.6 -0.375
164502 1.18292 21 100 1.6 -0.075
164502 1.18292 21 100 1.6 -0.225
164502 1.18292 21 100 1.6 0.375
164502 1.18292 21 35 1.6 0.375
164502 1.18292 21 35 1.6 -0.225
164502 1.18292 21 35 1.6 -0.075
164502 1.18292 21 35 1.6 -0.375
164502 1.18292 21 35 1.6 10
164502 1.18292 21 45 1.6 0.375
164502 1.18292 21 45 1.6 -0.225
164502 1.18292 21 45 1.6 -0.075
164502 1.18292 21 45 1.6 -0.375
164502 1.18292 21 45 1.6 10
164502 1.18292 21 25 1.6 10
164502 1.18292 21 25 1.6 -0.375
164502 1.18292 21 55 1.6 10
164502 1.18292 21 55 1.6 0.375
164502 1.18292 21 55 1.6 -0.225
164502 1.18292 21 55 1.6 -0.075
164502 1.18292 21 55 1.6 -0.375
164502 1.18292 21 25 1.6 -0.075
164502 1.18292 21 25 1.6 -0.225
164502 1.18292 21 25 1.6 0.375
164169 1.13624 21 100 -10 -0.075
164169 1.13624 21 100 -10 0.375
164169 1.13624 21 100 -10 -0.225
164126 1.04579 0 22.5 0 -0.3
163580 1.18233 27 47.5 0.8 -0.075
163580 1.18233 27 47.5 0.8 0.375
163580 1.18233 27 60 0.8 -0.375
163580 1.18233 27 47.5 0.8 -0.225
163580 1.18233 27 35 0.8 0.375
163580 1.18233 27 35 0.8 -0.225
163580 1.18233 27 47.5 0.8 -0.375
163580 1.18233 27 47.5 0.8 10
163580 1.18233 27 60 0.8 10
163580 1.18233 27 50 0.8 0.375
163580 1.18233 27 35 0.8 -0.075
163580 1.18233 27 35 0.8 -0.375
163580 1.18233 27 35 0.8 10
163580 1.18233 27 100 0.8 0.375
163580 1.18233 27 55 0.8 -0.375
163580 1.18233 27 60 0.8 0.375
163580 1.18233 27 45 0.8 10
163580 1.18233 27 60 0.8 -0.225
163580 1.18233 27 60 0.8 -0.075
163580 1.18233 27 45 0.8 -0.375
163580 1.18233 27 45 0.8 -0.075
163580 1.18233 27 45 0.8 -0.225
163580 1.18233 27 45 0.8 0.375
163580 1.18233 27 55 0.8 -0.075
163580 1.18233 27 50 0.8 10
163580 1.18233 27 25 0.8 10
163580 1.18233 27 100 0.8 -0.225
163580 1.18233 27 25 0.8 -0.375
163580 1.18233 27 55 0.8 -0.225
163580 1.18233 27 50 0.8 -0.375
163580 1.18233 27 50 0.8 -0.225
163580 1.18233 27 100 0.8 -0.075
163580 1.18233 27 25 0.8 0.375
163580 1.18233 27 25 0.8 -0.225
163580 1.18233 27 25 0.8 -0.075
163580 1.18233 27 100 0.8 -0.375
163580 1.18233 27 52.5 0.8 0.375
163580 1.18233 27 100 0.8 10
163580 1.18233 27 50 0.8 -0.075
163580 1.18233 27 55 0.8 10
163580 1.18233 27 52.5 0.8 -0.225
163580 1.18233 27 52.5 0.8 -0.075
163580 1.18233 27 52.5 0.8 -0.375
163580 1.18233 27 52.5 0.8 10
163580 1.18233 27 55 0.8 0.375
163483 1.0455 0 22.5 0 -0.15
163483 1.0455 0 22.5 0 10
163483 1.0455 0 22.5 0 0.3
162889 1.01381 0 100 -10 0.375
162500 1.04493 0 25 0 -0.3
162263 1.09074 0 22.5 0.8 -0.075
162263 1.09074 0 22.5 0.8 0.375
162263 1.09074 0 35 0.8 -0.225
162263 1.09074 0 22.5 0.8 10
162263 1.09074 0 45 0.8 -0.225
162263 1.09074 0 25 0.8 -0.225
162263 1.09074 0 100 0.8 -0.225
162263 1.09074 0 22.5 0.8 -0.225
162263 1.09074 0 55 0.8 -0.225
162262 1.09074 0 17.5 0.8 10
162262 1.09074 0 17.5 0.8 0.375
162262 1.09074 0 17.5 0.8 -0.225
162262 1.09074 0 17.5 0.8 -0.075
162262 1.09074 0 20 0.8 -0.075
162262 1.09074 0 20 0.8 -0.225
162262 1.09074 0 20 0.8 0.375
162262 1.09074 0 20 0.8 10
160070 1.04749 0 17.5 -0.4 10
160070 1.04749 0 17.5 -0.4 -0.225
160070 1.04749 0 17.5 -0.4 0.375
160070 1.04749 0 17.5 -0.4 -0.075
156624 1.07173 0 15 -0.4 10
156624 1.07173 0 15 -0.4 -0.225
156624 1.07173 0 15 -0.4 0.375
156624 1.07173 0 15 -0.4 -0.075
149655 1.10753 0 22.5 1.6 -0.225
149655 1.10753 0 22.5 1.6 -0.075
149655 1.10753 0 22.5 1.6 -0.375
149655 1.10753 0 20 1.6 -0.075
149655 1.10753 0 20 1.6 -0.225
149655 1.10753 0 20 1.6 -0.375
146979 1.13872 21 15 0.8 10
146979 1.13872 21 15 0.8 -0.075
146979 1.13872 21 15 0.8 -0.375
146979 1.13872 21 15 0.8 -0.225
146979 1.13872 21 15 0.8 0.375
146045 1.04118 0 25 0.4 10
146045 1.04118 0 25 0.4 0.375
146045 1.04118 0 25 0.4 -0.075
144849 1.07886 0 22.5 1.6 0.375
144849 1.07886 0 22.5 1.6 10
144849 1.07886 0 20 1.6 10
144849 1.07886 0 20 1.6 0.375
144415 1.09796 0 15 0.8 -0.375
144259 1.13153 30 100 -10 10
141294 1.1918 24 20 1.6 10
141294 1.1918 24 15 1.6 -0.375
141294 1.1918 24 20 1.6 -0.375
141294 1.1918 24 15 1.6 10
141294 1.1918 24 17.5 1.6 10
141294 1.1918 24 17.5 1.6 -0.375
141294 1.1918 24 17.5 1.6 -0.075
141294 1.1918 24 17.5 1.6 -0.225
141294 1.1918 24 20 1.6 0.375
141294 1.1918 24 20 1.6 -0.225
141294 1.1918 24 20 1.6 -0.075
141294 1.1918 24 15 1.6 -0.075
141294 1.1918 24 22.5 1.6 10
141294 1.1918 24 17.5 1.6 0.375
141294 1.1918 24 22.5 1.6 0.375
141294 1.1918 24 22.5 1.6 -0.225
141294 1.1918 24 15 1.6 -0.225
141294 1.1918 24 22.5 1.6 -0.075
141294 1.1918 24 15 1.6 0.375
141294 1.1918 24 22.5 1.6 -0.375
136595 1.17342 24 55 3.2 0.375
136595 1.17342 24 55 3.2 -0.225
136595 1.17342 24 55 3.2 -0.075
136595 1.17342 24 100 3.2 10
136595 1.17342 24 100 3.2 -0.375
136595 1.17342 24 100 3.2 -0.075
136595 1.17342 24 100 3.2 -0.225
136595 1.17342 24 100 3.2 0.375
136595 1.17342 24 55 3.2 -0.375
136595 1.17342 24 35 3.2 -0.075
136595 1.17342 24 45 3.2 -0.375
136595 1.17342 24 20 3.2 10
136595 1.17342 24 35 3.2 -0.375
136595 1.17342 24 35 3.2 10
136595 1.17342 24 30 3.2 10
136595 1.17342 24 20 3.2 -0.375
136595 1.17342 24 30 3.2 -0.375
136595 1.17342 24 30 3.2 -0.075
136595 1.17342 24 30 3.2 -0.225
136595 1.17342 24 30 3.2 0.375
136595 1.17342 24 25 3.2 0.375
136595 1.17342 24 25 3.2 -0.225
136595 1.17342 24 25 3.2 -0.075
136595 1.17342 24 25 3.2 -0.375
136595 1.17342 24 25 3.2 10
136595 1.17342 24 45 3.2 10
136595 1.17342 24 20 3.2 -0.075
136595 1.17342 24 45 3.2 -0.075
136595 1.17342 24 45 3.2 -0.225
136595 1.17342 24 45 3.2 0.375
136595 1.17342 24 22.5 3.2 10
136595 1.17342 24 22.5 3.2 -0.375
136595 1.17342 24 20 3.2 -0.225
136595 1.17342 24 22.5 3.2 -0.075
136595 1.17342 24 55 3.2 10
136595 1.17342 24 22.5 3.2 -0.225
136595 1.17342 24 22.5 3.2 0.375
136595 1.17342 24 35 3.2 -0.225
136595 1.17342 24 35 3.2 0.375
136595 1.17342 24 20 3.2 0.375
135737 1.03032 0 25 0 0.3
135737 1.03032 0 25 0 -0.15
135737 1.03032 0 25 0 10
134947 1.16235 27 15 -0.4 -0.375
134947 1.16235 27 15 0 0.3
134947 1.16235 27 15 -0.4 10
134947 1.16235 27 15 -10 10
134947 1.16235 27 15 -10 -0.375
134947 1.16235 27 15 -0.8 -0.225
134947 1.16235 27 15 -10 -0.075
134947 1.16235 27 15 -10 -0.225
134947 1.16235 27 15 -10 0.375
134947 1.16235 27 15 -0.4 -0.075
134947 1.16235 27 15 -1.2 10
134947 1.16235 27 15 -0.4 -0.225
134947 1.16235 27 15 -1.2 0.375
134947 1.16235 27 15 -1.2 -0.225
134947 1.16235 27 15 -0.8 0.375
134947 1.16235 27 15 -1.2 -0.075
134947 1.16235 27 15 -1.2 -0.375
134947 1.16235 27 15 0 10
134947 1.16235 27 15 -0.4 0.375
134947 1.16235 27 15 -0.8 -0.075
134947 1.16235 27 15 -0.8 -0.375
134947 1.16235 27 15 0 -0.45
134947 1.16235 27 15 -0.8 10
134947 1.16235 27 15 0 -0.15
134947 1.16235 27 15 0 -0.3
134871 1.16667 24 15 0.8 -0.075
134871 1.16667 24 15 0.8 -0.225
134871 1.16667 24 15 0.8 0.375
134871 1.16667 24 15 0.8 -0.375
134871 1.16667 24 15 0.8 10
134146 1.10493 30 45 -10 -0.375
134146 1.10493 30 45 -10 -0.075
134146 1.10493 30 45 -10 -0.225
134146 1.10493 30 45 -10 0.375
134146 1.10493 30 60 -10 -0.375
134146 1.10493 30 50 -10 0.375
134146 1.10493 30 50 -10 -0.225
134146 1.10493 30 55 -10 0.375
134146 1.10493 30 55 -10 -0.225
134146 1.10493 30 55 -10 -0.075
134146 1.10493 30 50 -10 -0.075
134146 1.10493 30 55 -10 -0.375
134146 1.10493 30 50 -10 -0.375
134146 1.10493 30 52.5 -10 -0.075
134146 1.10493 30 52.5 -10 -0.375
134146 1.10493 30 52.5 -10 10
134146 1.10493 30 35 -10 -0.375
134146 1.10493 30 35 -10 10
134146 1.10493 30 47.5 -10 10
134146 1.10493 30 47.5 -10 -0.225
134146 1.10493 30 47.5 -10 0.375
134146 1.10493 30 35 -10 0.375
134146 1.10493 30 50 -10 10
134146 1.10493 30 47.5 -10 -0.375
134146 1.10493 30 45 -10 10
134146 1.10493 30 35 -10 -0.225
134146 1.10493 30 47.5 -10 -0.075
134146 1.10493 30 52.5 -10 0.375
134146 1.10493 30 52.5 -10 -0.225
134146 1.10493 30 55 -10 10
134146 1.10493 30 35 -10 -0.075
134146 1.10493 30 100 -10 -0.375
133506 1.15671 27 100 4.8 -0.225
133506 1.15671 30 55 4.8 10
133506 1.15671 27 47.5 4.8 -0.225
133506 1.15671 30 52.5 4.8 10
133506 1.15671 30 52.5 4.8 -0.075
133506 1.15671 30 52.5 4.8 -0.225
133506 1.15671 30 50 4.8 -0.225
133506 1.15671 30 50 4.8 0.375
133506 1.15671 30 52.5 4.8 0.375
133506 1.15671 27 47.5 4.8 -0.075
133506 1.15671 24 45 4.8 -0.075
133506 1.15671 30 45 4.8 -0.225
133506 1.15671 30 45 4.8 0.375
133506 1.15671 30 47.5 4.8 10
133506 1.15671 30 100 4.8 0.375
133506 1.15671 30 100 4.8 -0.225
133506 1.15671 27 45 4.8 -0.075
133506 1.15671 27 45 4.8 -0.225
133506 1.15671 24 45 4.8 -0.225
133506 1.15671 0 45 4.8 -0.225
133506 1.15671 0 45 4.8 -0.075
133506 1.15671 30 60 4.8 0.375
133506 1.15671 30 60 4.8 -0.225
133506 1.15671 24 55 4.8 -0.225
133506 1.15671 30 55 4.8 -0.075
133506 1.15671 24 55 4.8 -0.075
133506 1.15671 30 55 4.8 -0.225
133506 1.15671 27 50 4.8 -0.225
133506 1.15671 24 100 4.8 -0.225
133506 1.15671 24 100 4.8 -0.075
133506 1.15671 27 50 4.8 -0.075
133506 1.15671 21 45 4.8 -0.075
133506 1.15671 30 50 4.8 -0.075
133506 1.15671 30 50 4.8 10
133506 1.15671 21 45 4.8 -0.225
133506 1.15671 30 60 4.8 -0.075
133506 1.15671 0 100 4.8 -0.075
133506 1.15671 30 60 4.8 10
133506 1.15671 27 60 4.8 -0.075
133506 1.15671 27 60 4.8 -0.225
133506 1.15671 0 100 4.8 -0.225
133506 1.15671 21 100 4.8 -0.075
133506 1.15671 21 100 4.8 -0.225
133506 1.15671 27 55 4.8 -0.225
133506 1.15671 30 47.5 4.8 0.375
133506 1.15671 30 47.5 4.8 -0.225
133506 1.15671 30 55 4.8 0.375
133506 1.15671 30 45 4.8 -0.075
133506 1.15671 27 52.5 4.8 -0.075
133506 1.15671 27 52.5 4.8 -0.225
133506 1.15671 30 100 4.8 -0.075
133506 1.15671 30 45 4.8 10
133506 1.15671 30 47.5 4.8 -0.075
133506 1.15671 21 55 4.8 -0.225
133506 1.15671 21 55 4.8 -0.075
133506 1.15671 30 100 4.8 10
133506 1.15671 27 55 4.8 -0.075
133506 1.15671 0 55 4.8 -0.075
133506 1.15671 0 55 4.8 -0.225
133506 1.15671 27 100 4.8 -0.075
133505 1.15671 27 50 4.8 0.375
133505 1.15671 27 52.5 4.8 10
133505 1.15671 24 55 4.8 10
133505 1.15671 0 55 4.8 10
133505 1.15671 24 55 4.8 0.375
133505 1.15671 27 47.5 4.8 0.375
133505 1.15671 27 47.5 4.8 10
133505 1.15671 27 60 4.8 10
133505 1.15671 27 60 4.8 0.375
133505 1.15671 21 55 4.8 0.375
133505 1.15671 21 55 4.8 10
133505 1.15671 27 100 4.8 0.375
133505 1.15671 27 52.5 4.8 0.375
133505 1.15671 0 55 4.8 0.375
133505 1.15671 27 50 4.8 10
133505 1.15671 27 55 4.8 10
133505 1.15671 21 100 4.8 0.375
133505 1.15671 27 55 4.8 0.375
133505 1.15671 21 100 4.8 10
133505 1.15671 0 100 4.8 0.375
133505 1.15671 21 45 4.8 0.375
133505 1.15671 0 100 4.8 10
133505 1.15671 24 100 4.8 10
133505 1.15671 24 100 4.8 0.375
133505 1.15671 27 100 4.8 10
133505 1.15671 21 45 4.8 10
133505 1.15671 24 45 4.8 10
133505 1.15671 27 45 4.8 10
133505 1.15671 27 45 4.8 0.375
133505 1.15671 24 45 4.8 0.375
133505 1.15671 0 45 4.8 0.375
133505 1.15671 0 45 4.8 10
133155 1.15526 30 52.5 4.4 10
133155 1.15526 30 100 4.4 -0.225
133155 1.15526 30 52.5 4.4 0.375
133155 1.15526 30 52.5 4.4 -0.225
133155 1.15526 30 50 4.4 -0.075
133155 1.15526 30 50 4.4 -0.225
133155 1.15526 30 50 4.4 0.375
133155 1.15526 30 47.5 4.4 0.375
133155 1.15526 30 47.5 4.4 -0.225
133155 1.15526 30 50 4.4 10
133155 1.15526 30 45 4.4 -0.075
133155 1.15526 30 45 4.4 -0.225
133155 1.15526 30 55 4.4 10
133155 1.15526 30 45 4.4 0.375
133155 1.15526 30 55 4.4 -0.075
133155 1.15526 30 45 4.4 10
133155 1.15526 30 52.5 4.4 -0.075
133155 1.15526 30 60 4.4 10
133155 1.15526 30 60 4.4 -0.075
133155 1.15526 30 60 4.4 -0.225
133155 1.15526 30 100 4.4 0.375
133155 1.15526 30 60 4.4 0.375
133155 1.15526 30 100 4.4 -0.075
133155 1.15526 30 100 4.4 10
133155 1.15526 30 55 4.4 -0.225
133155 1.15526 30 55 4.4 0.375
133155 1.15526 30 47.5 4.4 10
133155 1.15526 30 47.5 4.4 -0.075
132806 1.15343 30 50 1.6 -0.225
132806 1.15343 30 50 1.6 0.375
132806 1.15343 27 15 1.6 0.375
132806 1.15343 30 50 1.6 -0.075
132806 1.15343 30 47.5 1.6 10
132806 1.15343 30 47.5 1.6 -0.375
132806 1.15343 30 47.5 1.6 -0.075
132806 1.15343 27 52.5 1.6 10
132806 1.15343 30 60 1.6 -0.375
132806 1.15343 30 60 1.6 -0.075
132806 1.15343 30 60 1.6 -0.225
132806 1.15343 30 60 1.6 0.375
132806 1.15343 30 52.5 1.6 0.375
132806 1.15343 30 52.5 1.6 -0.225
132806 1.15343 30 25 1.6 -0.225
132806 1.15343 30 25 1.6 -0.075
132806 1.15343 27 35 1.6 10
132806 1.15343 27 35 1.6 -0.375
132806 1.15343 30 35 1.6 10
132806 1.15343 30 35 1.6 -0.375
132806 1.15343 30 35 1.6 -0.075
132806 1.15343 30 35 1.6 -0.225
132806 1.15343 30 35 1.6 0.375
132806 1.15343 27 47.5 1.6 0.375
132806 1.15343 27 47.5 1.6 -0.225
132806 1.15343 27 47.5 1.6 -0.075
132806 1.15343 30 50 1.6 -0.375
132806 1.15343 27 47.5 1.6 -0.375
132806 1.15343 30 50 1.6 10
132806 1.15343 27 47.5 1.6 10
132806 1.15343 30 45 1.6 10
132806 1.15343 30 45 1.6 -0.375
132806 1.15343 30 47.5 1.6 -0.225
132806 1.15343 30 47.5 1.6 0.375
132806 1.15343 30 45 1.6 -0.075
132806 1.15343 30 45 1.6 -0.225
132806 1.15343 30 45 1.6 0.375
132806 1.15343 27 35 1.6 -0.075
132806 1.15343 30 15 1.6 0.375
132806 1.15343 30 15 1.6 -0.225
132806 1.15343 30 15 1.6 -0.075
132806 1.15343 27 25 1.6 0.375
132806 1.15343 27 25 1.6 -0.225
132806 1.15343 27 25 1.6 -0.075
132806 1.15343 27 25 1.6 -0.375
132806 1.15343 27 25 1.6 10
132806 1.15343 27 60 1.6 10
132806 1.15343 27 60 1.6 -0.375
132806 1.15343 27 60 1.6 -0.075
132806 1.15343 27 60 1.6 -0.225
132806 1.15343 27 60 1.6 0.375
132806 1.15343 27 15 1.6 -0.225
132806 1.15343 27 50 1.6 0.375
132806 1.15343 27 35 1.6 -0.225
132806 1.15343 30 25 1.6 -0.375
132806 1.15343 30 60 1.6 10
132806 1.15343 27 50 1.6 -0.225
132806 1.15343 27 50 1.6 -0.075
132806 1.15343 30 55 1.6 10
132806 1.15343 30 55 1.6 -0.375
132806 1.15343 30 55 1.6 -0.075
132806 1.15343 27 35 1.6 0.375
132806 1.15343 30 25 1.6 0.375
132806 1.15343 30 52.5 1.6 10
132806 1.15343 30 25 1.6 10
132806 1.15343 27 50 1.6 -0.375
132806 1.15343 27 50 1.6 10
132806 1.15343 27 15 1.6 -0.075
132806 1.15343 30 15 1.6 -0.375
132806 1.15343 30 55 1.6 -0.225
132806 1.15343 30 55 1.6 0.375
132806 1.15343 30 15 1.6 10
132806 1.15343 27 15 1.6 10
132806 1.15343 27 15 1.6 -0.375
132806 1.15343 27 52.5 1.6 0.375
132806 1.15343 27 100 1.6 0.375
132806 1.15343 27 100 1.6 -0.225
132806 1.15343 27 100 1.6 -0.075
132806 1.15343 27 100 1.6 -0.375
132806 1.15343 27 100 1.6 10
132806 1.15343 27 52.5 1.6 -0.225
132806 1.15343 30 52.5 1.6 -0.375
132806 1.15343 27 45 1.6 0.375
132806 1.15343 27 45 1.6 -0.225
132806 1.15343 27 45 1.6 -0.075
132806 1.15343 27 45 1.6 -0.375
132806 1.15343 27 45 1.6 10
132806 1.15343 27 52.5 1.6 -0.375
132806 1.15343 27 55 1.6 0.375
132806 1.15343 30 100 1.6 0.375
132806 1.15343 30 100 1.6 -0.225
132806 1.15343 27 55 1.6 -0.225
132806 1.15343 30 100 1.6 -0.375
132806 1.15343 27 52.5 1.6 -0.075
132806 1.15343 27 55 1.6 -0.075
132806 1.15343 27 55 1.6 -0.375
132806 1.15343 27 55 1.6 10
132806 1.15343 30 100 1.6 -0.075
132806 1.15343 30 52.5 1.6 -0.075
132806 1.15343 30 100 1.6 10
131761 1.14908 30 35 2 10
131761 1.14908 30 15 2 -0.375
131761 1.14908 30 35 2 -0.375
131761 1.14908 30 35 2 -0.075
131761 1.14908 30 25 2.4 10
131761 1.14908 30 25 2.4 -0.375
131761 1.14908 30 15 2 10
131761 1.14908 30 25 2.4 -0.075
131761 1.14908 30 25 2.4 -0.225
131761 1.14908 30 25 2.4 0.375
131761 1.14908 30 15 2 -0.075
131761 1.14908 30 15 2 -0.225
131761 1.14908 30 15 2 0.375
131761 1.14908 30 15 2.4 0.375
131761 1.14908 30 35 2.4 0.375
131761 1.14908 30 25 2 0.375
131761 1.14908 30 35 2.4 -0.225
131761 1.14908 30 35 2.4 -0.075
131761 1.14908 30 35 2.4 -0.375
131761 1.14908 30 35 2.4 10
131761 1.14908 30 35 2 -0.225
131761 1.14908 30 25 2 -0.225
131761 1.14908 30 25 2 -0.075
131761 1.14908 30 35 2 0.375
131761 1.14908 30 25 2 10
131761 1.14908 30 15 2.4 10
131761 1.14908 30 15 2.4 -0.375
131761 1.14908 30 15 2.4 -0.075
131761 1.14908 30 15 2.4 -0.225
131761 1.14908 30 25 2 -0.375
130438 1.14461 0 45 3.2 -0.225
130438 1.14461 0 45 3.2 0.375
130438 1.14461 0 55 3.2 0.375
130438 1.14461 0 55 3.2 -0.225
130438 1.14461 0 55 3.2 -0.075
130438 1.14461 0 22.5 3.2 10
130438 1.14461 0 100 3.2 10
130438 1.14461 0 100 3.2 -0.375
130438 1.14461 0 100 3.2 -0.075
130438 1.14461 0 100 3.2 -0.225
130438 1.14461 0 25 3.2 0.375
130438 1.14461 21 20 3.2 0.375
130438 1.14461 21 20 3.2 -0.225
130438 1.14461 21 20 3.2 -0.075
130438 1.14461 0 25 3.2 -0.225
130438 1.14461 0 25 3.2 -0.075
130438 1.14461 0 25 3.2 -0.375
130438 1.14461 21 20 3.2 -0.375
130438 1.14461 0 25 3.2 10
130438 1.14461 0 100 3.2 0.375
130438 1.14461 21 100 3.2 10
130438 1.14461 21 20 3.2 10
130438 1.14461 21 100 3.2 -0.375
130438 1.14461 0 55 3.2 -0.375
130438 1.14461 21 100 3.2 -0.075
130438 1.14461 0 55 3.2 10
130438 1.14461 0 20 3.2 10
130438 1.14461 0 35 3.2 10
130438 1.14461 0 20 3.2 -0.375
130438 1.14461 0 20 3.2 -0.075
130438 1.14461 0 20 3.2 -0.225
130438 1.14461 0 20 3.2 0.375
130438 1.14461 21 100 3.2 -0.225
130438 1.14461 21 100 3.2 0.375
130438 1.14461 21 55 3.2 10
130438 1.14461 0 45 3.2 -0.075
130438 1.14461 21 55 3.2 -0.375
130438 1.14461 21 55 3.2 -0.075
130438 1.14461 21 55 3.2 -0.225
130438 1.14461 0 45 3.2 -0.375
130438 1.14461 0 45 3.2 10
130438 1.14461 21 55 3.2 0.375
130438 1.14461 21 35 3.2 0.375
130438 1.14461 21 35 3.2 -0.225
130438 1.14461 21 35 3.2 -0.075
130438 1.14461 21 35 3.2 -0.375
130438 1.14461 21 35 3.2 10
130438 1.14461 21 22.5 3.2 0.375
130438 1.14461 21 22.5 3.2 -0.225
130438 1.14461 21 22.5 3.2 -0.075
130438 1.14461 21 22.5 3.2 -0.375
130438 1.14461 21 22.5 3.2 10
130438 1.14461 0 35 3.2 0.375
130438 1.14461 0 35 3.2 -0.225
130438 1.14461 0 35 3.2 -0.075
130438 1.14461 0 22.5 3.2 -0.375
130438 1.14461 0 22.5 3.2 0.375
130438 1.14461 0 22.5 3.2 -0.225
130438 1.14461 0 22.5 3.2 -0.075
130438 1.14461 21 25 3.2 10
130438 1.14461 21 25 3.2 -0.375
130438 1.14461 21 25 3.2 -0.075
130438 1.14461 21 25 3.2 0.375
130438 1.14461 21 45 3.2 0.375
130438 1.14461 21 25 3.2 -0.225
130438 1.14461 21 45 3.2 -0.225
130438 1.14461 21 45 3.2 -0.075
130438 1.14461 21 45 3.2 -0.375
130438 1.14461 21 45 3.2 10
130438 1.14461 0 35 3.2 -0.375
129385 1.13918 30 100 4 10
129385 1.13918 30 60 4 0.375
129385 1.13918 30 60 4 -0.075
129385 1.13918 30 60 4 -0.375
129385 1.13918 30 60 4 10
129385 1.13918 30 47.5 4 -0.375
129385 1.13918 30 47.5 4 -0.075
129385 1.13918 30 47.5 4 -0.225
129385 1.13918 30 47.5 4 0.375
129385 1.13918 30 55 4 10
129385 1.13918 30 55 4 -0.375
129385 1.13918 30 100 4 -0.375
129385 1.13918 30 100 4 -0.075
129385 1.13918 30 100 4 -0.225
129385 1.13918 30 100 4 0.375
129385 1.13918 30 55 4 -0.075
129385 1.13918 30 55 4 -0.225
129385 1.13918 30 55 4 0.375
129385 1.13918 30 50 4 0.375
129385 1.13918 30 50 4 -0.225
129385 1.13918 30 45 4 0.375
129385 1.13918 30 45 4 -0.225
129385 1.13918 30 45 4 -0.075
129385 1.13918 30 45 4 -0.375
129385 1.13918 30 45 4 10
129385 1.13918 30 50 4 -0.075
129385 1.13918 30 50 4 -0.375
129385 1.13918 30 60 4 -0.225
129385 1.13918 30 50 4 10
129385 1.13918 30 47.5 4 10
129385 1.13918 30 52.5 4 10
129385 1.13918 30 52.5 4 -0.375
129385 1.13918 30 52.5 4 -0.075
129385 1.13918 30 52.5 4 -0.225
129385 1.13918 30 52.5 4 0.375
129384 1.13918 30 25 2.8 -0.225
129384 1.13918 30 25 2.8 -0.075
129384 1.13918 30 25 2.8 -0.375
129384 1.13918 30 25 2.8 10
129384 1.13918 30 25 2.8 0.375
129384 1.13918 30 35 2.8 10
129384 1.13918 30 35 2.8 -0.375
129384 1.13918 30 35 2.8 -0.075
129384 1.13918 30 35 2.8 -0.225
129384 1.13918 30 35 2.8 0.375
129384 1.13918 30 15 2.8 10
129384 1.13918 30 15 2.8 -0.375
129384 1.13918 30 15 2.8 -0.075
129384 1.13918 30 15 2.8 -0.225
129384 1.13918 30 15 2.8 0.375
129191 1.0919 30 60 -10 10
129191 1.0919 30 100 -10 -0.075
129191 1.0919 30 60 -10 -0.075
129191 1.0919 30 60 -10 -0.225
129191 1.0919 30 60 -10 0.375
129191 1.0919 30 100 -10 0.375
129191 1.0919 30 100 -10 -0.225
128391 1.13505 27 45 3.2 -0.375
128391 1.13505 30 35 3.2 0.375
128391 1.13505 30 60 3.2 10
128391 1.13505 30 35 3.2 -0.225
128391 1.13505 27 25 3.2 10
128391 1.13505 27 25 3.2 -0.375
128391 1.13505 27 25 3.2 -0.075
128391 1.13505 27 25 3.2 -0.225
128391 1.13505 27 25 3.2 0.375
128391 1.13505 27 60 3.2 0.375
128391 1.13505 27 60 3.2 -0.225
128391 1.13505 27 60 3.2 -0.075
128391 1.13505 27 60 3.2 -0.375
128391 1.13505 27 60 3.2 10
128391 1.13505 30 60 3.2 -0.375
128391 1.13505 30 47.5 3.6 10
128391 1.13505 30 47.5 3.6 -0.375
128391 1.13505 30 47.5 3.6 -0.075
128391 1.13505 30 47.5 3.6 -0.225
128391 1.13505 30 47.5 3.6 0.375
128391 1.13505 30 35 3.2 -0.075
128391 1.13505 27 45 3.2 -0.075
128391 1.13505 30 50 3.2 10
128391 1.13505 30 50 3.2 -0.375
128391 1.13505 30 55 3.2 -0.225
128391 1.13505 30 55 3.2 0.375
128391 1.13505 27 50 3.2 0.375
128391 1.13505 27 50 3.2 -0.225
128391 1.13505 27 50 3.2 -0.075
128391 1.13505 27 50 3.2 -0.375
128391 1.13505 27 50 3.2 10
128391 1.13505 30 35 3.2 -0.375
128391 1.13505 30 35 3.2 10
128391 1.13505 30 100 3.6 10
128391 1.13505 30 100 3.6 -0.375
128391 1.13505 30 100 3.6 -0.075
128391 1.13505 30 100 3.6 -0.225
128391 1.13505 30 60 3.2 -0.075
128391 1.13505 27 45 3.2 10
128391 1.13505 30 100 3.2 10
128391 1.13505 30 100 3.2 -0.375
128391 1.13505 30 100 3.2 -0.075
128391 1.13505 30 50 3.2 -0.075
128391 1.13505 30 100 3.2 -0.225
128391 1.13505 30 100 3.6 0.375
128391 1.13505 30 100 3.2 0.375
128391 1.13505 30 50 3.6 0.375
128391 1.13505 30 50 3.6 -0.225
128391 1.13505 30 52.5 3.6 -0.075
128391 1.13505 30 52.5 3.6 -0.375
128391 1.13505 30 52.5 3.6 10
128391 1.13505 27 100 3.2 10
128391 1.13505 30 45 3.6 10
128391 1.13505 30 45 3.6 -0.375
128391 1.13505 30 45 3.6 -0.075
128391 1.13505 30 52.5 3.6 0.375
128391 1.13505 30 55 3.2 -0.075
128391 1.13505 30 55 3.2 -0.375
128391 1.13505 30 55 3.2 10
128391 1.13505 27 45 3.2 -0.225
128391 1.13505 30 50 3.6 -0.075
128391 1.13505 30 50 3.6 -0.375
128391 1.13505 30 50 3.6 10
128391 1.13505 27 45 3.2 0.375
128391 1.13505 30 50 3.2 -0.225
128391 1.13505 30 50 3.2 0.375
128391 1.13505 27 52.5 3.2 0.375
128391 1.13505 27 52.5 3.2 -0.225
128391 1.13505 27 52.5 3.2 -0.075
128391 1.13505 27 52.5 3.2 -0.375
128391 1.13505 27 52.5 3.2 10
128391 1.13505 27 100 3.2 -0.375
128391 1.13505 30 47.5 3.2 10
128391 1.13505 30 47.5 3.2 -0.375
128391 1.13505 30 52.5 3.6 -0.225
128391 1.13505 27 100 3.2 -0.075
128391 1.13505 27 100 3.2 -0.225
128391 1.13505 27 100 3.2 0.375
128391 1.13505 27 35 3.2 0.375
128391 1.13505 27 55 3.2 0.375
128391 1.13505 30 60 3.6 -0.225
128391 1.13505 30 60 3.6 0.375
128391 1.13505 30 52.5 3.2 10
128391 1.13505 30 52.5 3.2 -0.375
128391 1.13505 30 25 3.2 0.375
128391 1.13505 30 25 3.2 -0.225
128391 1.13505 30 25 3.2 -0.075
128391 1.13505 30 25 3.2 -0.375
128391 1.13505 30 25 3.2 10
128391 1.13505 27 35 3.2 -0.225
128391 1.13505 30 52.5 3.2 -0.075
128391 1.13505 30 45 3.6 -0.225
128391 1.13505 30 45 3.2 -0.225
128391 1.13505 30 45 3.6 0.375
128391 1.13505 27 55 3.2 -0.075
128391 1.13505 27 35 3.2 -0.075
128391 1.13505 30 45 3.2 0.375
128391 1.13505 30 47.5 3.2 -0.075
128391 1.13505 30 47.5 3.2 -0.225
128391 1.13505 30 47.5 3.2 0.375
128391 1.13505 30 45 3.2 -0.075
128391 1.13505 30 45 3.2 -0.375
128391 1.13505 27 35 3.2 -0.375
128391 1.13505 27 35 3.2 10
128391 1.13505 30 60 3.6 10
128391 1.13505 30 60 3.6 -0.375
128391 1.13505 30 60 3.6 -0.075
128391 1.13505 30 45 3.2 10
128391 1.13505 27 47.5 3.2 0.375
128391 1.13505 27 47.5 3.2 -0.225
128391 1.13505 27 47.5 3.2 -0.075
128391 1.13505 27 47.5 3.2 -0.375
128391 1.13505 30 55 3.6 0.375
128391 1.13505 30 55 3.6 -0.225
128391 1.13505 30 55 3.6 -0.075
128391 1.13505 30 55 3.6 -0.375
128391 1.13505 30 60 3.2 -0.225
128391 1.13505 30 52.5 3.2 -0.225
128391 1.13505 27 47.5 3.2 10
128391 1.13505 30 60 3.2 0.375
128391 1.13505 27 55 3.2 -0.225
128391 1.13505 27 55 3.2 -0.375
128391 1.13505 27 55 3.2 10
128391 1.13505 30 55 3.6 10
128391 1.13505 30 52.5 3.2 0.375
127805 1.1308 21 15 1.6 0.375
127805 1.1308 21 15 1.6 -0.225
127805 1.1308 21 15 1.6 -0.075
127805 1.1308 21 20 1.6 0.375
127805 1.1308 21 15 1.6 -0.375
127805 1.1308 21 20 1.6 -0.225
127805 1.1308 21 15 1.6 10
127805 1.1308 21 22.5 1.6 0.375
127805 1.1308 21 20 1.6 -0.075
127805 1.1308 21 20 1.6 -0.375
127805 1.1308 21 22.5 1.6 -0.225
127805 1.1308 21 22.5 1.6 -0.075
127805 1.1308 21 22.5 1.6 -0.375
127805 1.1308 21 22.5 1.6 10
127805 1.1308 21 17.5 1.6 0.375
127805 1.1308 21 17.5 1.6 -0.225
127805 1.1308 21 20 1.6 10
127805 1.1308 21 17.5 1.6 -0.075
127805 1.1308 21 17.5 1.6 -0.375
127805 1.1308 21 17.5 1.6 10
127775 1.27778 24 5 2 -0.375
127775 1.27778 0 5 2.8 10
127775 1.27778 0 5 2.8 -0.375
127775 1.27778 0 5 2 0.375
127775 1.27778 0 5 2 -0.225
127775 1.27778 0 5 2.8 -0.075
127775 1.27778 0 5 2 -0.075
127775 1.27778 0 5 2 -0.375
127775 1.27778 0 5 2.8 -0.225
127775 1.27778 21 5 0 0.3
127775 1.27778 21 5 0 -0.3
127775 1.27778 21 5 0 -0.15
127775 1.27778 0 5 2.8 0.375
127775 1.27778 0 5 2.4 10
127775 1.27778 0 5 2.4 0.375
127775 1.27778 0 5 2.4 -0.225
127775 1.27778 24 5 2.4 -0.225
127775 1.27778 21 5 0 -0.45
127775 1.27778 21 5 0 10
127775 1.27778 21 5 1.6 0.375
127775 1.27778 0 5 2.4 -0.375
127775 1.27778 21 5 1.6 -0.225
127775 1.27778 21 5 1.6 -0.075
127775 1.27778 21 5 1.6 -0.375
127775 1.27778 21 5 1.6 10
127775 1.27778 21 5 3.2 0.375
127775 1.27778 21 5 3.2 -0.225
127775 1.27778 21 5 3.2 -0.075
127775 1.27778 21 5 3.2 -0.375
127775 1.27778 21 5 3.2 10
127775 1.27778 0 5 -10 10
127775 1.27778 0 5 2 10
127775 1.27778 0 5 2.4 -0.075
127775 1.27778 24 5 0 0.3
127775 1.27778 24 5 0 -0.3
127775 1.27778 24 5 0 -0.15
127775 1.27778 24 5 0 -0.45
127775 1.27778 24 5 0 10
127775 1.27778 0 5 -10 -0.375
127775 1.27778 24 5 1.6 0.375
127775 1.27778 24 5 1.6 -0.225
127775 1.27778 24 5 1.6 -0.075
127775 1.27778 0 5 0 0.3
127775 1.27778 0 5 0 -0.3
127775 1.27778 0 5 0 -0.15
127775 1.27778 21 5 2.4 0.375
127775 1.27778 21 5 2.4 -0.225
127775 1.27778 21 5 2.4 -0.075
127775 1.27778 21 5 2.4 -0.375
127775 1.27778 21 5 2.4 10
127775 1.27778 21 5 2.8 0.375
127775 1.27778 21 5 2.8 -0.225
127775 1.27778 0 5 0 -0.45
127775 1.27778 0 5 0 10
127775 1.27778 0 5 1.6 0.375
127775 1.27778 0 5 1.6 -0.225
127775 1.27778 0 5 1.6 -0.075
127775 1.27778 0 5 1.6 -0.375
127775 1.27778 0 5 1.6 10
127775 1.27778 0 5 3.2 0.375
127775 1.27778 0 5 3.2 -0.225
127775 1.27778 0 5 3.2 -0.075
127775 1.27778 0 10 3.6 10
127775 1.27778 24 5 2.4 -0.075
127775 1.27778 21 5 2.8 -0.075
127775 1.27778 21 5 2.8 -0.375
127775 1.27778 21 5 2.8 10
127775 1.27778 21 5 2 0.375
127775 1.27778 21 5 2 -0.225
127775 1.27778 21 5 2 -0.075
127775 1.27778 21 5 2 -0.375
127775 1.27778 21 5 2 10
127775 1.27778 24 5 2.4 0.375
127775 1.27778 24 5 3.2 10
127775 1.27778 24 5 3.2 -0.375
127775 1.27778 24 5 2.4 -0.375
127775 1.27778 0 5 -10 -0.075
127775 1.27778 0 10 3.6 -0.375
127775 1.27778 0 10 3.6 -0.075
127775 1.27778 24 5 2.4 10
127775 1.27778 24 5 2.8 0.375
127775 1.27778 24 5 2.8 -0.225
127775 1.27778 0 5 -10 -0.225
127775 1.27778 0 5 -10 0.375
127775 1.27778 21 5 -10 0.375
127775 1.27778 21 5 -10 -0.225
127775 1.27778 21 5 -10 -0.075
127775 1.27778 21 5 -10 -0.375
127775 1.27778 21 5 -10 10
127775 1.27778 0 10 3.6 -0.225
127775 1.27778 0 10 3.6 0.375
127775 1.27778 24 5 1.6 -0.375
127775 1.27778 21 10 3.6 0.375
127775 1.27778 21 10 3.6 -0.225
127775 1.27778 24 5 2.8 -0.075
127775 1.27778 21 10 3.6 -0.075
127775 1.27778 21 10 3.6 -0.375
127775 1.27778 24 5 2.8 -0.375
127775 1.27778 24 5 -10 10
127775 1.27778 0 5 3.2 10
127775 1.27778 0 5 3.2 -0.375
127775 1.27778 24 5 -10 -0.375
127775 1.27778 21 10 3.6 10
127775 1.27778 24 5 -10 -0.075
127775 1.27778 24 5 1.6 10
127775 1.27778 24 5 3.2 0.375
127775 1.27778 24 5 3.2 -0.225
127775 1.27778 24 5 2.8 10
127775 1.27778 24 5 -10 -0.225
127775 1.27778 24 5 -10 0.375
127775 1.27778 24 5 2 10
127775 1.27778 24 5 3.2 -0.075
127775 1.27778 24 5 2 -0.075
127775 1.27778 24 5 2 -0.225
127775 1.27778 24 5 2 0.375
127774 1.27778 24 15 3.2 -0.375
127774 1.27778 24 17.5 3.2 10
127774 1.27778 24 15 3.2 -0.225
127774 1.27778 24 17.5 3.2 0.375
127774 1.27778 24 17.5 3.2 -0.225
127774 1.27778 24 17.5 3.2 -0.075
127774 1.27778 24 17.5 3.2 -0.375
127774 1.27778 24 15 3.2 -0.075
127774 1.27778 24 15 3.2 10
127774 1.27778 24 15 3.2 0.375
127449 1.08443 0 17.5 1.6 -0.075
127449 1.08443 0 17.5 1.6 -0.225
127157 1.08363 0 15 1.6 -0.225
127157 1.08363 0 15 1.6 -0.375
127157 1.08363 0 17.5 1.6 -0.375
127157 1.08363 0 15 1.6 -0.075
126770 1.1283 30 35 0.8 10
126770 1.1283 30 50 0 -0.45
126770 1.1283 30 50 0 10
126770 1.1283 30 35 0.8 -0.375
126770 1.1283 30 50 0 -0.15
126770 1.1283 30 15 0 0.3
126770 1.1283 30 52.5 0 10
126770 1.1283 30 52.5 0 -0.45
126770 1.1283 30 52.5 0 -0.15
126770 1.1283 30 52.5 0 -0.3
126770 1.1283 30 52.5 0 0.3
126770 1.1283 30 47.5 0 -0.3
126770 1.1283 30 35 0 -0.3
126770 1.1283 30 47.5 0 0.3
126770 1.1283 30 25 0 10
126770 1.1283 30 25 0 -0.45
126770 1.1283 30 25 0 -0.15
126770 1.1283 30 25 0 -0.3
126770 1.1283 30 25 0 0.3
126770 1.1283 30 100 0 -0.45
126770 1.1283 30 35 0.8 -0.075
126770 1.1283 30 35 0.8 -0.225
126770 1.1283 30 35 0.8 0.375
126770 1.1283 30 25 0.8 0.375
126770 1.1283 30 25 0.8 -0.225
126770 1.1283 30 25 0.8 -0.075
126770 1.1283 30 50 0 -0.3
126770 1.1283 30 50 0 0.3
126770 1.1283 30 15 0 -0.3
126770 1.1283 30 15 -10 10
126770 1.1283 30 15 -10 -0.375
126770 1.1283 30 15 -10 -0.075
126770 1.1283 30 15 -10 -0.225
126770 1.1283 30 15 -10 0.375
126770 1.1283 30 15 0 -0.15
126770 1.1283 30 15 0 -0.45
126770 1.1283 30 15 0 10
126770 1.1283 30 60 0 10
126770 1.1283 30 60 0 -0.45
126770 1.1283 30 25 0.8 -0.375
126770 1.1283 30 25 0.8 10
126770 1.1283 30 47.5 0 10
126770 1.1283 30 47.5 0 -0.45
126770 1.1283 30 47.5 0 -0.15
126770 1.1283 30 45 0 10
126770 1.1283 30 100 0 10
126770 1.1283 30 45 0 -0.45
126770 1.1283 30 45 0 -0.15
126770 1.1283 30 45 0 -0.3
126770 1.1283 30 45 0 0.3
126770 1.1283 27 15 0.8 10
126770 1.1283 30 60 0 0.3
126770 1.1283 30 100 0 -0.15
126770 1.1283 30 15 0.8 0.375
126770 1.1283 30 15 0.8 -0.225
126770 1.1283 30 15 0.8 -0.075
126770 1.1283 30 15 0.8 -0.375
126770 1.1283 30 15 0.8 10
126770 1.1283 30 25 -10 0.375
126770 1.1283 30 25 -10 -0.225
126770 1.1283 30 25 -10 -0.075
126770 1.1283 30 35 0 10
126770 1.1283 30 100 0 -0.3
126770 1.1283 30 100 0 0.3
126770 1.1283 30 35 0 -0.45
126770 1.1283 30 35 0 0.3
126770 1.1283 30 60 0 -0.3
126770 1.1283 27 15 0.8 0.375
126770 1.1283 30 55 0 0.3
126770 1.1283 30 35 0 -0.15
126770 1.1283 27 15 0.8 -0.225
126770 1.1283 27 15 0.8 -0.375
126770 1.1283 27 15 0.8 -0.075
126770 1.1283 30 25 -10 -0.375
126770 1.1283 30 25 -10 10
126770 1.1283 30 55 0 -0.3
126770 1.1283 30 60 0 -0.15
126770 1.1283 30 55 0 -0.15
126770 1.1283 30 55 0 -0.45
126770 1.1283 30 55 0 10
124914 1.11786 0 25 2.4 -0.375
124914 1.11786 0 25 2.4 0.375
124914 1.11786 0 25 2.4 -0.075
124914 1.11786 0 25 2.4 -0.225
124914 1.11786 0 25 2.4 10
124044 1.0475 0 15 0.8 -0.075
124044 1.0475 0 15 0.8 -0.225
124044 1.0475 0 15 0.8 10
124044 1.0475 0 15 0.8 0.375
123358 1.05438 0 17.5 1.6 10
123358 1.05438 0 17.5 1.6 0.375
122014 1.22016 21 17.5 3.2 -0.375
122014 1.22016 21 10 3.2 0.375
122014 1.22016 0 15 3.2 0.375
122014 1.22016 0 15 3.2 -0.225
122014 1.22016 21 10 3.2 -0.225
122014 1.22016 21 10 3.2 -0.075
122014 1.22016 0 15 3.2 -0.075
122014 1.22016 0 15 3.2 -0.375
122014 1.22016 21 10 3.2 -0.375
122014 1.22016 21 10 3.2 10
122014 1.22016 0 15 3.2 10
122014 1.22016 0 10 3.2 0.375
122014 1.22016 0 10 3.2 -0.225
122014 1.22016 0 17.5 3.2 0.375
122014 1.22016 0 17.5 3.2 -0.225
122014 1.22016 0 17.5 3.2 -0.075
122014 1.22016 0 17.5 3.2 -0.375
122014 1.22016 0 10 3.2 -0.375
122014 1.22016 0 10 3.2 10
122014 1.22016 0 10 3.2 -0.075
122014 1.22016 21 15 3.2 0.375
122014 1.22016 21 15 3.2 -0.225
122014 1.22016 21 15 3.2 -0.075
122014 1.22016 21 17.5 3.2 -0.075
122014 1.22016 21 15 3.2 -0.375
122014 1.22016 21 15 3.2 10
122014 1.22016 21 17.5 3.2 0.375
122014 1.22016 21 17.5 3.2 10
122014 1.22016 21 17.5 3.2 -0.225
122014 1.22016 0 17.5 3.2 10
121052 1.21053 21 35 4.8 -0.375
121052 1.21053 21 25 4.8 10
121052 1.21053 30 50 4.4 -0.375
121052 1.21053 0 17.5 4.8 0.375
121052 1.21053 0 17.5 4.8 -0.225
121052 1.21053 0 17.5 4.8 -0.075
121052 1.21053 0 17.5 4.8 -0.375
121052 1.21053 0 22.5 4.8 0.375
121052 1.21053 21 17.5 4.8 0.375
121052 1.21053 21 25 4.8 -0.375
121052 1.21053 21 25 4.8 -0.075
121052 1.21053 21 25 4.8 -0.225
121052 1.21053 0 17.5 4.8 10
121052 1.21053 24 20 4.8 0.375
121052 1.21053 24 20 4.8 -0.225
121052 1.21053 24 20 4.8 -0.075
121052 1.21053 24 20 4.8 -0.375
121052 1.21053 24 20 4.8 10
121052 1.21053 21 25 4.8 0.375
121052 1.21053 0 10 4.4 10
121052 1.21053 0 10 4.4 -0.375
121052 1.21053 0 10 4.4 -0.075
121052 1.21053 0 10 4.4 -0.225
121052 1.21053 30 55 4.8 -0.375
121052 1.21053 0 10 4.4 0.375
121052 1.21053 21 17.5 4.8 -0.225
121052 1.21053 21 22.5 4.8 10
121052 1.21053 21 22.5 4.8 -0.375
121052 1.21053 21 45 4.8 -0.375
121052 1.21053 21 17.5 4.8 -0.075
121052 1.21053 30 52.5 4.8 -0.375
121052 1.21053 0 35 4.8 -0.225
121052 1.21053 0 22.5 4.8 -0.225
121052 1.21053 24 22.5 4.8 0.375
121052 1.21053 24 22.5 4.8 -0.225
121052 1.21053 0 35 4.8 -0.075
121052 1.21053 0 35 4.8 -0.375
121052 1.21053 30 60 4.8 -0.375
121052 1.21053 24 22.5 4.8 -0.075
121052 1.21053 24 22.5 4.8 -0.375
121052 1.21053 24 22.5 4.8 10
121052 1.21053 21 22.5 4.8 -0.075
121052 1.21053 21 22.5 4.8 -0.225
121052 1.21053 24 55 4.8 -0.375
121052 1.21053 21 22.5 4.8 0.375
121052 1.21053 24 30 4.8 0.375
121052 1.21053 24 30 4.8 -0.225
121052 1.21053 24 30 4.8 -0.075
121052 1.21053 24 25 4.8 10
121052 1.21053 24 25 4.8 -0.375
121052 1.21053 30 100 4.8 -0.375
121052 1.21053 24 25 4.8 -0.075
121052 1.21053 30 25 4.8 0.375
121052 1.21053 30 25 4.8 -0.225
121052 1.21053 30 25 4.8 -0.075
121052 1.21053 30 25 4.8 -0.375
121052 1.21053 30 25 4.8 10
121052 1.21053 24 30 4.8 -0.375
121052 1.21053 24 30 4.8 10
121052 1.21053 0 22.5 4.8 -0.075
121052 1.21053 0 22.5 4.8 -0.375
121052 1.21053 21 10 4.4 10
121052 1.21053 21 10 4.4 -0.375
121052 1.21053 21 55 4.8 -0.375
121052 1.21053 0 55 4.8 -0.375
121052 1.21053 24 17.5 4.8 0.375
121052 1.21053 24 17.5 4.8 -0.225
121052 1.21053 24 17.5 4.8 -0.075
121052 1.21053 24 17.5 4.8 -0.375
121052 1.21053 24 17.5 4.8 10
121052 1.21053 27 25 4.8 -0.375
121052 1.21053 24 25 4.8 -0.225
121052 1.21053 24 25 4.8 0.375
121052 1.21053 0 25 4.8 10
121052 1.21053 21 10 4.4 -0.075
121052 1.21053 21 10 4.4 -0.225
121052 1.21053 21 10 4.4 0.375
121052 1.21053 30 55 4.4 -0.375
121052 1.21053 0 100 4.8 -0.375
121052 1.21053 0 25 4.8 -0.375
121052 1.21053 0 25 4.8 -0.075
121052 1.21053 0 25 4.8 -0.225
121052 1.21053 0 25 4.8 0.375
121052 1.21053 27 55 4.8 -0.375
121052 1.21053 27 25 4.8 -0.075
121052 1.21053 24 100 4.8 -0.375
121052 1.21053 0 20 4.8 10
121052 1.21053 0 20 4.8 -0.375
121052 1.21053 0 20 4.8 -0.075
121052 1.21053 30 45 4.4 -0.375
121052 1.21053 27 25 4.8 -0.225
121052 1.21053 24 35 4.8 -0.225
121052 1.21053 24 35 4.8 -0.075
121052 1.21053 24 35 4.8 -0.375
121052 1.21053 27 25 4.8 0.375
121052 1.21053 0 20 4.8 -0.225
121052 1.21053 0 20 4.8 0.375
121052 1.21053 30 52.5 4.4 -0.375
121052 1.21053 24 45 4.8 -0.375
121052 1.21053 27 100 4.8 -0.375
121052 1.21053 21 20 4.8 0.375
121052 1.21053 21 20 4.8 -0.225
121052 1.21053 21 20 4.8 -0.075
121052 1.21053 21 20 4.8 -0.375
121052 1.21053 21 20 4.8 10
121052 1.21053 30 100 4.4 -0.375
121052 1.21053 30 45 4.8 -0.375
121052 1.21053 30 60 4.4 -0.375
121052 1.21053 27 35 4.8 -0.225
121052 1.21053 27 35 4.8 -0.075
121052 1.21053 27 35 4.8 -0.375
121052 1.21053 27 47.5 4.8 -0.375
121052 1.21053 0 22.5 4.8 10
121052 1.21053 21 100 4.8 -0.375
121052 1.21053 27 45 4.8 -0.375
121052 1.21053 21 17.5 4.8 10
121052 1.21053 21 17.5 4.8 -0.375
121052 1.21053 27 60 4.8 -0.375
121052 1.21053 0 45 4.8 -0.375
121052 1.21053 30 50 4.8 -0.375
121052 1.21053 30 35 4.8 10
121052 1.21053 30 35 4.8 -0.375
121052 1.21053 21 35 4.8 -0.225
121052 1.21053 21 35 4.8 -0.075
121052 1.21053 27 50 4.8 -0.375
121052 1.21053 27 52.5 4.8 -0.375
121052 1.21053 30 47.5 4.4 -0.375
121052 1.21053 30 35 4.8 -0.075
121052 1.21053 30 35 4.8 -0.225
121052 1.21053 30 35 4.8 0.375
121052 1.21053 30 47.5 4.8 -0.375
121052 1.21053 27 25 4.8 10
121051 1.21053 27 35 4.8 0.375
121051 1.21053 21 35 4.8 10
121051 1.21053 21 35 4.8 0.375
121051 1.21053 24 35 4.8 10
121051 1.21053 24 35 4.8 0.375
121051 1.21053 0 35 4.8 0.375
121051 1.21053 0 35 4.8 10
121051 1.21053 27 35 4.8 10
120100 1.20104 27 5 3.2 -0.075
120100 1.20104 30 5 0 -0.3
120100 1.20104 30 5 0 -0.15
120100 1.20104 30 5 0 -0.45
120100 1.20104 30 5 0 10
120100 1.20104 30 5 1.6 0.375
120100 1.20104 30 5 1.6 -0.225
120100 1.20104 30 5 1.6 -0.075
120100 1.20104 30 5 1.6 -0.375
120100 1.20104 30 5 1.6 10
120100 1.20104 30 5 3.2 0.375
120100 1.20104 30 5 3.2 -0.225
120100 1.20104 30 5 3.2 -0.075
120100 1.20104 30 5 3.2 -0.375
120100 1.20104 30 5 3.2 10
120100 1.20104 30 5 4 0.375
120100 1.20104 30 5 4 -0.225
120100 1.20104 30 5 4 -0.075
120100 1.20104 30 5 4 -0.375
120100 1.20104 30 5 4 10
120100 1.20104 30 5 2.4 0.375
120100 1.20104 30 5 2.4 -0.225
120100 1.20104 30 5 2.4 -0.075
120100 1.20104 30 5 2.4 -0.375
120100 1.20104 30 5 2.4 10
120100 1.20104 30 5 2.8 0.375
120100 1.20104 30 5 2.8 -0.225
120100 1.20104 30 5 2.8 -0.075
120100 1.20104 30 5 2.8 -0.375
120100 1.20104 30 5 2.8 10
120100 1.20104 30 5 2 0.375
120100 1.20104 30 5 2 -0.225
120100 1.20104 30 5 2 -0.075
120100 1.20104 30 5 2 -0.375
120100 1.20104 30 5 2 10
120100 1.20104 30 5 -10 0.375
120100 1.20104 30 5 -10 -0.225
120100 1.20104 30 5 -10 -0.075
120100 1.20104 30 5 -10 -0.375
120100 1.20104 30 5 -10 10
120100 1.20104 21 5 4 0.375
120100 1.20104 27 5 4 -0.075
120100 1.20104 24 5 4 0.375
120100 1.20104 24 5 4 -0.225
120100 1.20104 24 5 4 -0.075
120100 1.20104 27 5 -10 0.375
120100 1.20104 21 5 4 10
120100 1.20104 27 5 2 10
120100 1.20104 27 5 2 -0.375
120100 1.20104 27 5 2 -0.075
120100 1.20104 27 5 2 -0.225
120100 1.20104 27 5 2 0.375
120100 1.20104 27 5 2.8 10
120100 1.20104 27 5 2.8 -0.375
120100 1.20104 27 5 2.8 -0.075
120100 1.20104 0 10 4 10
120100 1.20104 0 10 4 -0.375
120100 1.20104 0 10 4 -0.075
120100 1.20104 0 10 4 -0.225
120100 1.20104 0 10 4 0.375
120100 1.20104 27 5 2.8 -0.225
120100 1.20104 27 5 2.8 0.375
120100 1.20104 27 5 2.4 10
120100 1.20104 27 5 2.4 -0.375
120100 1.20104 27 5 2.4 -0.075
120100 1.20104 27 5 2.4 -0.225
120100 1.20104 21 5 4 -0.375
120100 1.20104 27 5 2.4 0.375
120100 1.20104 27 5 4 10
120100 1.20104 27 5 4 -0.375
120100 1.20104 21 5 4 -0.075
120100 1.20104 21 5 4 -0.225
120100 1.20104 0 5 4 10
120100 1.20104 0 5 4 -0.375
120100 1.20104 0 5 4 -0.075
120100 1.20104 0 5 4 -0.225
120100 1.20104 0 5 4 0.375
120100 1.20104 24 5 4 -0.375
120100 1.20104 27 5 -10 -0.225
120100 1.20104 27 5 4 -0.225
120100 1.20104 27 5 4 0.375
120100 1.20104 30 5 0 0.3
120100 1.20104 27 5 -10 -0.075
120100 1.20104 27 5 -10 -0.375
120100 1.20104 27 5 -10 10
120100 1.20104 24 5 4 10
120100 1.20104 21 10 4 0.375
120100 1.20104 21 10 4 10
120100 1.20104 21 10 4 -0.375
120100 1.20104 21 10 4 -0.075
120100 1.20104 27 5 0 0.3
120100 1.20104 27 5 0 -0.3
120100 1.20104 27 5 0 -0.15
120100 1.20104 27 5 0 -0.45
120100 1.20104 27 5 0 10
120100 1.20104 27 5 1.6 0.375
120100 1.20104 27 5 1.6 -0.225
120100 1.20104 27 5 3.2 10
120100 1.20104 27 5 1.6 -0.075
120100 1.20104 27 5 1.6 -0.375
120100 1.20104 27 5 1.6 10
120100 1.20104 27 5 3.2 0.375
120100 1.20104 27 5 3.2 -0.225
120100 1.20104 21 10 4 -0.225
120100 1.20104 27 5 3.2 -0.375
120099 1.20104 27 15 3.2 10
120099 1.20104 27 15 3.2 -0.225
120099 1.20104 30 15 3.2 0.375
120099 1.20104 27 15 3.2 0.375
120099 1.20104 30 15 3.2 -0.225
120099 1.20104 30 15 3.2 10
120099 1.20104 30 15 3.2 -0.375
120099 1.20104 30 15 3.2 -0.075
120099 1.20104 27 15 3.2 -0.075
120099 1.20104 27 15 3.2 -0.375
119594 1.09404 0 10 -10 -0.375
119594 1.09404 0 10 0 -0.45
117073 1.05475 0 15 1.6 10
117073 1.05475 0 15 1.6 0.375
115576 1.15578 21 10 0 0.3
115576 1.15578 21 10 0 -0.3
115576 1.15578 21 10 0 -0.15
115576 1.15578 21 10 0 -0.45
115576 1.15578 21 10 0 10
115576 1.15578 21 10 1.6 0.375
115576 1.15578 21 10 1.6 -0.225
115576 1.15578 21 10 1.6 -0.075
115576 1.15578 21 10 1.6 -0.375
115576 1.15578 21 10 1.6 10
115576 1.15578 21 10 2.4 0.375
115576 1.15578 21 10 2.4 -0.225
115576 1.15578 21 10 -10 -0.375
115576 1.15578 21 10 2.4 -0.075
115576 1.15578 21 10 2.4 -0.375
115576 1.15578 21 10 2.4 10
115576 1.15578 21 10 -10 0.375
115576 1.15578 21 10 -10 -0.225
115576 1.15578 21 10 -10 -0.075
115576 1.15578 21 10 -10 10
115209 1.04975 0 10 0 -0.3
115209 1.04975 0 10 0 -0.15
115209 1.04975 0 10 0 10
115209 1.04975 0 10 0 0.3
115209 1.04975 0 10 -10 0.375
115209 1.04975 0 10 -10 10
115209 1.04975 0 10 -10 -0.075
115209 1.04975 0 10 -10 -0.225
113859 1.13861 0 10 2.4 -0.225
113859 1.13861 0 10 2.4 10
113859 1.13861 0 10 2.4 0.375
113859 1.13861 0 10 2.4 -0.075
113859 1.13861 0 10 2.4 -0.375
112466 1.12469 0 10 1.6 10
112466 1.12469 0 10 1.6 0.375
112466 1.12469 0 10 1.6 -0.375
112466 1.12469 0 10 1.6 -0.075
112466 1.12469 0 10 1.6 -0.225
109435 1.09439 36 60 -10 -0.375
109435 1.09439 36 47.5 -10 -0.375
109435 1.09439 36 47.5 -10 -0.075
109435 1.09439 36 100 -10 -0.375
109435 1.09439 36 47.5 -10 -0.225
109435 1.09439 36 47.5 -10 0.375
109435 1.09439 36 52.5 -10 10
109435 1.09439 36 52.5 -10 -0.375
109435 1.09439 36 52.5 -10 -0.075
109435 1.09439 36 52.5 -10 -0.225
109435 1.09439 36 45 -10 0.375
109435 1.09439 36 45 -10 -0.225
109435 1.09439 36 45 -10 -0.075
109435 1.09439 36 45 -10 -0.375
109435 1.09439 36 45 -10 10
109435 1.09439 36 55 -10 0.375
109435 1.09439 36 55 -10 -0.225
109435 1.09439 36 55 -10 -0.075
109435 1.09439 36 55 -10 -0.375
109435 1.09439 36 47.5 -10 10
109435 1.09439 36 55 -10 10
109435 1.09439 36 52.5 -10 0.375
109435 1.09439 36 50 -10 10
109435 1.09439 36 50 -10 -0.375
109435 1.09439 36 50 -10 -0.075
109435 1.09439 36 50 -10 -0.225
109435 1.09439 36 50 -10 0.375
103895 1.03896 42 100 -10 10
102564 1.02564 36 100 -10 10
101910 1.01911 42 60 -10 0.375
101910 1.01911 36 60 -10 10
101910 1.01911 36 60 -10 -0.075
101910 1.01911 36 60 -10 -0.225
101910 1.01911 36 60 -10 0.375
101910 1.01911 42 60 -10 -0.075
101910 1.01911 42 60 -10 10
101910 1.01911 42 62.5 -10 0.375
101910 1.01911 42 62.5 -10 -0.225
101910 1.01911 42 62.5 -10 -0.075
101910 1.01911 42 62.5 -10 10
101910 1.01911 42 100 -10 -0.075
101910 1.01911 42 60 -10 -0.225
101910 1.01911 42 100 -10 0.375
101910 1.01911 36 100 -10 -0.075
101910 1.01911 36 100 -10 -0.225
101910 1.01911 36 100 -10 0.375
101910 1.01911 42 100 -10 -0.225
100000 1 24 45 6.4 0.375
100000 1 36 100 6.8 -0.225
100000 1 36 100 6.8 0.375
100000 1 36 100 7.6 10
100000 1 36 100 7.6 -0.375
100000 1 36 100 7.6 -0.075
100000 1 36 100 7.6 -0.225
100000 1 36 100 7.6 0.375
100000 1 36 100 7.2 10
100000 1 36 100 7.2 -0.375
100000 1 36 100 7.2 -0.075
100000 1 36 100 7.2 -0.225
100000 1 36 100 7.2 0.375
100000 1 36 100 8.8 10
100000 1 36 100 8.8 -0.375
100000 1 36 100 8.8 -0.075
100000 1 36 100 8.8 -0.225
100000 1 36 100 8.8 0.375
100000 1 36 100 8 10
100000 1 36 100 8 -0.375
100000 1 36 100 8 -0.075
100000 1 36 100 8 -0.225
100000 1 36 100 8 0.375
100000 1 36 100 6.4 10
100000 1 36 100 6.4 -0.375
100000 1 36 100 6.4 -0.075
100000 1 36 100 6.4 -0.225
100000 1 36 100 6.4 0.375
100000 1 36 100 4.8 10
100000 1 36 100 4.8 -0.375
100000 1 36 100 4.8 -0.075
100000 1 36 100 4.8 -0.225
100000 1 36 100 4.8 0.375
100000 1 36 100 3.2 10
100000 1 36 100 3.2 -0.375
100000 1 36 100 3.2 -0.075
100000 1 36 100 3.2 -0.225
100000 1 36 100 3.2 0.375
100000 1 36 100 1.6 10
100000 1 36 100 1.6 -0.375
100000 1 36 100 1.6 -0.075
100000 1 36 100 1.6 -0.225
100000 1 36 100 1.6 0.375
100000 1 36 100 0 10
100000 1 36 100 0 -0.45
100000 1 36 100 0 -0.15
100000 1 36 100 0 -0.3
100000 1 36 100 0 0.3
100000 1 36 100 6.8 -0.075
100000 1 36 100 6.8 -0.375
100000 1 36 100 6.8 10
100000 1 27 15 8 -0.225
100000 1 27 15 8 0.375
100000 1 36 47.5 6.8 10
100000 1 36 47.5 6.8 -0.375
100000 1 36 47.5 6.8 -0.075
100000 1 36 47.5 6.8 -0.225
100000 1 36 47.5 6.8 0.375
100000 1 36 47.5 7.6 10
100000 1 36 47.5 7.6 -0.375
100000 1 36 47.5 7.6 -0.075
100000 1 36 47.5 7.6 -0.225
100000 1 36 47.5 7.6 0.375
100000 1 36 47.5 7.2 10
100000 1 36 47.5 7.2 -0.375
100000 1 36 47.5 7.2 -0.075
100000 1 36 47.5 7.2 -0.225
100000 1 36 47.5 7.2 0.375
100000 1 36 47.5 8.8 10
100000 1 36 47.5 8.8 -0.375
100000 1 36 47.5 8.8 -0.075
100000 1 36 47.5 8.8 -0.225
100000 1 36 47.5 8.8 0.375
100000 1 36 47.5 8 10
100000 1 36 47.5 8 -0.375
100000 1 36 47.5 8 -0.075
100000 1 36 47.5 8 -0.225
100000 1 36 47.5 8 0.375
100000 1 36 47.5 6.4 10
100000 1 36 47.5 6.4 -0.375
100000 1 36 47.5 6.4 -0.075
100000 1 36 47.5 6.4 -0.225
100000 1 36 47.5 6.4 0.375
100000 1 36 47.5 4.8 10
100000 1 36 47.5 4.8 -0.375
100000 1 36 47.5 4.8 -0.075
100000 1 36 47.5 4.8 -0.225
100000 1 36 47.5 4.8 0.375
100000 1 36 47.5 3.2 10
100000 1 36 47.5 3.2 -0.375
100000 1 36 47.5 3.2 -0.075
100000 1 36 47.5 3.2 -0.225
100000 1 36 47.5 3.2 0.375
100000 1 36 47.5 1.6 10
100000 1 36 47.5 1.6 -0.375
100000 1 36 47.5 1.6 -0.075
100000 1 36 47.5 1.6 -0.225
100000 1 36 47.5 1.6 0.375
100000 1 36 47.5 0 10
100000 1 36 47.5 0 -0.45
100000 1 36 47.5 0 -0.15
100000 1 36 47.5 0 -0.3
100000 1 36 47.5 0 0.3
100000 1 27 15 6.4 10
100000 1 27 15 6.4 -0.375
100000 1 27 15 6.4 -0.075
100000 1 27 15 6.4 -0.225
100000 1 27 15 6.4 0.375
100000 1 36 52.5 6.8 10
100000 1 36 52.5 6.8 -0.375
100000 1 36 52.5 6.8 -0.075
100000 1 36 52.5 6.8 -0.225
100000 1 36 52.5 6.8 0.375
100000 1 36 52.5 7.6 10
100000 1 36 52.5 7.6 -0.375
100000 1 36 52.5 7.6 -0.075
100000 1 36 52.5 7.6 -0.225
100000 1 36 52.5 7.6 0.375
100000 1 36 52.5 7.2 10
100000 1 36 52.5 7.2 -0.375
100000 1 36 52.5 7.2 -0.075
100000 1 36 52.5 7.2 -0.225
100000 1 36 52.5 7.2 0.375
100000 1 36 52.5 8.8 10
100000 1 36 52.5 8.8 -0.375
100000 1 36 52.5 8.8 -0.075
100000 1 36 52.5 8.8 -0.225
100000 1 36 52.5 8.8 0.375
100000 1 36 52.5 8 10
100000 1 36 52.5 8 -0.375
100000 1 36 52.5 8 -0.075
100000 1 36 52.5 8 -0.225
100000 1 36 52.5 8 0.375
100000 1 36 52.5 6.4 10
100000 1 36 52.5 6.4 -0.375
100000 1 36 52.5 6.4 -0.075
100000 1 36 52.5 6.4 -0.225
100000 1 36 52.5 6.4 0.375
100000 1 36 52.5 4.8 10
100000 1 36 52.5 4.8 -0.375
100000 1 36 52.5 4.8 -0.075
100000 1 36 52.5 4.8 -0.225
100000 1 36 52.5 4.8 0.375
100000 1 36 52.5 3.2 10
100000 1 36 52.5 3.2 -0.375
100000 1 36 52.5 3.2 -0.075
100000 1 36 52.5 3.2 -0.225
100000 1 36 52.5 3.2 0.375
100000 1 36 52.5 1.6 10
100000 1 36 52.5 1.6 -0.375
100000 1 36 52.5 1.6 -0.075
100000 1 36 52.5 1.6 -0.225
100000 1 36 52.5 1.6 0.375
100000 1 36 52.5 0 10
100000 1 36 52.5 0 -0.45
100000 1 36 52.5 0 -0.15
100000 1 36 52.5 0 -0.3
100000 1 36 52.5 0 0.3
100000 1 27 15 4.8 10
100000 1 27 15 4.8 -0.375
100000 1 27 15 4.8 -0.075
100000 1 27 15 4.8 -0.225
100000 1 27 15 4.8 0.375
100000 1 36 50 6.8 10
100000 1 36 50 6.8 -0.375
100000 1 36 50 6.8 -0.075
100000 1 36 50 6.8 -0.225
100000 1 36 50 6.8 0.375
100000 1 36 50 7.6 10
100000 1 36 50 7.6 -0.375
100000 1 36 50 7.6 -0.075
100000 1 36 50 7.6 -0.225
100000 1 36 50 7.6 0.375
100000 1 36 50 7.2 10
100000 1 36 50 7.2 -0.375
100000 1 36 50 7.2 -0.075
100000 1 36 50 7.2 -0.225
100000 1 36 50 7.2 0.375
100000 1 36 50 8.8 10
100000 1 36 50 8.8 -0.375
100000 1 36 50 8.8 -0.075
100000 1 36 50 8.8 -0.225
100000 1 36 50 8.8 0.375
100000 1 36 50 8 10
100000 1 36 50 8 -0.375
100000 1 36 50 8 -0.075
100000 1 36 50 8 -0.225
100000 1 36 50 8 0.375
100000 1 36 50 6.4 10
100000 1 36 50 6.4 -0.375
100000 1 36 50 6.4 -0.075
100000 1 36 50 6.4 -0.225
100000 1 36 50 6.4 0.375
100000 1 36 50 4.8 10
100000 1 36 50 4.8 -0.375
100000 1 36 50 4.8 -0.075
100000 1 36 50 4.8 -0.225
100000 1 36 50 4.8 0.375
100000 1 36 50 3.2 10
100000 1 36 50 3.2 -0.375
100000 1 36 50 3.2 -0.075
100000 1 36 50 3.2 -0.225
100000 1 36 50 3.2 0.375
100000 1 36 50 1.6 10
100000 1 36 50 1.6 -0.375
100000 1 36 50 1.6 -0.075
100000 1 36 50 1.6 -0.225
100000 1 36 50 1.6 0.375
100000 1 36 50 0 10
100000 1 36 50 0 -0.45
100000 1 36 50 0 -0.15
100000 1 36 50 0 -0.3
100000 1 36 50 0 0.3
100000 1 24 5 4.8 0.375
100000 1 24 5 4.8 -0.225
100000 1 24 5 4.8 -0.075
100000 1 24 5 4.8 -0.375
100000 1 24 5 4.8 10
100000 1 36 60 6.8 10
100000 1 36 60 6.8 -0.375
100000 1 36 60 6.8 -0.075
100000 1 36 60 6.8 -0.225
100000 1 36 60 6.8 0.375
100000 1 36 60 7.6 10
100000 1 36 60 7.6 -0.375
100000 1 36 60 7.6 -0.075
100000 1 36 60 7.6 -0.225
100000 1 36 60 7.6 0.375
100000 1 36 60 7.2 10
100000 1 36 60 7.2 -0.375
100000 1 36 60 7.2 -0.075
100000 1 36 60 7.2 -0.225
100000 1 36 60 7.2 0.375
100000 1 36 60 8.8 10
100000 1 36 60 8.8 -0.375
100000 1 36 60 8.8 -0.075
100000 1 36 60 8.8 -0.225
100000 1 36 60 8.8 0.375
100000 1 36 60 8 10
100000 1 36 60 8 -0.375
100000 1 36 60 8 -0.075
100000 1 36 60 8 -0.225
100000 1 36 60 8 0.375
100000 1 36 60 6.4 10
100000 1 36 60 6.4 -0.375
100000 1 36 60 6.4 -0.075
100000 1 36 60 6.4 -0.225
100000 1 36 60 6.4 0.375
100000 1 36 60 4.8 10
100000 1 36 60 4.8 -0.375
100000 1 36 60 4.8 -0.075
100000 1 36 60 4.8 -0.225
100000 1 36 60 4.8 0.375
100000 1 36 60 3.2 10
100000 1 36 60 3.2 -0.375
100000 1 36 60 3.2 -0.075
100000 1 36 60 3.2 -0.225
100000 1 36 60 3.2 0.375
100000 1 36 60 1.6 10
100000 1 36 60 1.6 -0.375
100000 1 36 60 1.6 -0.075
100000 1 36 60 1.6 -0.225
100000 1 36 60 1.6 0.375
100000 1 36 60 0 10
100000 1 36 60 0 -0.45
100000 1 36 60 0 -0.15
100000 1 36 60 0 -0.3
100000 1 36 60 0 0.3
100000 1 24 5 6.4 0.375
100000 1 24 5 6.4 -0.225
100000 1 24 5 6.4 -0.075
100000 1 24 5 6.4 -0.375
100000 1 24 5 6.4 10
100000 1 36 55 6.8 10
100000 1 36 55 6.8 -0.375
100000 1 36 55 6.8 -0.075
100000 1 36 55 6.8 -0.225
100000 1 36 55 6.8 0.375
100000 1 36 55 7.6 10
100000 1 36 55 7.6 -0.375
100000 1 36 55 7.6 -0.075
100000 1 36 55 7.6 -0.225
100000 1 36 55 7.6 0.375
100000 1 36 55 7.2 10
100000 1 36 55 7.2 -0.375
100000 1 36 55 7.2 -0.075
100000 1 36 55 7.2 -0.225
100000 1 36 55 7.2 0.375
100000 1 36 55 8.8 10
100000 1 36 55 8.8 -0.375
100000 1 36 55 8.8 -0.075
100000 1 36 55 8.8 -0.225
100000 1 36 55 8.8 0.375
100000 1 36 55 8 10
100000 1 36 55 8 -0.375
100000 1 36 55 8 -0.075
100000 1 36 55 8 -0.225
100000 1 36 55 8 0.375
100000 1 36 55 6.4 10
100000 1 36 55 6.4 -0.375
100000 1 36 55 6.4 -0.075
100000 1 36 55 6.4 -0.225
100000 1 36 55 6.4 0.375
100000 1 36 55 4.8 10
100000 1 36 55 4.8 -0.375
100000 1 36 55 4.8 -0.075
100000 1 36 55 4.8 -0.225
100000 1 36 55 4.8 0.375
100000 1 36 55 3.2 10
100000 1 36 55 3.2 -0.375
100000 1 36 55 3.2 -0.075
100000 1 36 55 3.2 -0.225
100000 1 36 55 3.2 0.375
100000 1 36 55 1.6 10
100000 1 36 55 1.6 -0.375
100000 1 36 55 1.6 -0.075
100000 1 36 55 1.6 -0.225
100000 1 36 55 1.6 0.375
100000 1 36 55 0 10
100000 1 36 55 0 -0.45
100000 1 36 55 0 -0.15
100000 1 36 55 0 -0.3
100000 1 36 55 0 0.3
100000 1 24 5 8 0.375
100000 1 24 5 8 -0.225
100000 1 24 5 8 -0.075
100000 1 24 5 8 -0.375
100000 1 24 5 8 10
100000 1 36 45 6.8 10
100000 1 36 45 6.8 -0.375
100000 1 36 45 6.8 -0.075
100000 1 36 45 6.8 -0.225
100000 1 36 45 6.8 0.375
100000 1 36 45 7.6 10
100000 1 36 45 7.6 -0.375
100000 1 36 45 7.6 -0.075
100000 1 36 45 7.6 -0.225
100000 1 36 45 7.6 0.375
100000 1 36 45 7.2 10
100000 1 36 45 7.2 -0.375
100000 1 36 45 7.2 -0.075
100000 1 36 45 7.2 -0.225
100000 1 36 45 7.2 0.375
100000 1 36 45 8.8 10
100000 1 36 45 8.8 -0.375
100000 1 36 45 8.8 -0.075
100000 1 36 45 8.8 -0.225
100000 1 36 45 8.8 0.375
100000 1 36 45 8 10
100000 1 36 45 8 -0.375
100000 1 36 45 8 -0.075
100000 1 36 45 8 -0.225
100000 1 36 45 8 0.375
100000 1 36 45 6.4 10
100000 1 36 45 6.4 -0.375
100000 1 36 45 6.4 -0.075
100000 1 36 45 6.4 -0.225
100000 1 36 45 6.4 0.375
100000 1 36 45 4.8 10
100000 1 36 45 4.8 -0.375
100000 1 36 45 4.8 -0.075
100000 1 36 45 4.8 -0.225
100000 1 36 45 4.8 0.375
100000 1 36 45 3.2 10
100000 1 36 45 3.2 -0.375
100000 1 36 45 3.2 -0.075
100000 1 36 45 3.2 -0.225
100000 1 36 45 3.2 0.375
100000 1 36 45 1.6 10
100000 1 36 45 1.6 -0.375
100000 1 36 45 1.6 -0.075
100000 1 36 45 1.6 -0.225
100000 1 36 45 1.6 0.375
100000 1 36 45 0 10
100000 1 36 45 0 -0.45
100000 1 36 45 0 -0.15
100000 1 36 45 0 -0.3
100000 1 36 45 0 0.3
100000 1 36 35 -10 10
100000 1 36 35 -10 -0.375
100000 1 36 35 -10 -0.075
100000 1 36 35 -10 -0.225
100000 1 36 35 -10 0.375
100000 1 36 35 6.8 10
100000 1 36 35 6.8 -0.375
100000 1 36 35 6.8 -0.075
100000 1 36 35 6.8 -0.225
100000 1 36 35 6.8 0.375
100000 1 36 35 7.6 10
100000 1 36 35 7.6 -0.375
100000 1 36 35 7.6 -0.075
100000 1 36 35 7.6 -0.225
100000 1 36 35 7.6 0.375
100000 1 36 35 7.2 10
100000 1 36 35 7.2 -0.375
100000 1 36 35 7.2 -0.075
100000 1 36 35 7.2 -0.225
100000 1 36 35 7.2 0.375
100000 1 36 35 8.8 10
100000 1 36 35 8.8 -0.375
100000 1 36 35 8.8 -0.075
100000 1 36 35 8.8 -0.225
100000 1 36 35 8.8 0.375
100000 1 36 35 8 10
100000 1 36 35 8 -0.375
100000 1 36 35 8 -0.075
100000 1 36 35 8 -0.225
100000 1 36 35 8 0.375
100000 1 36 35 6.4 10
100000 1 36 35 6.4 -0.375
100000 1 36 35 6.4 -0.075
100000 1 36 35 6.4 -0.225
100000 1 36 35 6.4 0.375
100000 1 36 35 4.8 10
100000 1 36 35 4.8 -0.375
100000 1 36 35 4.8 -0.075
100000 1 36 35 4.8 -0.225
100000 1 36 35 4.8 0.375
100000 1 36 35 3.2 10
100000 1 36 35 3.2 -0.375
100000 1 36 35 3.2 -0.075
100000 1 36 35 3.2 -0.225
100000 1 36 35 3.2 0.375
100000 1 36 35 1.6 10
100000 1 36 35 1.6 -0.375
100000 1 36 35 1.6 -0.075
100000 1 36 35 1.6 -0.225
100000 1 36 35 1.6 0.375
100000 1 36 35 0 10
100000 1 36 35 0 -0.45
100000 1 36 35 0 -0.15
100000 1 36 35 0 -0.3
100000 1 36 35 0 0.3
100000 1 36 25 -10 10
100000 1 36 25 -10 -0.375
100000 1 36 25 -10 -0.075
100000 1 36 25 -10 -0.225
100000 1 36 25 -10 0.375
100000 1 36 25 6.8 10
100000 1 36 25 6.8 -0.375
100000 1 36 25 6.8 -0.075
100000 1 36 25 6.8 -0.225
100000 1 36 25 6.8 0.375
100000 1 36 25 7.6 10
100000 1 36 25 7.6 -0.375
100000 1 36 25 7.6 -0.075
100000 1 36 25 7.6 -0.225
100000 1 36 25 7.6 0.375
100000 1 36 25 7.2 10
100000 1 36 25 7.2 -0.375
100000 1 36 25 7.2 -0.075
100000 1 36 25 7.2 -0.225
100000 1 36 25 7.2 0.375
100000 1 36 25 8.8 10
100000 1 36 25 8.8 -0.375
100000 1 36 25 8.8 -0.075
100000 1 36 25 8.8 -0.225
100000 1 36 25 8.8 0.375
100000 1 36 25 8 10
100000 1 36 25 8 -0.375
100000 1 36 25 8 -0.075
100000 1 36 25 8 -0.225
100000 1 36 25 8 0.375
100000 1 36 25 6.4 10
100000 1 36 25 6.4 -0.375
100000 1 36 25 6.4 -0.075
100000 1 36 25 6.4 -0.225
100000 1 36 25 6.4 0.375
100000 1 36 25 4.8 10
100000 1 36 25 4.8 -0.375
100000 1 36 25 4.8 -0.075
100000 1 36 25 4.8 -0.225
100000 1 36 25 4.8 0.375
100000 1 36 25 3.2 10
100000 1 36 25 3.2 -0.375
100000 1 36 25 3.2 -0.075
100000 1 36 25 3.2 -0.225
100000 1 36 25 3.2 0.375
100000 1 36 25 1.6 10
100000 1 36 25 1.6 -0.375
100000 1 36 25 1.6 -0.075
100000 1 36 25 1.6 -0.225
100000 1 36 25 1.6 0.375
100000 1 36 25 0 10
100000 1 36 25 0 -0.45
100000 1 36 25 0 -0.15
100000 1 36 25 0 -0.3
100000 1 36 25 0 0.3
100000 1 36 15 -10 10
100000 1 36 15 -10 -0.375
100000 1 36 15 -10 -0.075
100000 1 36 15 -10 -0.225
100000 1 36 15 -10 0.375
100000 1 36 15 6.8 10
100000 1 36 15 6.8 -0.375
100000 1 36 15 6.8 -0.075
100000 1 36 15 6.8 -0.225
100000 1 36 15 6.8 0.375
100000 1 36 15 7.6 10
100000 1 36 15 7.6 -0.375
100000 1 36 15 7.6 -0.075
100000 1 36 15 7.6 -0.225
100000 1 36 15 7.6 0.375
100000 1 36 15 7.2 10
100000 1 36 15 7.2 -0.375
100000 1 36 15 7.2 -0.075
100000 1 36 15 7.2 -0.225
100000 1 36 15 7.2 0.375
100000 1 36 15 8.8 10
100000 1 36 15 8.8 -0.375
100000 1 36 15 8.8 -0.075
100000 1 36 15 8.8 -0.225
100000 1 36 15 8.8 0.375
100000 1 36 15 8 10
100000 1 36 15 8 -0.375
100000 1 36 15 8 -0.075
100000 1 36 15 8 -0.225
100000 1 36 15 8 0.375
100000 1 36 15 6.4 10
100000 1 36 15 6.4 -0.375
100000 1 36 15 6.4 -0.075
100000 1 36 15 6.4 -0.225
100000 1 36 15 6.4 0.375
100000 1 36 15 4.8 10
100000 1 36 15 4.8 -0.375
100000 1 36 15 4.8 -0.075
100000 1 36 15 4.8 -0.225
100000 1 36 15 4.8 0.375
100000 1 36 15 3.2 10
100000 1 36 15 3.2 -0.375
100000 1 36 15 3.2 -0.075
100000 1 36 15 3.2 -0.225
100000 1 36 15 3.2 0.375
100000 1 36 15 1.6 10
100000 1 36 15 1.6 -0.375
100000 1 36 15 1.6 -0.075
100000 1 36 15 1.6 -0.225
100000 1 36 15 1.6 0.375
100000 1 36 15 0 10
100000 1 36 15 0 -0.45
100000 1 36 15 0 -0.15
100000 1 36 15 0 -0.3
100000 1 36 15 0 0.3
100000 1 36 5 -10 10
100000 1 36 5 -10 -0.375
100000 1 36 5 -10 -0.075
100000 1 36 5 -10 -0.225
100000 1 36 5 -10 0.375
100000 1 36 5 6.8 10
100000 1 36 5 6.8 -0.375
100000 1 36 5 6.8 -0.075
100000 1 36 5 6.8 -0.225
100000 1 36 5 6.8 0.375
100000 1 36 5 7.6 10
100000 1 36 5 7.6 -0.375
100000 1 36 5 7.6 -0.075
100000 1 36 5 7.6 -0.225
100000 1 36 5 7.6 0.375
100000 1 36 5 7.2 10
100000 1 36 5 7.2 -0.375
100000 1 36 5 7.2 -0.075
100000 1 36 5 7.2 -0.225
100000 1 36 5 7.2 0.375
100000 1 36 5 8.8 10
100000 1 36 5 8.8 -0.375
100000 1 36 5 8.8 -0.075
100000 1 36 5 8.8 -0.225
100000 1 36 5 8.8 0.375
100000 1 36 5 8 10
100000 1 36 5 8 -0.375
100000 1 36 5 8 -0.075
100000 1 36 5 8 -0.225
100000 1 36 5 8 0.375
100000 1 36 5 6.4 10
100000 1 36 5 6.4 -0.375
100000 1 36 5 6.4 -0.075
100000 1 36 5 6.4 -0.225
100000 1 36 5 6.4 0.375
100000 1 36 5 4.8 10
100000 1 36 5 4.8 -0.375
100000 1 36 5 4.8 -0.075
100000 1 36 5 4.8 -0.225
100000 1 36 5 4.8 0.375
100000 1 36 5 3.2 10
100000 1 36 5 3.2 -0.375
100000 1 36 5 3.2 -0.075
100000 1 36 5 3.2 -0.225
100000 1 36 5 3.2 0.375
100000 1 36 5 1.6 10
100000 1 36 5 1.6 -0.375
100000 1 36 5 1.6 -0.075
100000 1 36 5 1.6 -0.225
100000 1 36 5 1.6 0.375
100000 1 36 5 0 10
100000 1 36 5 0 -0.45
100000 1 36 5 0 -0.15
100000 1 36 5 0 -0.3
100000 1 36 5 0 0.3
100000 1 90 100 -10 10
100000 1 90 100 -10 -0.375
100000 1 90 100 -10 -0.075
100000 1 90 100 -10 -0.225
100000 1 90 100 -10 0.375
100000 1 90 100 6.8 10
100000 1 90 100 6.8 -0.375
100000 1 90 100 6.8 -0.075
100000 1 90 100 6.8 -0.225
100000 1 90 100 6.8 0.375
100000 1 90 100 7.6 10
100000 1 90 100 7.6 -0.375
100000 1 90 100 7.6 -0.075
100000 1 90 100 7.6 -0.225
100000 1 90 100 7.6 0.375
100000 1 90 100 7.2 10
100000 1 90 100 7.2 -0.375
100000 1 90 100 7.2 -0.075
100000 1 90 100 7.2 -0.225
100000 1 90 100 7.2 0.375
100000 1 90 100 8.8 10
100000 1 90 100 8.8 -0.375
100000 1 90 100 8.8 -0.075
100000 1 90 100 8.8 -0.225
100000 1 90 100 8.8 0.375
100000 1 90 100 8 10
100000 1 90 100 8 -0.375
100000 1 90 100 8 -0.075
100000 1 90 100 8 -0.225
100000 1 90 100 8 0.375
100000 1 90 100 6.4 10
100000 1 90 100 6.4 -0.375
100000 1 90 100 6.4 -0.075
100000 1 90 100 6.4 -0.225
100000 1 90 100 6.4 0.375
100000 1 90 100 4.8 10
100000 1 90 100 4.8 -0.375
100000 1 90 100 4.8 -0.075
100000 1 90 100 4.8 -0.225
100000 1 90 100 4.8 0.375
100000 1 90 100 3.2 10
100000 1 90 100 3.2 -0.375
100000 1 90 100 3.2 -0.075
100000 1 90 100 3.2 -0.225
100000 1 90 100 3.2 0.375
100000 1 90 100 1.6 10
100000 1 90 100 1.6 -0.375
100000 1 90 100 1.6 -0.075
100000 1 90 100 1.6 -0.225
100000 1 90 100 1.6 0.375
100000 1 90 100 0 10
100000 1 90 100 0 -0.45
100000 1 90 100 0 -0.15
100000 1 90 100 0 -0.3
100000 1 90 100 0 0.3
100000 1 90 47.5 -10 10
100000 1 90 47.5 -10 -0.375
100000 1 90 47.5 -10 -0.075
100000 1 90 47.5 -10 -0.225
100000 1 90 47.5 -10 0.375
100000 1 90 47.5 6.8 10
100000 1 90 47.5 6.8 -0.375
100000 1 90 47.5 6.8 -0.075
100000 1 90 47.5 6.8 -0.225
100000 1 90 47.5 6.8 0.375
100000 1 90 47.5 7.6 10
100000 1 90 47.5 7.6 -0.375
100000 1 90 47.5 7.6 -0.075
100000 1 90 47.5 7.6 -0.225
100000 1 90 47.5 7.6 0.375
100000 1 90 47.5 7.2 10
100000 1 90 47.5 7.2 -0.375
100000 1 90 47.5 7.2 -0.075
100000 1 90 47.5 7.2 -0.225
100000 1 90 47.5 7.2 0.375
100000 1 90 47.5 8.8 10
100000 1 90 47.5 8.8 -0.375
100000 1 90 47.5 8.8 -0.075
100000 1 90 47.5 8.8 -0.225
100000 1 90 47.5 8.8 0.375
100000 1 90 47.5 8 10
100000 1 90 47.5 8 -0.375
100000 1 90 47.5 8 -0.075
100000 1 90 47.5 8 -0.225
100000 1 90 47.5 8 0.375
100000 1 90 47.5 6.4 10
100000 1 90 47.5 6.4 -0.375
100000 1 90 47.5 6.4 -0.075
100000 1 90 47.5 6.4 -0.225
100000 1 90 47.5 6.4 0.375
100000 1 90 47.5 4.8 10
100000 1 90 47.5 4.8 -0.375
100000 1 90 47.5 4.8 -0.075
100000 1 90 47.5 4.8 -0.225
100000 1 90 47.5 4.8 0.375
100000 1 90 47.5 3.2 10
100000 1 90 47.5 3.2 -0.375
100000 1 90 47.5 3.2 -0.075
100000 1 90 47.5 3.2 -0.225
100000 1 90 47.5 3.2 0.375
100000 1 90 47.5 1.6 10
100000 1 90 47.5 1.6 -0.375
100000 1 90 47.5 1.6 -0.075
100000 1 90 47.5 1.6 -0.225
100000 1 90 47.5 1.6 0.375
100000 1 90 47.5 0 10
100000 1 90 47.5 0 -0.45
100000 1 90 47.5 0 -0.15
100000 1 90 47.5 0 -0.3
100000 1 90 47.5 0 0.3
100000 1 90 52.5 -10 10
100000 1 90 52.5 -10 -0.375
100000 1 90 52.5 -10 -0.075
100000 1 90 52.5 -10 -0.225
100000 1 90 52.5 -10 0.375
100000 1 90 52.5 6.8 10
100000 1 90 52.5 6.8 -0.375
100000 1 90 52.5 6.8 -0.075
100000 1 90 52.5 6.8 -0.225
100000 1 90 52.5 6.8 0.375
100000 1 90 52.5 7.6 10
100000 1 90 52.5 7.6 -0.375
100000 1 90 52.5 7.6 -0.075
100000 1 90 52.5 7.6 -0.225
100000 1 90 52.5 7.6 0.375
100000 1 90 52.5 7.2 10
100000 1 90 52.5 7.2 -0.375
100000 1 90 52.5 7.2 -0.075
100000 1 90 52.5 7.2 -0.225
100000 1 90 52.5 7.2 0.375
100000 1 90 52.5 8.8 10
100000 1 90 52.5 8.8 -0.375
100000 1 90 52.5 8.8 -0.075
100000 1 90 52.5 8.8 -0.225
100000 1 90 52.5 8.8 0.375
100000 1 90 52.5 8 10
100000 1 90 52.5 8 -0.375
100000 1 90 52.5 8 -0.075
100000 1 90 52.5 8 -0.225
100000 1 90 52.5 8 0.375
100000 1 90 52.5 6.4 10
100000 1 90 52.5 6.4 -0.375
100000 1 90 52.5 6.4 -0.075
100000 1 90 52.5 6.4 -0.225
100000 1 90 52.5 6.4 0.375
100000 1 90 52.5 4.8 10
100000 1 90 52.5 4.8 -0.375
100000 1 90 52.5 4.8 -0.075
100000 1 90 52.5 4.8 -0.225
100000 1 90 52.5 4.8 0.375
100000 1 90 52.5 3.2 10
100000 1 90 52.5 3.2 -0.375
100000 1 90 52.5 3.2 -0.075
100000 1 90 52.5 3.2 -0.225
100000 1 90 52.5 3.2 0.375
100000 1 90 52.5 1.6 10
100000 1 90 52.5 1.6 -0.375
100000 1 90 52.5 1.6 -0.075
100000 1 90 52.5 1.6 -0.225
100000 1 90 52.5 1.6 0.375
100000 1 90 52.5 0 10
100000 1 90 52.5 0 -0.45
100000 1 90 52.5 0 -0.15
100000 1 90 52.5 0 -0.3
100000 1 90 52.5 0 0.3
100000 1 90 50 -10 10
100000 1 90 50 -10 -0.375
100000 1 90 50 -10 -0.075
100000 1 90 50 -10 -0.225
100000 1 90 50 -10 0.375
100000 1 90 50 6.8 10
100000 1 90 50 6.8 -0.375
100000 1 90 50 6.8 -0.075
100000 1 90 50 6.8 -0.225
100000 1 90 50 6.8 0.375
100000 1 90 50 7.6 10
100000 1 90 50 7.6 -0.375
100000 1 90 50 7.6 -0.075
100000 1 90 50 7.6 -0.225
100000 1 90 50 7.6 0.375
100000 1 90 50 7.2 10
100000 1 90 50 7.2 -0.375
100000 1 90 50 7.2 -0.075
100000 1 90 50 7.2 -0.225
100000 1 90 50 7.2 0.375
100000 1 90 50 8.8 10
100000 1 90 50 8.8 -0.375
100000 1 90 50 8.8 -0.075
100000 1 90 50 8.8 -0.225
100000 1 90 50 8.8 0.375
100000 1 90 50 8 10
100000 1 90 50 8 -0.375
100000 1 90 50 8 -0.075
100000 1 90 50 8 -0.225
100000 1 90 50 8 0.375
100000 1 90 50 6.4 10
100000 1 90 50 6.4 -0.375
100000 1 90 50 6.4 -0.075
100000 1 90 50 6.4 -0.225
100000 1 90 50 6.4 0.375
100000 1 90 50 4.8 10
100000 1 90 50 4.8 -0.375
100000 1 90 50 4.8 -0.075
100000 1 90 50 4.8 -0.225
100000 1 90 50 4.8 0.375
100000 1 90 50 3.2 10
100000 1 90 50 3.2 -0.375
100000 1 90 50 3.2 -0.075
100000 1 90 50 3.2 -0.225
100000 1 90 50 3.2 0.375
100000 1 90 50 1.6 10
100000 1 90 50 1.6 -0.375
100000 1 90 50 1.6 -0.075
100000 1 90 50 1.6 -0.225
100000 1 90 50 1.6 0.375
100000 1 90 50 0 10
100000 1 90 50 0 -0.45
100000 1 90 50 0 -0.15
100000 1 90 50 0 -0.3
100000 1 90 50 0 0.3
100000 1 90 60 -10 10
100000 1 90 60 -10 -0.375
100000 1 90 60 -10 -0.075
100000 1 90 60 -10 -0.225
100000 1 90 60 -10 0.375
100000 1 90 60 6.8 10
100000 1 90 60 6.8 -0.375
100000 1 90 60 6.8 -0.075
100000 1 90 60 6.8 -0.225
100000 1 90 60 6.8 0.375
100000 1 90 60 7.6 10
100000 1 90 60 7.6 -0.375
100000 1 90 60 7.6 -0.075
100000 1 90 60 7.6 -0.225
100000 1 90 60 7.6 0.375
100000 1 90 60 7.2 10
100000 1 90 60 7.2 -0.375
100000 1 90 60 7.2 -0.075
100000 1 90 60 7.2 -0.225
100000 1 90 60 7.2 0.375
100000 1 90 60 8.8 10
100000 1 90 60 8.8 -0.375
100000 1 90 60 8.8 -0.075
100000 1 90 60 8.8 -0.225
100000 1 90 60 8.8 0.375
100000 1 90 60 8 10
100000 1 90 60 8 -0.375
100000 1 90 60 8 -0.075
100000 1 90 60 8 -0.225
100000 1 90 60 8 0.375
100000 1 90 60 6.4 10
100000 1 90 60 6.4 -0.375
100000 1 90 60 6.4 -0.075
100000 1 90 60 6.4 -0.225
100000 1 90 60 6.4 0.375
100000 1 90 60 4.8 10
100000 1 90 60 4.8 -0.375
100000 1 90 60 4.8 -0.075
100000 1 90 60 4.8 -0.225
100000 1 90 60 4.8 0.375
100000 1 90 60 3.2 10
100000 1 90 60 3.2 -0.375
100000 1 90 60 3.2 -0.075
100000 1 90 60 3.2 -0.225
100000 1 90 60 3.2 0.375
100000 1 90 60 1.6 10
100000 1 90 60 1.6 -0.375
100000 1 90 60 1.6 -0.075
100000 1 90 60 1.6 -0.225
100000 1 90 60 1.6 0.375
100000 1 90 60 0 10
100000 1 90 60 0 -0.45
100000 1 90 60 0 -0.15
100000 1 90 60 0 -0.3
100000 1 90 60 0 0.3
100000 1 90 55 -10 10
100000 1 90 55 -10 -0.375
100000 1 90 55 -10 -0.075
100000 1 90 55 -10 -0.225
100000 1 90 55 -10 0.375
100000 1 90 55 6.8 10
100000 1 90 55 6.8 -0.375
100000 1 90 55 6.8 -0.075
100000 1 90 55 6.8 -0.225
100000 1 90 55 6.8 0.375
100000 1 90 55 7.6 10
100000 1 90 55 7.6 -0.375
100000 1 90 55 7.6 -0.075
100000 1 90 55 7.6 -0.225
100000 1 90 55 7.6 0.375
100000 1 90 55 7.2 10
100000 1 90 55 7.2 -0.375
100000 1 90 55 7.2 -0.075
100000 1 90 55 7.2 -0.225
100000 1 90 55 7.2 0.375
100000 1 90 55 8.8 10
100000 1 90 55 8.8 -0.375
100000 1 90 55 8.8 -0.075
100000 1 90 55 8.8 -0.225
100000 1 90 55 8.8 0.375
100000 1 90 55 8 10
100000 1 90 55 8 -0.375
0
304577 0 35 -1.2 -0.375