1360327 1.24181 24 77.5 1 0.75
1204153 1.30382 24 77.5 1 0.9
1197511 1.36149 24 77.5 1 1.05
982899 1.18144 24 75 1 0.75
972536 1.30745 24 80 10 0.9
965935 1.20722 24 77.5 1 0.6
940104 1.4105 24 77.5 -0.2 0.75
927357 1.19557 24 77.5 10 0.75
914928 1.52214 24 77.5 -0.2 0.9
909414 1.25687 18 70 1 0.75
883200 1.32639 24 80 10 1.05
881161 1.3072 24 80 1 0.75
852050 1.22305 24 75 1 0.9
848825 1.65089 24 77.5 -0.2 1.05
847346 1.26411 24 75 1 1.05
846530 1.51477 24 77.5 -0.6 0.75
840109 1.13943 48 75 1 0.75
840109 1.13943 100 75 1 0.75
840109 1.13943 60 75 1 0.75
840109 1.13943 36 75 1 0.75
839667 1.43221 24 80 -0.2 0.6
829177 1.42972 24 80 1 0.9
824596 1.55762 24 80 1 1.05
824181 1.32445 24 77.5 -0.2 0.6
817241 1.2385 24 80 10 0.75
812012 1.13707 48 77.5 1 0.75
812012 1.13707 100 77.5 1 0.75
812012 1.13707 60 77.5 1 0.75
812012 1.13707 36 77.5 1 0.75
811967 1.2574 24 77.5 10 1.05
800380 1.48725 24 77.5 1 1.2
795786 1.39219 24 77.5 -0.6 0.6
795065 1.37566 18 70 1 0.9
790697 1.48642 18 70 1 1.05
787562 1.38336 18 70 1.4 0.9
787294 1.7721 24 77.5 -0.6 1.05
787294 1.7721 24 77.5 -0.6 0.9
786497 1.75229 24 80 -0.2 0.9
774611 1.54154 24 80 -0.2 0.75
771766 1.52243 24 80 -0.6 0.45
771766 1.52243 24 80 -0.6 0.6
759121 1.43207 18 70 1.4 1.05
755614 1.42702 24 77.5 -1 0.15
755614 1.42702 24 77.5 -1 -10
755614 1.42702 24 77.5 -1 0.45
755614 1.42702 24 77.5 -1 0
755614 1.42702 24 77.5 -1 0.6
755614 1.42702 24 77.5 -1 0.3
752686 1.54115 18 70 0.6 0.9
751739 1.42047 18 65 1 1.05
751739 1.42047 18 0 1 1.05
751739 1.42047 18 55 1 1.05
747004 1.23289 18 70 1.4 0.75
742988 1.48987 24 0 1 1.35
742988 1.48987 24 45 0.8 1.35
742988 1.48987 24 55 1 1.35
742988 1.48987 24 65 1 1.35
738739 1.25191 24 80 1 0.6
736078 1.21752 24 77.5 10 0.9
732080 1.5592 24 80 10 1.2
729648 1.91379 24 80 -0.2 1.05
728272 1.16605 100 75 1 0.9
728272 1.16605 60 75 1 0.9
728272 1.16605 48 75 1 0.9
728272 1.16605 36 75 1 0.9
724251 1.19246 36 75 1 1.05
724251 1.19246 60 75 1 1.05
724251 1.19246 100 75 1 1.05
724251 1.19246 48 75 1 1.05
722695 1.57549 24 80 -1 0.6
722695 1.57549 24 80 -1 0.45
722695 1.57549 24 80 -1 0.3
722695 1.57549 24 80 -1 0
722695 1.57549 24 80 -1 0.15
722695 1.57549 24 80 -1 -10
721724 1.37948 18 0 1.4 1.05
718795 1.16473 100 77.5 1 0.9
718795 1.16473 36 77.5 1 0.9
718795 1.16473 48 77.5 1 0.9
718795 1.16473 60 77.5 1 0.9
714828 1.19091 48 77.5 1 1.05
714828 1.19091 36 77.5 1 1.05
714828 1.19091 100 77.5 1 1.05
714828 1.19091 60 77.5 1 1.05
709971 1.52343 18 45 0.8 1.05
706526 1.15098 24 75 1 0.6
701640 1.22567 18 77.5 10 0.75
699878 1.29573 24 45 -1.2 0.6
693597 1.62697 18 70 0.6 1.05
690888 1.2166 18 75 10 0.75
690291 1.74032 24 80 1 1.2
685140 1.19778 24 80 10 0.6
684721 1.12405 24 70 1 0.75
684311 1.16602 18 65 1 0.75
684083 1.18762 48 75 -0.2 0.75
684083 1.18762 36 75 -0.2 0.75
684083 1.18762 60 75 -0.2 0.75
684083 1.18762 100 75 -0.2 0.75
683906 1.16114 100 80 10 0.9
683906 1.16114 60 80 10 0.9
683906 1.16114 48 80 10 0.9
683906 1.16114 36 80 10 0.9
683788 1.33003 24 75 1 1.2
681028 1.14211 24 75 10 0.75
680879 1.18705 48 77.5 -0.2 0.75
680879 1.18705 100 77.5 -0.2 0.75
680879 1.18705 36 77.5 -0.2 0.75
680879 1.18705 60 77.5 -0.2 0.75
676180 1.92215 24 77.5 -1 0.9
671867 1.16462 18 0 1 0.75
671867 1.16462 18 55 1 0.75
671544 1.18874 48 80 -0.2 0.6
671544 1.18874 36 80 -0.2 0.6
671544 1.18874 100 80 -0.2 0.6
671544 1.18874 60 80 -0.2 0.6
668498 1.27602 24 82.5 10 0.3
668498 1.27602 24 82.5 10 0
668498 1.27602 24 82.5 10 -0.3
668498 1.27602 24 82.5 10 -0.15
668498 1.27602 24 82.5 10 -0.45
668498 1.27602 24 82.5 10 -10
666967 1.16719 24 77.5 10 0.6
666847 1.33677 24 77.5 -0.6 0.3
665802 1.22235 100 75 -0.2 0.9
665802 1.22235 60 75 -0.2 0.9
665802 1.22235 48 75 -0.2 0.9
665802 1.22235 36 75 -0.2 0.9
665197 1.37353 18 70 0.6 0.75
665189 1.26303 24 45 -1.2 0.45
664265 1.21896 24 45 -1.2 0.3
662693 1.22166 36 77.5 -0.2 0.9
662693 1.22166 60 77.5 -0.2 0.9
662693 1.22166 48 77.5 -0.2 0.9
662693 1.22166 100 77.5 -0.2 0.9
662374 1.36813 24 82.5 1 -10
662374 1.36813 24 82.5 1 0.3
662374 1.36813 24 82.5 1 -0.45
662374 1.36813 24 82.5 1 0
662374 1.36813 24 82.5 1 -0.3
662374 1.36813 24 82.5 1 -0.15
659608 1.29253 24 75 -0.2 0.75
659400 1.51135 18 0 0.6 1.05
655222 1.65431 18 70 1.4 1.2
655222 1.65431 18 0 1.4 1.2
648304 1.27471 18 80 10 0.75
646718 1.44638 24 80 -0.6 0.3
646718 1.44638 24 80 -0.6 0
646718 1.44638 24 80 -0.6 -10
646718 1.44638 24 80 -0.6 0.15
645600 1.17674 60 0 -0.6 0.75
645600 1.17674 100 55 -0.6 0.75
645600 1.17674 48 55 -0.6 0.75
645600 1.17674 48 0 -0.6 0.75
645600 1.17674 100 0 -0.6 0.75
645600 1.17674 48 65 -0.6 0.75
645600 1.17674 60 65 -0.6 0.75
645600 1.17674 100 65 -0.6 0.75
645600 1.17674 60 55 -0.6 0.75
644204 1.30356 24 77.5 -0.6 -10
644204 1.30356 24 77.5 -0.6 0
641945 1.37047 24 75 -0.2 0.9
640966 1.22978 18 75 1 0.6
640877 1.17649 18 70 10 0.75
638935 1.19658 60 75 -0.6 0.75
638935 1.19658 48 75 -0.6 0.75
638935 1.19658 100 75 -0.6 0.75
636199 1.17194 24 80 10 -10
636199 1.17194 24 80 10 0
634760 1.6318 18 65 1 1.2
634760 1.6318 18 55 1 1.2
634760 1.6318 18 70 1 1.2
634760 1.6318 18 0 1 1.2
633961 1.19729 36 0 -0.6 0.75
633961 1.19729 36 65 -0.6 0.75
633961 1.19729 36 55 -0.6 0.75
633714 1.36429 24 82.5 1.4 -10
633714 1.36429 24 82.5 1.4 0.3
633714 1.36429 24 82.5 1.4 -0.3
633714 1.36429 24 82.5 1.4 -0.15
633714 1.36429 24 82.5 1.4 -0.45
633714 1.36429 24 82.5 1.4 0
631308 1.18173 60 80 -0.6 0.6
631308 1.18173 100 80 -0.6 0.6
631308 1.18173 48 80 -0.6 0.6
629738 1.22838 18 77.5 1 0.6
629037 1.26849 100 80 -0.2 0.9
629037 1.26849 36 80 -0.2 0.9
629037 1.26849 48 80 -0.2 0.9
629037 1.26849 60 80 -0.2 0.9
628179 1.15223 18 70 1 0.6
627437 1.23346 36 75 -0.6 0.75
625074 1.26611 18 75 1 0.75
625014 1.18877 100 45 -0.8 0.75
625014 1.18877 60 45 -0.8 0.75
625014 1.18877 48 45 -0.8 0.75
624510 1.15884 100 65 -0.2 0.75
624510 1.15884 60 65 -0.2 0.75
624510 1.15884 36 65 -0.2 0.75
624510 1.15884 48 65 -0.2 0.75
622602 1.20561 18 70 10 0.9
621706 1.26562 18 77.5 1 0.75
621213 1.33285 9 65 -0.6 -0.3
621213 1.33285 9 65 -0.6 -10
621213 1.33285 9 65 -0.6 -0.45
621213 1.33285 9 65 -0.6 -0.15
621066 1.16621 36 80 10 1.05
621066 1.16621 48 80 10 1.05
621066 1.16621 100 80 10 1.05
621066 1.16621 60 80 10 1.05
619948 1.21279 36 80 -0.6 0.6
619629 1.14791 36 80 1 0.75
619629 1.14791 48 80 1 0.75
619629 1.14791 60 80 1 0.75
619629 1.14791 100 80 1 0.75
619526 1.21657 48 80 -0.2 0.75
619526 1.21657 100 80 -0.2 0.75
619526 1.21657 36 80 -0.2 0.75
619526 1.21657 60 80 -0.2 0.75
619354 1.29376 24 82.5 10 0.6
618689 1.35446 18 80 10 0.9
617658 1.24393 100 75 -0.2 1.05
617658 1.24393 60 75 -0.2 1.05
617658 1.24393 36 75 -0.2 1.05
617658 1.24393 48 75 -0.2 1.05
617088 1.88648 24 45 -1.2 0.9
616412 1.18596 24 75 10 1.05
614782 1.24317 36 77.5 -0.2 1.05
614782 1.24317 48 77.5 -0.2 1.05
614782 1.24317 100 77.5 -0.2 1.05
614782 1.24317 60 77.5 -0.2 1.05
613658 1.39686 24 82.5 1 0.6
611772 1.95901 24 82.5 -0.6 -0.3
611772 1.95901 24 82.5 -0.6 -10
611772 1.95901 24 82.5 -0.6 -0.15
611772 1.95901 24 82.5 -0.6 -0.45
611772 1.95901 24 82.5 -0.6 0.3
611772 1.95901 24 82.5 -0.6 0
610416 1.21078 18 0 1.4 0.9
609634 1.2112 36 45 -0.8 0.75
609633 1.14741 24 70 1 0.9
607647 1.21096 100 45 -0.8 0.9
607647 1.21096 48 45 -0.8 0.9
607647 1.21096 60 45 -0.8 0.9
607647 1.21096 100 45 -0.8 1.05
607647 1.21096 60 45 -0.8 1.05
607647 1.21096 48 45 -0.8 1.05
606878 1.14745 100 65 -0.6 0.6
606878 1.14745 60 65 -0.6 0.6
606878 1.14745 48 65 -0.6 0.6
606460 1.21034 100 55 -0.2 1.05
606460 1.21034 48 55 -0.2 1.05
606460 1.21034 36 55 -0.2 1.05
606460 1.21034 60 55 -0.2 1.05
606460 1.21034 100 65 -0.2 1.05
606460 1.21034 36 0 -0.2 1.05
606460 1.21034 48 65 -0.2 1.05
606460 1.21034 100 0 -0.2 1.05
606460 1.21034 48 0 -0.2 1.05
606460 1.21034 36 65 -0.2 1.05
606460 1.21034 60 65 -0.2 1.05
606460 1.21034 60 0 -0.2 1.05
606258 1.17065 24 70 1 1.05
605063 1.51645 18 75 -0.2 0.6
605063 1.51645 18 77.5 -0.2 0.6
603904 1.11277 100 75 1 0.6
603904 1.11277 36 75 1 0.6
603904 1.11277 48 75 1 0.6
603904 1.11277 60 75 1 0.6
602261 1.21015 48 65 -0.6 1.05
602261 1.21015 100 65 -0.6 0.9
602261 1.21015 100 65 -0.6 1.05
602261 1.21015 100 0 -0.6 1.05
602261 1.21015 48 65 -0.6 0.9
602261 1.21015 60 65 -0.6 0.9
602261 1.21015 100 55 -0.6 1.05
602261 1.21015 100 0 -0.6 0.9
602261 1.21015 60 55 -0.6 0.9
602261 1.21015 48 55 -0.6 0.9
602261 1.21015 48 55 -0.6 1.05
602261 1.21015 60 0 -0.6 1.05
602261 1.21015 60 0 -0.6 0.9
602261 1.21015 60 65 -0.6 1.05
602261 1.21015 48 0 -0.6 0.9
602261 1.21015 60 55 -0.6 1.05
602261 1.21015 100 55 -0.6 0.9
602261 1.21015 48 0 -0.6 1.05
600611 1.16198 100 75 -0.6 0.6
600611 1.16198 60 75 -0.6 0.6
600611 1.16198 48 75 -0.6 0.6
599714 1.15186 36 75 -0.2 0.6
599714 1.15186 100 75 -0.2 0.6
599714 1.15186 48 75 -0.2 0.6
599714 1.15186 60 75 -0.2 0.6
596909 1.15137 60 77.5 -0.2 0.6
596909 1.15137 48 77.5 -0.2 0.6
596909 1.15137 36 77.5 -0.2 0.6
596909 1.15137 100 77.5 -0.2 0.6
596582 1.21175 48 82.5 -0.2 -0.3
596582 1.21175 100 82.5 -0.2 0.3
596582 1.21175 100 82.5 -0.2 0
596582 1.21175 100 82.5 -0.2 -0.3
596582 1.21175 48 82.5 -0.2 -10
596582 1.21175 100 82.5 -0.2 -0.15
596582 1.21175 48 82.5 -0.2 -0.15
596582 1.21175 48 82.5 -0.2 -0.45
596582 1.21175 60 82.5 -0.2 -10
596582 1.21175 60 82.5 -0.2 -0.45
596582 1.21175 60 82.5 -0.2 -0.15
596582 1.21175 48 82.5 -0.2 0
596582 1.21175 60 82.5 -0.2 -0.3
596582 1.21175 60 82.5 -0.2 0.3
596582 1.21175 48 82.5 -0.2 0.3
596582 1.21175 100 82.5 -0.2 -10
596582 1.21175 60 82.5 -0.2 0
596582 1.21175 100 82.5 -0.2 -0.45
595936 1.16258 36 65 -0.6 0.6
595571 1.45052 24 75 -0.2 1.05
594969 1.18281 60 65 -0.2 0.9
594969 1.18281 48 65 -0.2 0.9
594969 1.18281 100 65 -0.2 0.9
594969 1.18281 36 65 -0.2 0.9
594207 1.23769 100 75 -0.6 0.9
594207 1.23769 48 75 -0.6 0.9
594207 1.23769 60 75 -0.6 1.05
594207 1.23769 100 75 -0.6 1.05
594207 1.23769 48 75 -0.6 1.05
594207 1.23769 60 75 -0.6 0.9
593966 1.3631 24 75 -0.6 0.75
592697 1.2422 36 45 -0.8 0.9
592697 1.2422 36 45 -0.8 1.05
591802 1.21022 100 77.5 -0.6 0.75
591802 1.21022 48 77.5 -0.6 0.75
591802 1.21022 60 77.5 -0.6 0.75
591408 1.24237 36 65 -0.6 0.9
591408 1.24237 36 0 -0.6 1.05
591408 1.24237 36 55 -0.6 1.05
591408 1.24237 36 55 -0.6 0.9
591408 1.24237 36 65 -0.6 1.05
591408 1.24237 36 0 -0.6 0.9
590586 1.18222 36 55 -0.2 0.9
590586 1.18222 36 0 -0.2 0.9
590586 1.18222 60 0 -0.2 0.9
590586 1.18222 48 0 -0.2 0.9
590586 1.18222 100 0 -0.2 0.9
590586 1.18222 48 55 -0.2 0.9
590586 1.18222 60 55 -0.2 0.9
590586 1.18222 100 55 -0.2 0.9
590194 1.89343 18 45 0.8 1.2
590194 1.89343 18 70 0.6 1.2
590194 1.89343 18 0 0.6 1.2
589790 1.18983 36 75 -0.6 0.6
589641 1.20755 48 45 -0.4 1.05
589641 1.20755 100 45 -0.4 1.05
589641 1.20755 60 45 -0.4 1.05
589595 1.15548 60 45 -1.2 0.6
589595 1.15548 100 45 -1.2 0.6
589595 1.15548 48 45 -1.2 0.6
588852 1.13396 60 0 -0.6 0.6
588852 1.13396 48 0 -0.6 0.6
588852 1.13396 100 55 -0.6 0.6
588852 1.13396 48 55 -0.6 0.6
588852 1.13396 60 55 -0.6 0.6
588852 1.13396 100 0 -0.6 0.6
587268 1.19033 48 80 -1 0.15
587268 1.19033 100 80 -1 0.6
587268 1.19033 60 80 -1 0
587268 1.19033 48 80 -1 0
587268 1.19033 60 80 -1 -10
587268 1.19033 60 80 -1 0.15
587268 1.19033 60 80 -1 0.45
587268 1.19033 100 80 -1 0.3
587268 1.19033 100 80 -1 -10
587268 1.19033 48 80 -1 -10
587268 1.19033 60 80 -1 0.6
587268 1.19033 48 80 -1 0.6
587268 1.19033 48 80 -1 0.45
587268 1.19033 100 80 -1 0
587268 1.19033 100 80 -1 0.15
587268 1.19033 100 80 -1 0.45
587268 1.19033 60 80 -1 0.3
587268 1.19033 48 80 -1 0.3
587097 1.39264 24 82.5 1.4 0.6
584003 1.91137 24 45 0.8 1.5
584003 1.91137 24 65 1 1.5
584003 1.91137 24 0 1 1.5
584003 1.91137 24 55 1 1.5
583553 1.29519 60 80 -0.2 1.05
583553 1.29519 100 80 -0.2 1.05
583553 1.29519 36 80 -0.2 1.05
583553 1.29519 48 80 -0.2 1.05
583524 1.29969 36 75 -0.6 1.05
583524 1.29969 36 75 -0.6 0.9
583084 1.14227 100 45 -0.8 0.6
583084 1.14227 48 45 -0.8 0.6
583084 1.14227 60 45 -0.8 0.6
583081 1.19023 60 80 1 0.9
583081 1.19023 48 80 1 0.9
583081 1.19023 36 80 1 0.9
583081 1.19023 100 80 1 0.9
582102 1.10626 48 75 10 0.75
582102 1.10626 36 75 10 0.75
582102 1.10626 100 75 10 0.75
582102 1.10626 60 75 10 0.75
581731 1.2264 36 75 1 1.2
581731 1.2264 60 75 1 1.2
581731 1.2264 48 75 1 1.2
581731 1.2264 100 75 1 1.2
581153 1.2524 36 77.5 -0.6 0.75
579856 1.23083 36 80 1 1.05
579856 1.23083 48 80 1 1.05
579856 1.23083 60 80 1 1.05
579856 1.23083 100 80 1 1.05
579556 1.13371 48 65 -1 0.45
579556 1.13371 100 65 -1 0.45
579556 1.13371 60 65 -1 0.45
579011 1.23948 36 45 -0.4 1.05
578286 1.22794 24 75 -0.2 0.6
578253 1.14699 36 0 -0.6 0.6
578253 1.14699 36 55 -0.6 0.6
578232 1.18349 24 70 -0.2 0.75
578128 1.16617 100 45 0.8 1.05
578128 1.16617 60 45 0.8 1.05
578128 1.16617 36 45 0.8 1.05
578128 1.16617 48 45 0.8 1.05
577294 1.18725 18 77.5 10 0.6
576584 1.10982 36 77.5 1 0.6
576584 1.10982 60 77.5 1 0.6
576584 1.10982 48 77.5 1 0.6
576584 1.10982 100 77.5 1 0.6
575493 1.71568 18 77.5 -0.6 0.45
575493 1.71568 18 75 -0.6 0.6
575493 1.71568 18 77.5 -0.6 0.6
575369 1.18026 18 75 10 0.6
575323 1.22906 48 80 -0.6 0.75
575323 1.22906 60 80 -0.6 0.75
575323 1.22906 100 80 -0.6 0.75
575106 1.17037 36 45 -1.2 0.6
574826 1.29031 18 45 0.8 0.9
574687 1.12613 48 80 10 0.75
574687 1.12613 36 80 10 0.75
574687 1.12613 60 80 10 0.75
574687 1.12613 100 80 10 0.75
574476 1.1578 100 75 -1 -10
574476 1.1578 100 75 -1 -0.45
574476 1.1578 100 75 -1 -0.15
574476 1.1578 48 75 -1 -0.3
574476 1.1578 100 75 -1 -0.3
574476 1.1578 60 75 -1 -10
574476 1.1578 60 75 -1 -0.45
574476 1.1578 48 75 -1 -0.15
574476 1.1578 60 75 -1 0
574476 1.1578 60 75 -1 -0.15
574476 1.1578 60 75 -1 -0.3
574476 1.1578 100 75 -1 0
574476 1.1578 48 75 -1 -10
574476 1.1578 48 75 -1 0
574476 1.1578 48 75 -1 -0.45
574154 1.18935 18 45 0.8 0.75
572813 1.22305 36 80 -1 0.3
572813 1.22305 36 80 -1 0.15
572813 1.22305 36 80 -1 0.6
572813 1.22305 36 80 -1 0.45
572813 1.22305 36 80 -1 0
572813 1.22305 36 80 -1 -10
571371 1.26273 18 75 10 0.9
568730 1.15595 36 45 -0.8 0.6
568456 1.32317 12 65 -1 -0.3
568456 1.32317 12 65 -1 -0.45
568456 1.32317 12 65 -1 -10
568456 1.32317 12 65 -1 -0.15
568174 1.21942 18 65 1 0.9
567925 1.22306 60 77.5 1 1.2
567925 1.22306 36 77.5 1 1.2
567925 1.22306 48 77.5 1 1.2
567925 1.22306 100 77.5 1 1.2
567052 1.43075 18 77.5 1 0.9
566560 1.16957 48 75 -1 0.6
566560 1.16957 100 75 -1 0.6
566560 1.16957 100 75 -1 0.3
566560 1.16957 60 75 -1 0.6
566560 1.16957 60 75 -1 0.3
566560 1.16957 48 75 -1 0.3
565289 1.14527 36 65 -1 0.45
564968 1.27768 36 80 -0.6 0.75
564889 1.16392 48 55 1 1.05
564889 1.16392 100 65 1 1.05
564889 1.16392 100 0 1 1.05
564889 1.16392 100 55 1 1.05
564889 1.16392 36 0 1 1.05
564889 1.16392 36 65 1 1.05
564889 1.16392 60 65 1 1.05
564889 1.16392 60 0 1 1.05
564889 1.16392 48 0 1 1.05
564889 1.16392 36 55 1 1.05
564889 1.16392 60 55 1 1.05
564889 1.16392 48 65 1 1.05
564830 1.26099 100 82.5 -0.6 0
564830 1.26099 48 82.5 -0.6 0.3
564830 1.26099 48 82.5 -0.6 -0.3
564830 1.26099 100 82.5 -0.6 -0.15
564830 1.26099 60 82.5 -0.6 0
564830 1.26099 48 82.5 -0.6 -0.15
564830 1.26099 48 82.5 -0.6 0
564830 1.26099 100 82.5 -0.6 0.3
564830 1.26099 60 82.5 -0.6 0.3
564830 1.26099 60 82.5 -0.6 -0.45
564830 1.26099 100 82.5 -0.6 -10
564830 1.26099 100 82.5 -0.6 -0.45
564830 1.26099 60 82.5 -0.6 -0.3
564830 1.26099 48 82.5 -0.6 -0.45
564830 1.26099 60 82.5 -0.6 -0.15
564830 1.26099 48 82.5 -0.6 -10
564830 1.26099 100 82.5 -0.6 -0.3
564830 1.26099 60 82.5 -0.6 -10
563955 1.21884 18 0 1 0.9
563955 1.21884 18 55 1 0.9
563904 1.60785 18 77.5 1 1.05
563610 1.30648 18 45 -0.8 0.45
563270 1.15674 24 75 10 0.9
562145 1.42869 24 82.5 0.6 -0.45
562145 1.42869 24 82.5 0.6 0.3
562145 1.42869 24 82.5 0.6 -0.15
562145 1.42869 24 82.5 0.6 0
562145 1.42869 24 82.5 0.6 -0.3
562145 1.42869 24 82.5 0.6 -10
561906 1.38639 18 80 10 1.05
560535 1.59601 12 65 -1 0
560365 1.14049 60 45 -1.2 0.45
560365 1.14049 100 45 -1.2 0.45
560365 1.14049 48 45 -1.2 0.45
560345 1.18331 36 75 -1 -0.3
560345 1.18331 36 75 -1 0
560345 1.18331 36 75 -1 -0.15
560345 1.18331 36 75 -1 -0.45
560345 1.18331 36 75 -1 -10
559602 1.12297 100 45 -1.2 0.3
559602 1.12297 60 45 -1.2 0.3
559602 1.12297 48 45 -1.2 0.3
559455 1.1485 100 55 -0.2 0.75
559455 1.1485 36 55 -0.2 0.75
559455 1.1485 60 55 -0.2 0.75
559455 1.1485 48 55 -0.2 0.75
558356 1.27423 24 75 -0.6 0.6
558255 1.42845 18 75 1 0.9
558205 1.28608 60 80 -0.6 0.9
558205 1.28608 48 80 -0.6 0.9
558205 1.28608 100 80 -0.6 0.9
558205 1.28608 48 80 -0.6 1.05
558205 1.28608 60 80 -0.6 1.05
558205 1.28608 100 80 -0.6 1.05
558108 1.15193 48 0 -1 0.6
558108 1.15193 100 0 -1 0.6
558108 1.15193 48 55 -1 0.6
558108 1.15193 60 0 -1 0.6
558108 1.15193 100 55 -1 0.6
558108 1.15193 60 55 -1 0.6
557365 1.38437 24 77.5 10 1.2
556883 1.26104 18 77.5 10 0.9
556348 1.92871 18 82.5 10 1.05
556296 1.17046 100 77.5 -0.6 0.6
556296 1.17046 60 77.5 -0.6 0.6
556296 1.17046 48 77.5 -0.6 0.6
555291 1.148 100 0 -0.2 0.75
555291 1.148 36 0 -0.2 0.75
555291 1.148 48 0 -0.2 0.75
555291 1.148 60 0 -0.2 0.75
555198 1.60464 18 75 1 1.05
553568 1.10362 100 77.5 10 0.75
553568 1.10362 48 77.5 10 0.75
553568 1.10362 36 77.5 10 0.75
553568 1.10362 60 77.5 10 0.75
552621 1.19847 36 75 -1 0.3
552621 1.19847 36 75 -1 0.6
552385 1.53166 24 75 -0.6 1.05
552385 1.53166 24 75 -0.6 0.9
550894 1.21699 24 70 -0.2 0.9
550355 1.25988 48 77.5 -0.6 0.9
550355 1.25988 48 77.5 -0.6 1.05
550355 1.25988 60 77.5 -0.6 1.05
550355 1.25988 100 77.5 -0.6 1.05
550355 1.25988 100 77.5 -0.6 0.9
550355 1.25988 60 77.5 -0.6 0.9
549647 1.3007 60 82.5 -1 -0.15
549647 1.3007 48 82.5 -1 -10
549647 1.3007 100 82.5 -1 -10
549647 1.3007 100 82.5 -1 -0.45
549647 1.3007 100 82.5 -1 -0.15
549647 1.3007 100 82.5 -1 -0.3
549647 1.3007 100 82.5 -1 0
549647 1.3007 48 82.5 -1 -0.45
549647 1.3007 60 82.5 -1 -10
549647 1.3007 48 82.5 -1 0
549647 1.3007 60 82.5 -1 -0.3
549647 1.3007 100 82.5 -1 0.3
549647 1.3007 48 82.5 -1 -0.15
549647 1.3007 48 82.5 -1 0.3
549647 1.3007 60 82.5 -1 -0.45
549647 1.3007 60 82.5 -1 0
549647 1.3007 48 82.5 -1 -0.3
549647 1.3007 60 82.5 -1 0.3
548717 1.25781 48 82.5 -0.2 0.6
548717 1.25781 60 82.5 -0.2 0.6
548717 1.25781 100 82.5 -0.2 0.6
548156 1.35943 36 80 -0.6 0.9
548156 1.35943 36 80 -0.6 1.05
546582 1.15339 36 45 -1.2 0.45
546276 1.20136 36 77.5 -0.6 0.6
545836 1.13298 36 45 -1.2 0.3
544489 1.20371 24 80 1 0
544489 1.20371 24 80 1 -10
544489 1.20371 24 80 1 0.3
544386 1.1666 36 55 -1 0.6
544386 1.1666 36 0 -1 0.6
540437 1.3333 36 77.5 -0.6 0.9
540437 1.3333 36 77.5 -0.6 1.05
540300 1.33934 18 45 -0.8 0.6
539070 1.13823 18 0 1.4 0.75
537601 1.26606 24 75 -1 0
537601 1.26606 24 75 -1 -0.15
537601 1.26606 24 75 -1 -0.45
537601 1.26606 24 75 -1 -0.3
537601 1.26606 24 75 -1 -10
536593 1.13855 48 82.5 10 -0.45
536593 1.13855 100 82.5 10 -10
536593 1.13855 100 82.5 10 -0.45
536593 1.13855 48 82.5 10 -0.15
536593 1.13855 48 82.5 10 -0.3
536593 1.13855 100 82.5 10 -0.15
536593 1.13855 100 82.5 10 -0.3
536593 1.13855 100 82.5 10 0.3
536593 1.13855 48 82.5 10 0.3
536593 1.13855 48 82.5 10 0
536593 1.13855 100 82.5 10 0
536593 1.13855 48 82.5 10 -10
536593 1.13855 60 82.5 10 0
536593 1.13855 60 82.5 10 -10
536593 1.13855 60 82.5 10 -0.45
536593 1.13855 60 82.5 10 -0.15
536593 1.13855 60 82.5 10 -0.3
536593 1.13855 60 82.5 10 0.3
536569 1.17335 60 55 -1 0.75
536569 1.17335 48 55 -1 0.75
536569 1.17335 100 55 -1 0.75
536569 1.17335 60 0 -1 0.75
536569 1.17335 100 0 -1 0.75
536569 1.17335 48 0 -1 0.75
533915 1.28091 18 0 0.6 0.9
531667 1.14798 48 82.5 1 -0.3
531667 1.14798 60 82.5 1 -10
531667 1.14798 48 82.5 1 0
531667 1.14798 48 82.5 1 0.3
531667 1.14798 60 82.5 1 -0.45
531667 1.14798 60 82.5 1 0.3
531667 1.14798 60 82.5 1 0
531667 1.14798 100 82.5 1 -10
531667 1.14798 48 82.5 1 -0.45
531667 1.14798 60 82.5 1 -0.3
531667 1.14798 48 82.5 1 -10
531667 1.14798 100 82.5 1 -0.45
531667 1.14798 100 82.5 1 -0.15
531667 1.14798 100 82.5 1 -0.3
531667 1.14798 100 82.5 1 0.3
531667 1.14798 60 82.5 1 -0.15
531667 1.14798 100 82.5 1 0
531667 1.14798 48 82.5 1 -0.15
531067 1.46419 9 65 -1 -10
531067 1.46419 9 65 -1 -0.15
531067 1.46419 9 65 -1 -0.45
531067 1.46419 9 65 -1 -0.3
530182 1.29726 24 75 -1 0.6
530182 1.29726 24 75 -1 0.3
529782 1.23746 36 82.5 -0.2 0.3
529782 1.23746 36 82.5 -0.2 0
529782 1.23746 36 82.5 -0.2 -0.15
529782 1.23746 36 82.5 -0.2 -10
529782 1.23746 36 82.5 -0.2 -0.45
529782 1.23746 36 82.5 -0.2 -0.3
529020 1.15529 60 80 -0.6 -10
529020 1.15529 48 80 -0.6 -10
529020 1.15529 100 80 -0.6 0
529020 1.15529 100 80 -0.6 0.3
529020 1.15529 100 80 -0.6 -10
529020 1.15529 60 80 -0.6 0
529020 1.15529 60 80 -0.6 0.3
529020 1.15529 48 80 -0.6 0
529020 1.15529 48 80 -0.6 0.3
528023 1.27712 48 77.5 -0.2 1.2
528023 1.27712 60 75 -0.2 1.2
528023 1.27712 100 77.5 -0.2 1.2
528023 1.27712 60 77.5 -0.2 1.2
528023 1.27712 36 77.5 -0.2 1.2
528023 1.27712 100 75 -0.2 1.2
528023 1.27712 48 75 -0.2 1.2
528023 1.27712 36 75 -0.2 1.2
527630 1.83695 12 70 -1 -0.45
527630 1.83695 12 70 -1 -0.15
527630 1.83695 12 70 -1 0
527630 1.83695 12 70 -1 -10
527630 1.83695 12 70 -1 -0.3
526880 1.13385 100 75 10 1.05
526880 1.13385 36 75 10 1.05
526880 1.13385 60 75 10 1.05
526880 1.13385 48 75 10 1.05
524794 1.11511 24 77.5 1 0.3
524759 1.17946 100 77.5 -1 -10
524759 1.17946 60 77.5 -1 0.6
524759 1.17946 100 77.5 -1 0.15
524759 1.17946 60 77.5 -1 0.3
524759 1.17946 48 77.5 -1 0
524759 1.17946 48 77.5 -1 0.6
524759 1.17946 100 77.5 -1 0.45
524759 1.17946 100 77.5 -1 0.3
524759 1.17946 100 77.5 -1 0.6
524759 1.17946 100 77.5 -1 0
524759 1.17946 48 77.5 -1 -10
524759 1.17946 48 77.5 -1 0.3
524759 1.17946 60 77.5 -1 0
524759 1.17946 48 77.5 -1 0.45
524759 1.17946 60 77.5 -1 0.45
524759 1.17946 60 77.5 -1 0.15
524759 1.17946 48 77.5 -1 0.15
524759 1.17946 60 77.5 -1 -10
523763 1.34516 24 80 -0.2 0.3
523368 1.1931 36 55 -1 0.75
523368 1.1931 36 0 -1 0.75
523299 1.31103 60 82.5 -0.6 0.6
523299 1.31103 100 82.5 -0.6 0.6
523299 1.31103 48 82.5 -0.6 0.6
520829 1.47217 24 82.5 0.6 0.6
520690 1.18889 60 45 -0.4 0.9
520690 1.18889 100 45 -0.4 0.9
520690 1.18889 36 45 -0.4 0.9
520690 1.18889 48 45 -0.4 0.9
520295 1.35873 12 62.5 1 0.6
519635 1.14011 24 70 -1 -10
519635 1.14011 24 70 -1 0
519635 1.14011 24 70 -1 -0.15
519635 1.14011 24 70 -1 -0.3
519635 1.14011 24 70 -1 -0.45
519502 1.18155 36 80 -0.6 -10
519502 1.18155 36 80 -0.6 0
519502 1.18155 36 80 -0.6 0.3
519475 1.11787 48 80 1 0.6
519475 1.11787 60 80 1 0.6
519475 1.11787 36 80 1 0.6
519475 1.11787 100 80 1 0.6
518924 1.16627 24 45 -1.2 0.15
518184 1.171 24 65 -0.2 0.75
517474 1.20773 60 45 0.8 1.2
517474 1.20773 48 45 0.8 1.2
517474 1.20773 100 45 0.8 1.2
517474 1.20773 24 45 0.8 1.2
517474 1.20773 36 45 0.8 1.2
516011 1.26949 12 45 0.8 0.6
515723 1.15856 18 70 0.6 0.6
514815 1.24071 100 80 10 1.2
514815 1.24071 36 80 10 1.2
514815 1.24071 48 80 10 1.2
514815 1.24071 60 80 10 1.2
514187 1.35501 48 82.5 10 1.2
514187 1.35501 100 82.5 10 1.2
514187 1.35501 60 82.5 10 1.2
513549 1.3462 9 67.5 -0.6 -0.45
513549 1.3462 9 67.5 -0.6 -0.3
513549 1.3462 9 67.5 -0.6 -0.15
513549 1.3462 9 67.5 -0.6 -10
512533 1.11681 100 65 -1 0.3
512533 1.11681 100 65 -1 0.15
512533 1.11681 48 65 -1 0.3
512533 1.11681 48 65 -1 0.15
512533 1.11681 60 65 -1 0.15
512533 1.11681 60 65 -1 0.3
512199 1.27074 48 75 -0.6 1.2
512199 1.27074 100 75 -0.6 1.2
512199 1.27074 60 75 -0.6 1.2
512050 1.14342 48 65 -1 0.6
512050 1.14342 60 65 -1 0.6
512050 1.14342 100 65 -1 0.6
511851 1.21198 36 77.5 -1 0.6
511851 1.21198 36 77.5 -1 0.15
511851 1.21198 36 77.5 -1 -10
511851 1.21198 36 77.5 -1 0.45
511851 1.21198 36 77.5 -1 0.3
511851 1.21198 36 77.5 -1 0
511514 1.58257 24 75 -0.2 1.2
511051 1.23986 24 70 -0.2 1.05
510489 1.24628 24 70 -0.6 0.75
509348 1.14004 36 45 -0.4 0.75
509348 1.14004 60 45 -0.4 0.75
509348 1.14004 48 45 -0.4 0.75
509348 1.14004 100 45 -0.4 0.75
509302 1.28404 24 80 -0.2 0
509302 1.28404 24 80 -0.2 -10
509236 1.3657 100 82.5 -1 0.6
509236 1.3657 60 82.5 -1 0.6
509236 1.3657 48 82.5 -1 0.6
508636 1.43882 18 77.5 -0.6 0
508636 1.43882 18 77.5 -0.6 -10
507207 1.26848 12 0 1 0.6
504666 1.12082 36 45 -0.4 0.6
504666 1.12082 48 45 -0.4 0.6
504666 1.12082 100 45 -0.4 0.6
504666 1.12082 60 45 -0.4 0.6
504192 1.23923 18 70 10 1.05
503164 1.23851 24 65 -0.2 1.05
503164 1.23851 24 0 -0.2 1.05
503164 1.23851 24 55 -0.2 1.05
502978 1.3455 36 75 -0.6 1.2
502600 1.24481 24 65 -0.6 0.75
502600 1.24481 24 55 -0.6 0.75
502600 1.24481 24 0 -0.6 0.75
501559 1.29951 36 82.5 -0.6 -0.15
501559 1.29951 36 82.5 -0.6 0
501559 1.29951 36 82.5 -0.6 -0.3
501559 1.29951 36 82.5 -0.6 0.3
501559 1.29951 36 82.5 -0.6 -0.45
501559 1.29951 36 82.5 -0.6 -10
501494 1.30191 18 75 10 1.05
500247 1.21365 18 80 10 0.6
499916 1.12648 36 65 -1 0.15
499916 1.12648 36 65 -1 0.3
499767 1.34549 9 65 -0.6 0
499457 1.15738 36 65 -1 0.6
499274 1.82172 18 75 -1 0
499274 1.82172 18 75 -1 -0.45
499274 1.82172 18 75 -1 -0.15
499274 1.82172 18 75 -1 -10
499274 1.82172 18 75 -1 -0.3
499230 1.29115 12 55 1 0.6
498181 1.49568 18 77.5 -0.6 0.3
497142 1.14267 100 82.5 10 0.6
497142 1.14267 48 82.5 10 0.6
497142 1.14267 60 82.5 10 0.6
495777 1.1171 24 75 10 0.6
494862 1.13205 18 70 1.4 0.6
494670 1.30898 12 62.5 -1 -10
494670 1.30898 12 62.5 -1 -0.3
494670 1.30898 12 62.5 -1 -0.45
493822 1.41927 48 82.5 -0.6 1.2
493822 1.41927 60 82.5 -0.6 1.2
493822 1.41927 100 82.5 -0.6 1.2
493646 1.20173 24 65 -0.2 0.9
493297 1.28991 12 57.5 1 0.6
493297 1.28991 12 60 1 0.6
492688 1.30069 18 77.5 10 1.05
492561 1.15314 60 82.5 1 0.6
492561 1.15314 48 82.5 1 0.6
492561 1.15314 100 82.5 1 0.6
492270 1.28062 18 45 -1.2 0.3
492264 1.37288 18 55 -1 0.45
492257 1.20574 18 0 0.6 0.75
492167 1.97212 18 80 10 1.2
492153 1.22542 60 0 -0.6 1.2
492153 1.22542 60 65 -0.6 1.2
492153 1.22542 60 55 -0.6 1.2
492153 1.22542 100 55 -0.6 1.2
492153 1.22542 100 65 -0.6 1.2
492153 1.22542 48 65 -0.6 1.2
492153 1.22542 48 0 -0.6 1.2
492153 1.22542 100 0 -0.6 1.2
492153 1.22542 48 55 -0.6 1.2
491988 1.14283 24 70 -0.2 0.6
491484 1.22492 36 65 -0.2 1.2
491484 1.22492 60 65 -0.2 1.2
491484 1.22492 60 55 -0.2 1.2
491484 1.22492 100 0 -0.2 1.2
491484 1.22492 36 0 -0.2 1.2
491484 1.22492 48 65 -0.2 1.2
491484 1.22492 48 0 -0.2 1.2
491484 1.22492 100 55 -0.2 1.2
491484 1.22492 48 55 -0.2 1.2
491484 1.22492 36 55 -0.2 1.2
491484 1.22492 60 0 -0.2 1.2
491484 1.22492 100 65 -0.2 1.2
491369 1.48378 18 82.5 10 0.9
490523 1.31384 48 80 -0.2 1.2
490523 1.31384 60 80 -0.2 1.2
490523 1.31384 100 80 -0.2 1.2
490523 1.31384 36 80 -0.2 1.2
490475 1.55637 18 55 -1 0.6
490013 1.20102 24 55 -0.2 0.9
490013 1.20102 24 0 -0.2 0.9
489810 1.27342 24 45 -0.8 0.75
488298 1.41692 100 82.5 -0.2 1.2
488298 1.41692 60 82.5 -0.2 1.2
488298 1.41692 48 82.5 -0.2 1.2
488074 1.35225 36 82.5 -1 0.3
488074 1.35225 36 82.5 -1 -10
488074 1.35225 36 82.5 -1 -0.45
488074 1.35225 36 82.5 -1 -0.3
488074 1.35225 36 82.5 -1 0
488074 1.35225 36 82.5 -1 -0.15
487260 1.29745 36 82.5 -0.2 0.6
486513 1.25639 24 75 10 1.2
486443 1.41613 48 82.5 1 1.2
486443 1.41613 60 82.5 1 1.2
486443 1.41613 100 82.5 1 1.2
485703 1.81567 12 45 -1.2 0.3
485411 1.26796 100 80 1 1.2
485411 1.26796 36 80 1 1.2
485411 1.26796 48 80 1 1.2
485411 1.26796 60 80 1 1.2
484685 1.12788 36 77.5 10 1.05
484685 1.12788 60 77.5 10 1.05
484685 1.12788 48 77.5 10 1.05
484685 1.12788 100 77.5 10 1.05
484086 1.11099 24 77.5 1 -10
484086 1.11099 24 77.5 1 0
484021 1.49201 18 77.5 -0.6 0.15
483291 1.2634 36 55 -0.6 1.2
483291 1.2634 36 65 -0.6 1.2
483291 1.2634 36 0 -0.6 1.2
483270 1.30087 12 62.5 -1 -0.15
482893 1.40073 18 80 -0.2 0.45
482451 1.23473 18 55 10 1.05
482451 1.23473 18 0 10 1.05
482451 1.23473 18 45 10 1.05
481789 1.10152 36 80 10 0.6
481789 1.10152 100 80 10 0.6
481789 1.10152 48 80 10 0.6
481789 1.10152 60 80 10 0.6
481439 1.1137 48 75 10 0.9
481439 1.1137 100 75 10 0.9
481439 1.1137 36 75 10 0.9
481439 1.1137 60 75 10 0.9
481123 1.23468 18 65 10 1.05
480686 1.18191 12 65 -0.6 -0.45
480686 1.18191 12 65 -0.6 -0.15
480686 1.18191 12 65 -0.6 -0.3
480686 1.18191 12 65 -0.6 -10
479854 1.19041 24 70 -0.6 0.6
479159 1.09649 24 70 1 0.6
478716 1.10883 18 0 10 0.75
478380 1.76248 24 75 -0.6 1.2
477865 1.22095 60 45 -0.4 1.2
477865 1.22095 100 45 -0.4 1.2
477865 1.22095 48 45 -0.4 1.2
476626 1.30697 100 77.5 -0.6 1.2
476626 1.30697 48 77.5 -0.6 1.2
476626 1.30697 60 77.5 -0.6 1.2
476541 1.56256 12 62.5 -1 0
476507 1.14985 36 82.5 10 -0.15
476507 1.14985 36 82.5 10 -0.3
476507 1.14985 36 82.5 10 0
476507 1.14985 36 82.5 10 0.3
476507 1.14985 36 82.5 10 -10
476507 1.14985 36 82.5 10 -0.45
476243 1.30666 48 80 -1 0.9
476243 1.30666 100 80 -1 0.9
476243 1.30666 60 80 -1 0.9
476232 1.33029 24 45 -0.8 1.05
476232 1.33029 24 70 -0.6 0.9
476232 1.33029 24 70 -0.6 1.05
476232 1.33029 24 45 -0.8 0.9
475672 1.37864 60 45 -1.2 1.2
475672 1.37864 100 45 -1.2 1.2
475672 1.37864 48 45 -1.2 1.2
474768 1.38082 18 70 -0.6 0.6
473026 1.32938 18 65 -0.6 0.6
472479 1.18924 24 65 -0.6 0.6
472114 1.16088 36 82.5 1 -10
472114 1.16088 36 82.5 1 0.3
472114 1.16088 36 82.5 1 -0.15
472114 1.16088 36 82.5 1 -0.45
472114 1.16088 36 82.5 1 0
472114 1.16088 36 82.5 1 -0.3
470447 1.43933 18 45 -1.2 0.45
470322 1.55395 18 80 -0.6 -0.45
470322 1.55395 18 80 -0.6 -0.3
470322 1.55395 18 80 -0.6 -10
470322 1.55395 18 80 -0.6 0
470322 1.55395 18 80 -0.6 0.3
470322 1.55395 18 80 -0.6 -0.15
470263 1.13363 48 45 0.8 0.9
470263 1.13363 36 45 0.8 0.9
470263 1.13363 24 45 0.8 0.9
470263 1.13363 60 45 0.8 0.9
470263 1.13363 100 45 0.8 0.9
469562 1.27204 60 77.5 -1 0.9
469562 1.27204 100 77.5 -1 0.9
469562 1.27204 48 77.5 -1 0.9
469257 1.25828 36 45 -0.4 1.2
469187 1.30315 48 80 -0.6 1.2
469187 1.30315 100 80 -0.6 1.2
469187 1.30315 60 80 -0.6 1.2
468849 1.32827 24 65 -0.6 0.9
468849 1.32827 24 0 -0.6 0.9
468849 1.32827 24 65 -0.6 1.05
468849 1.32827 24 55 -0.6 0.9
468849 1.32827 24 0 -0.6 1.05
468849 1.32827 24 55 -0.6 1.05
468038 1.40394 36 77.5 -0.6 1.2
467643 1.10771 18 45 10 0.75
466167 1.44238 100 85 -0.6 0
466167 1.44238 60 85 -0.6 -0.45
466167 1.44238 100 85 -0.6 0.3
466167 1.44238 100 85 -0.6 -0.3
466167 1.44238 100 85 -0.6 -0.15
466167 1.44238 60 85 -0.6 -0.3
466167 1.44238 60 85 -0.6 -10
466167 1.44238 60 85 -0.6 0
466167 1.44238 60 85 -0.6 -0.15
466167 1.44238 100 85 -0.6 -0.45
466167 1.44238 100 85 -0.6 -10
466167 1.44238 60 85 -0.6 0.3
466165 1.14488 60 77.5 -0.6 0.3
466165 1.14488 100 77.5 -0.6 0.3
466165 1.14488 48 77.5 -0.6 0.3
465535 1.32664 24 45 -0.4 1.05
464679 1.3928 36 82.5 -0.6 0.6
464527 1.3996 36 80 -1 0.9
464496 1.18098 18 80 10 0
464496 1.18098 18 80 10 -10
464496 1.18098 18 80 10 0.3
464176 1.15878 24 55 -0.2 0.75
463987 1.53672 36 45 -1.2 1.2
463463 1.2918 9 60 -1 -10
463463 1.2918 9 60 -1 -0.3
463463 1.2918 9 60 -1 -0.45
461262 1.19934 48 45 -1.2 0.9
461262 1.19934 100 45 -1.2 0.9
461262 1.19934 60 45 -1.2 0.9
460846 1.82861 12 65 -1 0.3
460846 1.82861 12 62.5 -1 0.3
460737 1.39736 36 80 -0.6 1.2
460734 1.1582 24 0 -0.2 0.75
460266 1.14211 24 65 -1 0.15
460216 1.11219 18 55 10 0.75
459196 1.4391 60 85 -1 0.3
459196 1.4391 100 85 -1 0
459196 1.4391 60 85 -1 -10
459196 1.4391 60 85 -1 -0.15
459196 1.4391 100 85 -1 0.3
459196 1.4391 100 85 -1 -0.45
459196 1.4391 60 85 -1 -0.3
459196 1.4391 60 85 -1 0
459196 1.4391 100 85 -1 -0.3
459196 1.4391 60 85 -1 -0.45
459196 1.4391 100 85 -1 -10
459196 1.4391 100 85 -1 -0.15
458454 1.16696 24 0 -0.6 0.6
458454 1.16696 24 55 -0.6 0.6
458162 1.19941 48 55 -1 1.05
458162 1.19941 100 0 -1 0.9
458162 1.19941 100 0 -1 1.05
458162 1.19941 60 55 -1 0.9
458162 1.19941 60 0 -1 0.9
458162 1.19941 48 55 -1 0.9
458162 1.19941 60 65 -1 0.9
458162 1.19941 100 55 -1 0.9
458162 1.19941 48 0 -1 1.05
458162 1.19941 100 55 -1 1.05
458162 1.19941 48 0 -1 0.9
458162 1.19941 48 65 -1 0.9
458162 1.19941 60 0 -1 1.05
458162 1.19941 60 55 -1 1.05
458162 1.19941 100 65 -1 0.9
458005 1.35789 36 77.5 -1 0.9
457770 1.17107 36 77.5 -0.6 0.3
457643 1.09959 18 65 1 0.6
456958 1.18205 24 45 -0.8 0.6
456586 1.46192 36 82.5 10 1.2
454794 1.26988 9 55 -1 -0.45
454794 1.26988 9 55 -1 -10
454794 1.26988 9 55 -1 -0.3
454522 1.19013 100 55 1 1.2
454522 1.19013 24 65 1 1.2
454522 1.19013 24 0 1 1.2
454522 1.19013 60 0 1 1.2
454522 1.19013 36 65 1 1.2
454522 1.19013 100 0 1 1.2
454522 1.19013 36 55 1 1.2
454522 1.19013 36 0 1 1.2
454522 1.19013 48 0 1 1.2
454522 1.19013 60 65 1 1.2
454522 1.19013 100 65 1 1.2
454522 1.19013 24 55 1 1.2
454522 1.19013 24 70 1 1.2
454522 1.19013 60 55 1 1.2
454522 1.19013 48 65 1 1.2
454522 1.19013 48 55 1 1.2
454187 1.16609 24 65 -1 0.45
452198 1.47476 36 82.5 -1 0.6
451793 1.16591 12 62.5 -0.6 -0.3
451793 1.16591 12 62.5 -0.6 -0.45
451793 1.16591 12 62.5 -0.6 -10
450862 1.1517 24 70 -1 0.3
450461 1.09721 60 45 0.8 0.75
450461 1.09721 48 45 0.8 0.75
450461 1.09721 100 45 0.8 0.75
450461 1.09721 36 45 0.8 0.75
450343 1.13142 48 77.5 -0.6 -10
450343 1.13142 48 77.5 -0.6 0
450343 1.13142 100 77.5 -0.6 0
450343 1.13142 60 77.5 -0.6 -10
450343 1.13142 60 77.5 -0.6 0
450343 1.13142 100 77.5 -0.6 -10
449998 1.11098 18 65 10 0.75
449902 1.23061 36 45 -1.2 0.9
448021 1.43494 100 85 -0.2 -0.3
448021 1.43494 60 85 -0.2 0
448021 1.43494 60 85 -0.2 -10
448021 1.43494 60 85 -0.2 -0.45
448021 1.43494 100 85 -0.2 0.3
448021 1.43494 60 85 -0.2 -0.15
448021 1.43494 60 85 -0.2 0.3
448021 1.43494 100 85 -0.2 0
448021 1.43494 60 85 -0.2 -0.3
448021 1.43494 100 85 -0.2 -10
448021 1.43494 100 85 -0.2 -0.45
448021 1.43494 100 85 -0.2 -0.15
447379 1.08731 48 80 10 0
447379 1.08731 60 80 10 0
447379 1.08731 36 80 10 0
447379 1.08731 100 80 10 -10
447379 1.08731 36 80 10 -10
447379 1.08731 48 80 10 -10
447379 1.08731 100 80 10 0
447379 1.08731 60 80 10 -10
446895 1.23087 36 55 -1 0.9
446895 1.23087 36 65 -1 0.9
446895 1.23087 36 55 -1 1.05
446895 1.23087 36 0 -1 0.9
446895 1.23087 36 0 -1 1.05
446197 1.11416 48 65 -0.2 0.6
446197 1.11416 60 65 -0.2 0.6
446197 1.11416 36 65 -0.2 0.6
446197 1.11416 100 65 -0.2 0.6
445689 1.92368 18 77.5 1 1.2
445689 1.92368 18 75 1 1.2
445420 1.27046 18 65 -1 0.15
443473 1.40821 18 75 -0.6 0.45
443179 1.13381 18 65 10 0.9
442229 1.15456 36 77.5 -0.6 0
442229 1.15456 36 77.5 -0.6 -10
441776 1.47312 12 65 10 0.9
441598 1.17883 12 57.5 -1 -0.45
441467 1.15516 36 82.5 10 0.6
441132 1.47276 12 70 10 0.9
440731 1.17845 12 57.5 -1 -0.3
440164 1.42617 18 65 -1 0.45
439554 1.53349 60 85 -0.6 0.6
439554 1.53349 100 85 -0.6 0.6
439379 1.10805 60 77.5 10 0.9
439379 1.10805 36 77.5 10 0.9
439379 1.10805 100 77.5 10 0.9
439379 1.10805 48 77.5 10 0.9
438526 1.56898 36 82.5 -0.6 1.2
438045 1.31922 12 0 10 0.9
438045 1.31922 12 45 10 0.9
437399 1.16755 36 82.5 1 0.6
437375 1.19911 24 0 -1 0.6
437375 1.19911 24 55 -1 0.6
437041 1.15445 18 65 -1 0
436030 1.35858 12 62.5 10 0.9
435415 1.42181 60 85 10 0.9
435415 1.42181 100 85 10 1.05
435415 1.42181 100 85 10 0.9
435415 1.42181 60 85 10 1.05
435261 1.49208 9 70 -0.6 -0.15
435261 1.49208 9 70 -0.6 -10
435261 1.49208 9 70 -0.6 0
435261 1.49208 9 70 -0.6 -0.45
435261 1.49208 9 70 -0.6 -0.3
434951 1.31929 9 60 -1 -0.15
434867 1.17774 12 60 -1 -0.45
434867 1.17774 12 60 -1 -10
434010 1.17736 12 60 -1 -0.3
433602 1.56604 36 82.5 -0.2 1.2
432993 1.5294 60 85 -1 0.6
432993 1.5294 100 85 -1 0.6
431977 1.11915 18 0 10 0.9
431977 1.11915 18 45 10 0.9
431951 1.56506 36 82.5 1 1.2
430378 1.29278 9 55 -1 -0.15
429026 1.70207 100 85 -0.6 1.2
429026 1.70207 60 85 -0.6 1.2
428922 1.11803 60 65 1 0.9
428922 1.11803 36 65 1 0.9
428922 1.11803 48 65 1 0.9
428922 1.11803 24 65 1 0.9
428922 1.11803 100 65 1 0.9
428141 1.38827 18 82.5 10 0.75
428132 1.17641 12 65 10 0.6
427912 1.1729 12 57.5 -1 -10
426438 1.10137 18 70 10 0.6
425746 1.11757 24 55 1 0.9
425746 1.11757 60 0 1 0.9
425746 1.11757 24 0 1 0.9
425746 1.11757 60 55 1 0.9
425746 1.11757 36 0 1 0.9
425746 1.11757 48 0 1 0.9
425746 1.11757 36 55 1 0.9
425746 1.11757 48 55 1 0.9
425746 1.11757 100 55 1 0.9
425746 1.11757 100 0 1 0.9
425144 1.1248 18 55 10 0.9
424216 1.69815 60 85 -0.2 1.2
424216 1.69815 100 85 -0.2 1.2
423751 1.08414 60 75 10 0.6
423751 1.08414 36 75 10 0.6
423751 1.08414 48 75 10 0.6
423751 1.08414 100 75 10 0.6
423147 1.24744 100 85 1 -0.45
423147 1.24744 100 85 1 0.3
423147 1.24744 60 85 1 -0.45
423147 1.24744 100 85 1 -10
423147 1.24744 100 85 1 0
423147 1.24744 60 85 1 -0.3
423147 1.24744 60 85 1 -10
423147 1.24744 100 85 1 -0.15
423147 1.24744 100 85 1 -0.3
423147 1.24744 60 85 1 -0.15
423147 1.24744 60 85 1 0
423147 1.24744 60 85 1 0.3
422620 1.69684 60 85 1 1.2
422620 1.69684 100 85 1 1.2
422562 1.0988 24 77.5 10 0.3
422468 1.52356 100 85 -0.2 0.6
422468 1.52356 60 85 -0.2 0.6
422132 1.27721 100 45 -0.8 1.2
422132 1.27721 60 45 -0.8 1.2
422132 1.27721 48 45 -0.8 1.2
421126 1.35943 18 45 10 1.2
421126 1.35943 18 55 10 1.2
421126 1.35943 18 0 10 1.2
420985 1.55897 18 75 10 1.2
420731 1.62732 60 82.5 -1 1.2
420731 1.62732 100 82.5 -1 1.2
420731 1.62732 48 82.5 -1 1.2
420574 1.16526 18 65 -0.2 0.6
420526 1.24753 24 0 -1 0.75
420526 1.24753 24 55 -1 0.75
420289 1.25919 9 45 -1.2 -0.3
420289 1.25919 9 45 -1.2 -0.45
419929 1.35946 18 70 10 1.2
419929 1.35946 18 65 10 1.2
419424 1.69422 60 85 10 1.2
419424 1.69422 100 85 10 1.2
419394 1.16902 12 62.5 -0.6 -0.15
418916 1.14007 100 80 -0.2 0.3
418916 1.14007 36 80 -0.2 0.3
418916 1.14007 48 80 -0.2 0.3
418916 1.14007 60 80 -0.2 0.3
418605 1.24192 24 45 -0.4 0.9
415798 1.16453 9 65 1 -10
415798 1.16453 9 65 1 -0.3
415798 1.16453 9 65 1 -0.15
415798 1.16453 9 65 1 -0.45
415227 1.08644 60 65 1 0.75
415227 1.08644 60 55 1 0.75
415227 1.08644 48 55 1 0.75
415227 1.08644 36 65 1 0.75
415227 1.08644 36 0 1 0.75
415227 1.08644 100 0 1 0.75
415227 1.08644 48 0 1 0.75
415227 1.08644 100 65 1 0.75
415227 1.08644 100 55 1 0.75
415227 1.08644 36 55 1 0.75
415227 1.08644 60 0 1 0.75
415227 1.08644 48 65 1 0.75
413890 1.17049 100 75 10 1.2
413890 1.17049 60 75 10 1.2
413890 1.17049 36 75 10 1.2
413890 1.17049 48 75 10 1.2
413144 1.36255 9 67.5 -0.6 0
412027 1.55568 18 77.5 10 1.2
412011 1.21992 12 45 10 0.75
412011 1.21992 12 0 10 0.75
411743 1.33876 36 45 -0.8 1.2
411494 1.24373 60 85 10 0
411494 1.24373 60 85 10 -10
411494 1.24373 100 85 10 -10
411494 1.24373 100 85 10 0
411477 1.23829 9 65 -0.2 -0.15
411477 1.23829 9 65 -0.2 -0.45
411477 1.23829 9 65 -0.2 -10
411477 1.23829 9 65 -0.2 -0.3
409682 1.43672 60 75 -1 1.2
409682 1.43672 48 75 -1 1.2
409682 1.43672 100 75 -1 1.2
409505 1.16344 24 45 -0.4 0.75
409240 1.20119 12 70 10 0.6
408513 1.35009 12 60 10 0.9
408513 1.35009 12 57.5 10 0.9
408513 1.35009 12 55 10 0.9
407874 1.29216 18 65 -1 0.3
407812 1.26734 24 55 -0.2 1.2
407812 1.26734 24 65 -0.2 1.2
407812 1.26734 24 70 -0.2 1.2
407812 1.26734 24 0 -0.2 1.2
407451 1.18408 12 57.5 -1 -0.15
407341 1.11783 36 80 -0.2 -10
407341 1.11783 48 80 -0.2 -10
407341 1.11783 60 80 -0.2 -10
407341 1.11783 36 80 -0.2 0
407341 1.11783 60 80 -0.2 0
407341 1.11783 100 80 -0.2 0
407341 1.11783 48 80 -0.2 0
407341 1.11783 100 80 -0.2 -10
407131 1.14756 9 65 10 -0.3
407131 1.14756 9 65 10 -0.45
407131 1.14756 9 65 10 -0.15
407131 1.14756 9 65 10 -10
406921 1.47298 12 60 -1 0.3
406921 1.47298 12 57.5 -1 0.3
406020 1.42569 48 65 1 1.5
406020 1.42569 36 65 1 1.5
406020 1.42569 60 45 0.8 1.5
406020 1.42569 60 55 1 1.5
406020 1.42569 60 0 1 1.5
406020 1.42569 48 0 1 1.5
406020 1.42569 48 45 0.8 1.5
406020 1.42569 48 55 1 1.5
406020 1.42569 36 55 1 1.5
406020 1.42569 36 45 0.8 1.5
406020 1.42569 100 65 1 1.5
406020 1.42569 36 0 1 1.5
406020 1.42569 60 65 1 1.5
406020 1.42569 100 45 0.8 1.5
406020 1.42569 100 55 1 1.5
406020 1.42569 100 0 1 1.5
405734 1.13387 24 45 -0.4 0.6
405571 1.27165 24 65 10 1.35
405571 1.27165 24 70 10 1.35
405192 1.27118 24 0 10 1.35
405192 1.27118 24 45 10 1.35
405021 1.24184 18 75 -0.6 0.15
404374 1.10572 24 65 -1 0
404043 1.28124 9 67.5 -0.2 -10
404043 1.28124 9 67.5 -0.2 -0.15
404043 1.28124 9 67.5 -0.2 -0.45
404043 1.28124 9 67.5 -0.2 -0.3
403366 1.24143 18 75 -0.6 -10
403366 1.24143 18 75 -0.6 0
403361 1.27081 24 55 10 1.35
401734 1.29873 12 57.5 -1 0
401660 1.14086 24 65 -1 0.3
401283 1.18682 24 65 -1 0.6
401283 1.18682 24 70 -1 0.6
401234 1.6501 6 42.5 -0.6 0
401234 1.6501 6 0 -0.6 0
401234 1.6501 6 40 -0.6 0
401234 1.6501 6 37.5 -0.6 0
399603 1.66687 36 75 -1 1.2
399003 1.09697 36 65 -1 0
399003 1.09697 48 65 -1 0
399003 1.09697 60 65 -1 0
399003 1.09697 100 65 -1 0
398982 1.27031 60 85 1 0.6
398982 1.27031 100 85 1 0.6
398776 1.22683 6 42.5 -0.2 -0.45
398776 1.22683 6 42.5 -0.2 -0.3
398776 1.22683 6 42.5 -0.2 -10
398127 1.16093 9 67.5 10 -0.15
398127 1.16093 9 67.5 10 -0.3
398127 1.16093 9 67.5 10 -0.45
398127 1.16093 9 67.5 10 -10
398118 1.08097 60 77.5 10 0.6
398118 1.08097 100 77.5 10 0.6
398118 1.08097 48 77.5 10 0.6
398118 1.08097 36 77.5 10 0.6
397942 1.18215 12 60 -1 -0.15
396980 1.65827 36 85 -0.6 -0.15
396980 1.65827 36 85 -0.6 -10
396980 1.65827 36 85 -0.6 0.3
396980 1.65827 48 85 -0.6 0
396980 1.65827 48 85 -0.6 -10
396980 1.65827 48 85 -0.6 -0.3
396980 1.65827 36 85 -0.6 -0.3
396980 1.65827 36 85 -0.6 0
396980 1.65827 48 85 -0.6 -0.45
396980 1.65827 48 85 -0.6 -0.15
396980 1.65827 36 85 -0.6 -0.45
396980 1.65827 48 85 -0.6 0.3
395565 1.23028 9 45 -1.2 -10
395476 1.16584 48 77.5 10 1.2
395476 1.16584 60 77.5 10 1.2
395476 1.16584 100 77.5 10 1.2
395476 1.16584 36 77.5 10 1.2
395208 1.29621 18 75 -0.6 0.3
393583 1.19375 9 60 -0.6 -0.45
393583 1.19375 9 60 -0.6 -0.3
393583 1.19375 9 60 -0.6 -10
393039 1.10489 18 77.5 10 0.3
392363 1.29608 12 60 -1 0
392326 1.22546 6 37.5 -0.2 -0.45
392326 1.22546 6 40 -0.2 -0.3
392326 1.22546 6 37.5 -0.2 -0.3
392326 1.22546 6 40 -0.2 -10
392326 1.22546 6 40 -0.2 -0.45
392326 1.22546 6 37.5 -0.2 -10
391035 1.65417 48 85 -1 0
391035 1.65417 48 85 -1 -10
391035 1.65417 48 85 -1 0.3
391035 1.65417 36 85 -1 0
391035 1.65417 36 85 -1 -10
391035 1.65417 36 85 -1 -0.45
391035 1.65417 36 85 -1 -0.15
391035 1.65417 36 85 -1 -0.3
391035 1.65417 36 85 -1 0.3
391035 1.65417 48 85 -1 -0.3
391035 1.65417 48 85 -1 -0.15
391035 1.65417 48 85 -1 -0.45
389983 1.09539 12 65 1 -10
389983 1.09539 12 65 1 -0.3
389983 1.09539 12 65 1 -0.45
389983 1.09539 12 65 1 -0.15
389738 1.09487 24 77.5 10 0
389738 1.09487 24 77.5 10 -10
388899 1.12767 9 45 -0.4 -10
388898 1.6557 18 45 -1.2 0.6
388898 1.6557 18 65 -1 0.6
388670 1.11548 18 65 -0.6 0
388035 1.26607 60 85 10 0.6
388035 1.26607 100 85 10 0.6
388035 1.26607 100 85 10 0.75
388035 1.26607 60 85 10 0.75
387897 1.11523 100 75 -0.6 0.3
387897 1.11523 60 75 -0.6 0.3
387897 1.11523 48 75 -0.6 0.3
387897 1.11523 36 75 -0.6 0.3
385793 1.2977 18 82.5 10 0.6
385793 1.2977 18 82.5 10 0
385793 1.2977 18 82.5 10 0.3
385793 1.2977 18 82.5 10 -10
384381 1.38681 12 45 -0.8 0.3
384001 1.39609 12 45 -1.2 0
383622 1.35864 12 75 10 0.75
383157 1.4066 24 45 -0.8 1.2
383157 1.4066 24 55 -0.6 1.2
383157 1.4066 24 70 -0.6 1.2
383157 1.4066 24 0 -0.6 1.2
383157 1.4066 24 65 -0.6 1.2
382894 1.08885 48 80 1 -10
382894 1.08885 100 80 1 0.3
382894 1.08885 36 80 1 -10
382894 1.08885 100 80 1 -10
382894 1.08885 36 80 1 0.3
382894 1.08885 60 80 1 -10
382894 1.08885 60 80 1 0
382894 1.08885 48 80 1 0.3
382894 1.08885 60 80 1 0.3
382894 1.08885 36 80 1 0
382894 1.08885 100 80 1 0
382894 1.08885 48 80 1 0
382506 1.1861 18 0 -0.6 0.6
382506 1.1861 18 55 -0.6 0.6
382446 1.37455 18 80 -0.2 0.3
382059 1.67111 12 75 10 0.9
381538 1.09951 60 75 -0.6 -10
381538 1.09951 48 75 -0.6 0
381538 1.09951 36 75 -0.6 -10
381538 1.09951 60 75 -0.6 0
381538 1.09951 100 75 -0.6 -10
381538 1.09951 36 75 -0.6 0
381538 1.09951 100 75 -0.6 0
381538 1.09951 48 75 -0.6 -10
381520 1.64896 36 85 -0.2 -10
381520 1.64896 48 85 -0.2 -10
381520 1.64896 48 85 -0.2 -0.45
381520 1.64896 48 85 -0.2 -0.15
381520 1.64896 36 85 -0.2 0.3
381520 1.64896 48 85 -0.2 0.3
381520 1.64896 36 85 -0.2 -0.45
381520 1.64896 36 85 -0.2 0
381520 1.64896 48 85 -0.2 0
381520 1.64896 48 85 -0.2 -0.3
381520 1.64896 36 85 -0.2 -0.15
381520 1.64896 36 85 -0.2 -0.3
381382 1.20455 9 60 -0.2 -10
381382 1.20455 9 60 -0.2 -0.3
381382 1.20455 9 60 -0.2 -0.45
381239 1.56751 48 77.5 -1 1.2
381239 1.56751 60 77.5 -1 1.2
381239 1.56751 100 77.5 -1 1.2
380333 1.61279 9 65 -0.2 0.3
380320 1.32377 6 50 -0.6 -0.3
380320 1.32377 6 50 -0.6 -10
380320 1.32377 6 50 -0.6 -0.45
379277 1.14259 18 45 -0.4 0.6
377943 1.23653 12 65 -0.6 0
377752 1.32285 6 42.5 -0.6 -0.3
377752 1.32285 6 42.5 -0.6 -0.45
377752 1.32285 6 42.5 -0.6 -10
377658 1.69817 9 72.5 -0.6 -0.15
377658 1.69817 9 72.5 -0.6 0
377658 1.69817 9 72.5 -0.6 -10
377658 1.69817 9 72.5 -0.6 -0.45
377658 1.69817 9 72.5 -0.6 -0.3
377474 1.50474 12 45 -1.2 0.15
377256 1.4017 24 45 -0.4 1.2
377069 1.16693 9 0 -0.6 -0.15
376903 1.1676 9 45 -0.8 -10
376539 1.4003 6 45 -0.8 -10
376539 1.4003 6 45 -0.8 -0.45
376539 1.4003 6 45 -0.8 -0.3
376450 1.32239 6 40 -0.6 -10
376450 1.32239 6 0 -0.6 -0.3
376450 1.32239 6 37.5 -0.6 -0.3
376450 1.32239 6 37.5 -0.6 -10
376450 1.32239 6 40 -0.6 -0.3
376450 1.32239 6 37.5 -0.6 -0.45
376450 1.32239 6 40 -0.6 -0.45
375981 1.09383 60 55 -0.2 0.6
375981 1.09383 100 55 -0.2 0.6
375981 1.09383 48 55 -0.2 0.6
375981 1.09383 36 55 -0.2 0.6
375794 1.23115 12 55 10 0.75
375274 1.55986 48 80 -1 1.2
375274 1.55986 100 80 -1 1.2
375274 1.55986 60 80 -1 1.2
375206 1.29247 6 0 -0.6 -0.45
375206 1.29247 6 0 -0.6 -10
375007 1.1393 9 45 -0.4 -0.15
374310 1.85172 48 85 -0.6 0.6
374310 1.85172 36 85 -0.6 0.6
374089 1.60819 9 67.5 -0.2 0.3
373602 1.57091 100 80 10 1.5
373602 1.57091 36 80 10 1.5
373602 1.57091 48 80 10 1.5
373602 1.57091 60 80 10 1.5
373170 1.09342 48 0 -0.2 0.6
373170 1.09342 60 0 -0.2 0.6
373170 1.09342 36 0 -0.2 0.6
373170 1.09342 100 0 -0.2 0.6
373007 1.93282 60 85 -1 1.2
373007 1.93282 100 85 -1 1.2
372917 1.30471 12 70 10 0.75
372522 1.25432 12 62.5 10 0.75
371985 1.31455 100 55 -1 1.2
371985 1.31455 60 65 -1 1.2
371985 1.31455 48 65 -1 1.2
371985 1.31455 100 0 -1 1.2
371985 1.31455 48 55 -1 1.2
371985 1.31455 48 0 -1 1.2
371985 1.31455 60 55 -1 1.2
371985 1.31455 100 65 -1 1.2
371985 1.31455 60 0 -1 1.2
371880 1.28653 18 80 -0.2 0.15
371880 1.28653 18 80 -0.2 -10
371880 1.28653 18 80 -0.2 -0.3
371880 1.28653 18 80 -0.2 0
371856 1.99656 36 77.5 -1 1.2
371662 1.24091 6 45 -0.4 -10
371299 1.30389 12 65 10 0.75
370659 1.22052 6 0 -0.2 -0.3
370635 1.19047 9 45 -0.8 -0.15
370535 1.64235 9 0 -0.2 0.3
370221 1.11758 24 65 -0.2 0.6
369937 1.09819 18 75 10 0.3
369407 1.2039 9 60 -0.6 -0.15
368861 1.19673 18 45 -1.2 0.15
368722 1.84625 48 85 -1 0.6
368722 1.84625 36 85 -1 0.6
368268 1.21999 6 0 -0.2 -10
368268 1.21999 6 0 -0.2 -0.45
368085 1.14644 12 62.5 1 0.45
367872 1.27218 9 60 -0.6 0
367704 1.1108 18 77.5 1 0.3
367523 1.22898 12 60 10 0.75
367523 1.22898 12 57.5 10 0.75
367424 1.37966 12 0 -1 0.3
367424 1.37966 12 55 -1 0.3
367230 1.1531 24 75 -0.6 0.3
366056 1.97695 36 80 -1 1.2
366018 1.16606 9 0 -0.6 -0.3
363933 1.17559 9 67.5 1 -0.15
363933 1.17559 9 67.5 1 -10
363933 1.17559 9 67.5 1 -0.3
363933 1.17559 9 67.5 1 -0.45
363580 1.13754 9 45 -0.4 -0.3
362848 1.40701 36 55 -1 1.2
362848 1.40701 36 0 -1 1.2
362848 1.40701 36 65 -1 1.2
362521 1.10057 18 77.5 10 0
362521 1.10057 18 77.5 10 -10
361498 1.16535 9 65 1 0
361165 1.12893 24 75 -0.6 -10
361165 1.12893 24 75 -0.6 0
361142 1.1588 24 77.5 -0.2 0.3
360335 1.31676 36 85 1 0
360335 1.31676 48 85 1 -10
360335 1.31676 36 85 1 -0.45
360335 1.31676 48 85 1 -0.45
360335 1.31676 36 85 1 0.3
360335 1.31676 36 85 1 -0.3
360335 1.31676 48 85 1 -0.15
360335 1.31676 48 85 1 -0.3
360335 1.31676 36 85 1 -10
360335 1.31676 48 85 1 0.3
360335 1.31676 48 85 1 0
360335 1.31676 36 85 1 -0.15
360279 1.11774 9 0 -0.6 -10
359766 1.83847 36 85 -0.2 0.6
359766 1.83847 48 85 -0.2 0.6
359331 1.1881 9 45 -0.8 -0.3
359088 1.32973 24 55 -1 0.9
359088 1.32973 24 55 -1 1.05
359088 1.32973 24 0 -1 0.9
359088 1.32973 24 0 -1 1.05
359064 1.27002 9 45 0.8 0.45
358832 1.13006 9 45 -0.4 -0.45
358047 1.26891 9 55 -0.6 0
358047 1.14457 12 45 -1.2 -0.3
357926 1.21403 9 60 -0.2 -0.15
357759 1.24932 9 65 -0.2 0
357175 1.24279 9 0 1 0.45
356859 1.17393 9 70 10 -0.15
356859 1.17393 9 70 10 -0.3
356859 1.17393 9 70 10 0
356859 1.17393 9 70 10 -10
356859 1.17393 9 70 10 -0.45
356228 1.63508 9 45 -0.4 0.3
356119 1.12358 12 57.5 1 0.45
356119 1.12358 12 60 1 0.45
355643 1.09766 12 45 -0.8 -0.3
355239 1.26015 6 50 -0.2 -10
354613 1.17475 9 45 -0.8 -0.45
354472 1.11355 12 0 1 0.45
353924 1.1473 9 65 10 0
353911 1.07734 24 75 1 0.3
353777 1.09084 60 45 -1.2 0.15
353777 1.09084 48 45 -1.2 0.15
353777 1.09084 100 45 -1.2 0.15
353430 1.10839 18 75 1 0.3
351543 1.26794 9 55 1 0.45
351423 1.2251 9 0 -0.6 0
351367 1.46065 9 70 -0.2 -0.15
351367 1.46065 9 70 -0.2 -10
351367 1.46065 9 70 -0.2 0
351367 1.46065 9 70 -0.2 -0.3
351367 1.46065 9 70 -0.2 -0.45
351270 1.29931 9 67.5 -0.2 0
350895 1.19254 18 80 1 -10
350895 1.19254 18 80 1 -0.45
350895 1.19254 18 80 1 0
350895 1.19254 18 80 1 0.3
350895 1.19254 18 80 1 -0.3
350895 1.19254 18 80 1 -0.15
350776 1.19948 6 50 1 -10
350588 1.13555 9 0 -0.2 -0.3
350417 1.31252 36 85 10 -10
350417 1.31252 48 85 10 -10
350417 1.31252 36 85 10 -0.45
350417 1.31252 48 85 10 -0.45
350417 1.31252 48 85 10 -0.15
350417 1.31252 48 85 10 -0.3
350417 1.31252 36 85 10 0
350417 1.31252 36 85 10 0.3
350417 1.31252 36 85 10 -0.15
350417 1.31252 48 85 10 0.3
350417 1.31252 48 85 10 0
350417 1.31252 36 85 10 -0.3
349309 1.07467 12 65 10 -10
349045 1.11749 12 57.5 -0.6 -0.45
348970 1.17245 6 42.5 1 -10
348970 1.17245 6 42.5 1 -0.3
348970 1.17245 6 42.5 1 -0.45
348880 1.11926 12 55 1 0.45
348769 1.3581 6 37.5 -0.6 -0.15
348769 1.3581 6 40 -0.6 -0.15
348769 1.3581 6 42.5 -0.6 -0.15
348769 1.3581 6 0 -0.6 -0.15
348733 1.45566 24 70 10 1.5
348733 1.45566 24 65 10 1.5
348345 1.1172 12 57.5 -0.6 -0.3
347190 1.14187 9 0 -0.6 -0.45
346857 1.45336 24 55 10 1.5
346857 1.45336 24 45 10 1.5
346857 1.45336 24 0 10 1.5
346519 1.75476 24 45 10 1.65
346519 1.75476 24 0 10 1.65
346519 1.75476 24 55 10 1.65
346423 1.35705 6 50 -0.6 -0.15
346159 1.16152 9 67.5 10 0
345427 1.64244 9 67.5 10 0.6
345068 1.0987 36 45 -1.2 0.15
344757 1.15268 18 55 -1 0.3
344683 1.19784 6 45 0.8 -10
344284 1.81963 9 70 10 0.6
342391 1.16999 9 55 -0.6 -10
342391 1.16999 9 55 -0.6 -0.3
342391 1.16999 9 55 -0.6 -0.15
342391 1.16999 9 55 -0.6 -0.45
341988 1.11478 12 65 -0.2 -10
341988 1.11478 12 65 -0.2 -0.45
341988 1.11478 12 65 -0.2 -0.3
341988 1.11478 12 65 -0.2 -0.15
341910 1.09815 9 0 -0.2 -10
341210 1.08526 12 62.5 1 -10
340529 1.07539 48 65 -0.6 0
340529 1.07539 60 65 -0.6 0
340529 1.07539 100 65 -0.6 0
340529 1.07539 36 65 -0.6 0
340528 1.08066 24 65 -0.6 0
340203 1.28941 9 45 -0.8 0
340097 1.31646 12 0 -1 0.15
340097 1.31646 12 55 -1 0.15
339842 1.08574 48 55 -1 0.3
339842 1.08574 60 0 -1 0.3
339842 1.08574 48 0 -1 0.3
339842 1.08574 36 55 -1 0.3
339842 1.08574 100 55 -1 0.3
339842 1.08574 100 0 -1 0.3
339842 1.08574 60 55 -1 0.3
339842 1.08574 36 0 -1 0.3
339765 1.35499 36 85 1 0.6
339765 1.35499 48 85 1 0.6
339323 1.2483 9 45 0.8 0.3
339150 1.10599 18 77.5 1 -10
339150 1.10599 18 77.5 1 0
338589 1.08353 60 65 -0.6 0.3
338589 1.08353 36 65 -0.6 0.3
338589 1.08353 100 65 -0.6 0.3
338589 1.08353 48 65 -0.6 0.3
338226 1.11304 12 57.5 -0.6 -10
338225 1.11564 12 60 -0.6 -10
338225 1.11564 12 60 -0.6 -0.45
337997 1.17038 6 40 1 -0.45
337997 1.17038 6 40 1 -10
337997 1.17038 6 40 1 -0.3
337637 1.53144 24 0 -1 1.2
337637 1.53144 24 55 -1 1.2
337637 1.53144 24 70 -1 1.2
337637 1.53144 24 65 -1 1.2
337552 1.11535 12 60 -0.6 -0.3
337440 1.58521 9 60 -0.2 0.3
337240 1.09323 18 75 10 -10
337240 1.09323 18 75 10 0
337101 1.22288 12 62.5 -0.6 0
336082 1.23021 9 0 1 0.3
335223 1.10117 9 45 10 -10
334779 1.14906 9 45 10 0.45
334777 1.14057 9 55 -0.2 -10
334777 1.14057 9 55 -0.2 -0.45
334777 1.14057 9 55 -0.2 -0.15
334777 1.14057 9 55 -0.2 -0.3
334271 1.16962 6 37.5 1 -0.45
334271 1.16962 6 37.5 1 -0.3
334271 1.16962 6 37.5 1 -10
333511 1.08918 12 57.5 -0.2 -0.45
333320 1.58254 9 55 -0.2 0.3
333117 1.21564 9 0 -1 -0.3
332837 1.08896 12 57.5 -0.2 -0.3
331814 1.16913 6 0 1 -0.3
331776 1.21527 9 0 -1 -0.45
331497 1.10208 12 62.5 -0.2 -10
331497 1.10208 12 62.5 -0.2 -0.3
331497 1.10208 12 62.5 -0.2 -0.45
330866 1.13534 6 42.5 10 -0.3
330866 1.13534 6 42.5 10 -10
330866 1.13534 6 42.5 10 -0.45
330747 1.13941 12 55 -1 -0.3
330601 1.70697 24 70 10 1.65
330601 1.70697 24 65 10 1.65
330581 1.09121 24 55 -0.2 0.6
330440 1.35005 36 85 10 0.6
330440 1.35005 48 85 10 0.6
330274 1.13524 6 40 10 -10
330274 1.13524 6 40 10 -0.3
330274 1.13524 6 40 10 -0.45
330251 1.24159 12 62.5 -0.2 0.3
330251 1.24159 12 65 -0.2 0.3
330049 1.23642 9 0 -1 -0.15
329693 1.16871 6 0 1 -10
329693 1.16871 6 0 1 -0.45
328826 1.07754 24 70 -0.6 -10
328826 1.07754 24 70 -0.6 0
328649 1.13377 12 45 10 0.6
328649 1.13377 12 0 10 0.6
328511 1.53264 9 72.5 -0.2 -0.3
328511 1.53264 9 72.5 -0.2 0
328511 1.53264 9 72.5 -0.2 -0.45
328511 1.53264 9 72.5 -0.2 -10
328511 1.53264 9 72.5 -0.2 -0.15
328356 1.16573 9 60 1 -0.15
328119 1.09078 24 0 -0.2 0.6
328041 1.07654 12 65 10 0
327593 1.16156 9 45 10 0.3
326874 1.27857 6 42.5 -0.2 0
326874 1.27857 6 0 -0.2 0
326874 1.27857 6 40 -0.2 0
326874 1.27857 6 37.5 -0.2 0
326481 1.11486 12 45 0.8 0.45
325696 1.16826 6 50 10 -10
325178 1.09934 12 62.5 -0.2 -0.15
325178 1.08645 12 57.5 -0.2 -0.15
324458 1.14867 12 62.5 10 0.6
323705 1.07922 12 65 10 0.3
323659 1.20937 9 70 10 0.3
323167 1.0858 12 57.5 -0.2 -10
322619 1.07261 24 75 1 0
322619 1.07261 24 75 1 -10
322565 1.08413 12 45 -0.8 -10
322460 1.08645 24 65 -1 -10
322460 1.08645 24 65 -1 -0.3
322148 1.10288 18 75 1 0
322148 1.10288 18 75 1 -10
322046 1.11725 12 57.5 -0.6 -0.15
321770 1.16459 9 60 1 -0.45
321770 1.16459 9 60 1 -0.3
321770 1.16459 9 60 1 -10
321404 1.23822 12 0 -1 0
321215 1.21074 18 75 -0.2 0.45
321215 1.21074 18 77.5 -0.2 0.45
321124 1.13429 12 55 -1 -10
320788 1.18299 9 70 1 -10
320788 1.18299 9 70 1 -0.45
320788 1.18299 9 70 1 0
320788 1.18299 9 70 1 -0.3
320788 1.18299 9 70 1 -0.15
320588 1.15329 18 65 -0.6 0.45
320470 1.14705 9 0 10 0.45
320330 1.17712 9 60 10 0.45
319659 1.47744 100 65 -0.2 1.5
319659 1.47744 60 0 -0.2 1.5
319659 1.47744 48 0 -0.2 1.5
319659 1.47744 100 0 -0.2 1.5
319659 1.47744 100 55 -0.2 1.5
319659 1.47744 60 65 -0.2 1.5
319659 1.47744 48 55 -0.2 1.5
319659 1.47744 48 65 -0.2 1.5
319659 1.47744 36 0 -0.2 1.5
319659 1.47744 36 55 -0.2 1.5
319659 1.47744 36 65 -0.2 1.5
319659 1.47744 60 55 -0.2 1.5
319657 1.278 6 0 -0.2 -0.15
319657 1.278 6 40 -0.2 -0.15
319657 1.278 6 37.5 -0.2 -0.15
319657 1.278 6 42.5 -0.2 -0.15
318903 1.13993 9 60 10 -10
318385 1.1166 12 65 1 0
318322 1.09643 12 55 -0.6 -0.45
318186 1.07935 36 65 -1 -10
318186 1.07935 100 65 -1 -10
318186 1.07935 60 65 -1 -10
318186 1.07935 48 65 -1 -10
317930 1.25746 12 70 -0.2 0.3
317744 1.14721 12 70 1 0.45
317686 1.09617 12 55 -0.6 -0.3
316707 1.1335 6 0 10 -0.3
316473 1.13346 6 37.5 10 -10
316473 1.13346 6 37.5 10 -0.45
316473 1.13346 6 37.5 10 -0.3
316417 1.17745 9 67.5 1 0
316389 1.19216 6 42.5 1 -0.15
316231 1.17522 9 55 10 0.45
316006 1.23722 12 75 10 0.6
314656 1.13315 6 0 10 -10
314656 1.13315 6 0 10 -0.45
314414 1.18997 6 42.5 1 0
314210 1.12226 12 65 1 0.3
313568 1.09354 12 60 -0.2 -10
313568 1.09354 12 60 -0.2 -0.45
312942 1.0933 12 60 -0.2 -0.3
312340 1.06035 18 70 1 0
311960 1.11792 12 45 -1.2 -10
311058 1.32557 9 75 0.6 -0.15
311058 1.32557 9 75 0.6 0
311058 1.32557 9 75 0.6 -0.3
311058 1.32557 9 75 0.6 -10
311058 1.32557 9 75 0.6 -0.45
310367 1.09324 12 55 -0.6 -0.15
310366 1.1908 6 40 1 -0.15
310129 1.06006 18 70 1 -10
310104 1.26281 12 55 -1 0
310075 1.21033 9 60 -0.2 0
309989 1.09653 12 0 1 0.3
309972 1.10588 18 70 -0.6 0
309972 1.10588 18 70 -0.6 -10
309936 1.19039 9 67.5 10 0.3
309693 1.13633 12 55 10 0.6
309601 1.20106 9 0 -0.2 0.15
309539 1.10417 12 57.5 1 0.3
309469 1.11473 12 60 -0.6 -0.15
309451 1.11489 12 62.5 1 0.15
309220 1.07262 12 45 -0.4 -0.3
308774 1.12122 12 62.5 1 0.3
308753 1.41312 9 65 10 0.6
308461 1.09248 12 55 -0.6 -10
308440 1.1886 6 40 1 0
308218 1.12559 24 77.5 -0.2 -10
308218 1.12559 24 77.5 -0.2 0
307234 1.13571 12 60 10 0.6
307150 1.18919 9 65 1 0.3
306946 1.18988 6 37.5 1 -0.15
306940 1.06542 100 77.5 1 0.3
306940 1.06542 36 77.5 1 0.3
306940 1.06542 48 77.5 1 0.3
306940 1.06542 60 77.5 1 0.3
306529 1.11085 9 45 0.8 -10
306444 1.07546 9 0 10 -10
306091 1.09234 18 55 -0.2 0.6
305871 1.10353 12 60 1 0.3
305840 1.1896 6 0 1 -0.15
305558 1.09569 12 55 1 0.3
305371 1.07535 12 55 -0.2 -0.45
305040 1.18768 6 0 1 0
305040 1.18768 6 37.5 1 0
304770 1.07515 12 55 -0.2 -0.3
304762 1.33165 12 75 -0.6 -10
304762 1.33165 12 75 -0.6 -0.3
304762 1.33165 12 75 -0.6 0
304762 1.33165 12 75 -0.6 -0.15
304762 1.33165 12 75 -0.6 -0.45
304668 1.22646 12 70 -0.6 -0.15
304668 1.22646 12 70 -0.6 -10
304668 1.22646 12 70 -0.6 0
304668 1.22646 12 70 -0.6 -0.45
304668 1.22646 12 70 -0.6 -0.3
303302 1.27778 9 45 10 0.6
303302 1.27778 9 0 10 0.6
303233 1.09009 12 60 -0.2 -0.15
302874 1.13492 12 57.5 10 0.6
302690 1.14587 6 45 10 -10
302543 1.18896 9 55 1 0.3
302486 1.17227 9 0 -0.2 0
302125 1.07214 12 45 -0.4 -0.15
301924 1.10899 18 65 -1 -10
301924 1.10899 18 65 -1 -0.3
301864 1.1132 18 65 -0.6 0.15
301834 1.29638 9 75 10 0
301834 1.29638 9 75 10 -0.45
301834 1.29638 9 75 10 -0.3
301834 1.29638 9 75 10 -0.15
301834 1.29638 9 75 10 -10
301466 1.18939 9 60 1 0.3
300348 1.99326 18 65 10 1.5
300005 1.04833 18 70 10 0
299519 1.0608 24 45 0.8 0.6
299519 1.0608 48 45 0.8 0.6
299519 1.0608 60 45 0.8 0.6
299519 1.0608 36 45 0.8 0.6
299519 1.0608 100 45 0.8 0.6
299516 1.14478 6 40 10 -0.15
299243 1.06877 12 45 -0.4 -0.45
298740 1.06121 12 45 10 0.3
298607 1.53885 12 75 -0.6 0.3
298174 1.72816 100 55 1 1.8
298174 1.72816 60 77.5 1 1.8
298174 1.72816 36 65 1 1.8
298174 1.72816 100 0 1 1.8
298174 1.72816 100 75 1 1.8
298174 1.72816 36 0 1 1.8
298174 1.72816 60 55 1 1.8
298174 1.72816 48 55 1 1.8
298174 1.72816 48 75 1 1.8
298174 1.72816 48 45 0.8 1.8
298174 1.72816 100 65 1 1.8
298174 1.72816 60 65 1 1.8
298174 1.72816 36 55 1 1.8
298174 1.72816 60 0 1 1.8
298174 1.72816 36 45 0.8 1.8
298174 1.72816 48 77.5 1 1.8
298174 1.72816 60 45 0.8 1.8
298174 1.72816 100 45 0.8 1.8
298174 1.72816 60 75 1 1.8
298174 1.72816 36 75 1 1.8
298174 1.72816 36 77.5 1 1.8
298174 1.72816 48 65 1 1.8
298174 1.72816 48 0 1 1.8
298174 1.72816 100 77.5 1 1.8
297889 1.04808 18 70 10 -10
297808 1.24154 9 72.5 10 0
297808 1.24154 9 72.5 10 -10
297808 1.24154 9 72.5 10 -0.45
297808 1.24154 9 72.5 10 -0.15
297808 1.24154 9 72.5 10 -0.3
297737 1.07286 12 55 -0.2 -0.15
297334 1.27163 12 70 -0.2 0.45
297315 1.14316 6 40 10 0
297110 1.1424 9 0 10 0.3
296823 1.05883 18 70 1.4 0
296554 1.34333 9 60 10 0.6
296384 1.06368 60 75 1 0.3
296384 1.06368 100 75 1 0.3
296384 1.06368 36 75 1 0.3
296384 1.06368 48 75 1 0.3
296262 1.0551 18 65 1 0
296214 1.14408 6 42.5 10 -0.15
295904 1.07226 12 55 -0.2 -10
295899 1.06084 12 0 10 0.3
295641 1.18051 18 70 -0.6 0.45
295569 1.13295 9 60 10 0.3
295565 1.07397 12 60 1 -10
295442 1.06201 18 65 10 0.6
295021 1.08696 12 0 -0.6 -0.3
294729 1.05853 18 70 1.4 -10
294645 1.37191 9 75 0.6 0.3
294551 1.12146 12 0 -1 -0.3
294202 1.30119 9 72.5 10 0.3
294037 1.14245 6 42.5 10 0
293656 1.16703 12 70 -0.2 -10
293656 1.16703 12 70 -0.2 0
293656 1.16703 12 70 -0.2 -0.3
293424 1.08797 24 55 -1 0.3
293424 1.08797 24 0 -1 0.3
293405 1.15113 9 65 10 0.3
293303 1.06268 24 65 1 0.6
293303 1.06268 60 65 1 0.6
293303 1.06268 48 65 1 0.6
293303 1.06268 100 65 1 0.6
293303 1.06268 36 65 1 0.6
292758 1.33934 9 55 10 0.6
292685 1.1818 12 70 -0.2 0.15
292654 1.11055 18 70 -0.6 0.15
292203 1.11383 9 45 0.8 -0.3
291317 1.06396 12 45 -0.4 -10
291116 1.05056 18 70 10 0.3
290979 1.10866 9 0 1 -0.3
290941 1.22816 9 70 1 0.3
290161 1.09769 12 45 0.8 0.3
290041 1.06194 12 60 10 0.3
289598 1.06322 24 75 10 0.3
288288 1.14301 6 0 10 -0.15
287884 1.17395 12 60 -0.6 0
287209 1.1416 6 0 10 0
286959 1.14276 6 37.5 10 -0.15
285595 1.17678 9 45 -0.4 0
284893 1.14113 6 37.5 10 0
283312 1.21964 9 67.5 1 0.3
283119 1.0613 100 77.5 1 0
283119 1.0613 36 77.5 1 -10
283119 1.0613 100 77.5 1 -10
283119 1.0613 60 77.5 1 0
283119 1.0613 36 77.5 1 0
283119 1.0613 48 77.5 1 -10
283119 1.0613 60 77.5 1 -10
283119 1.0613 48 77.5 1 0
283077 1.11795 12 70 1 0.15
282984 1.101 9 0 10 0
282872 1.10768 9 45 10 0.15
281971 1.14135 100 65 10 1.35
281971 1.14135 60 65 10 1.35
281971 1.14135 36 65 10 1.35
281971 1.14135 48 65 10 1.35
281729 1.08129 9 0 1 -10
281714 1.14092 36 0 10 1.35
281714 1.14092 60 0 10 1.35
281714 1.14092 100 0 10 1.35
281714 1.14092 100 45 10 1.35
281714 1.14092 48 0 10 1.35
281714 1.14092 36 45 10 1.35
281714 1.14092 60 45 10 1.35
281714 1.14092 48 45 10 1.35
281707 1.33005 9 75 10 0.3
281706 1.31953 12 70 -0.6 0.3
281171 1.14859 12 65 -0.2 0
281153 1.09447 12 60 1 0.15
281074 1.08288 12 0 -0.6 -0.15
281015 1.12935 9 55 10 0.3
280932 1.1366 9 60 1 0
280884 1.05839 18 70 0.6 0
280437 1.14059 60 55 10 1.35
280437 1.14059 36 55 10 1.35
280437 1.14059 48 55 10 1.35
280437 1.14059 100 55 10 1.35
280380 1.13256 12 70 1 0.3
280086 1.17853 9 55 -0.2 0
279924 1.21153 12 45 -0.4 0.3
279805 1.10614 9 45 10 0
279409 1.13572 9 0 -1 -10
278962 1.07191 24 65 -0.6 -10
278959 1.0671 36 65 -0.6 -10
278959 1.0671 48 65 -0.6 -10
278959 1.0671 60 65 -0.6 -10
278959 1.0671 100 65 -0.6 -10
278907 1.05808 18 70 0.6 -10
278773 1.05595 12 60 10 -10
278431 1.12301 9 60 10 0
277814 1.32975 12 62.5 -0.6 0.3
277814 1.32975 12 65 -0.6 0.3
277805 1.10279 12 62.5 1 0
276356 1.11685 9 55 1 -10
276356 1.11685 9 55 1 -0.3
276306 1.10547 9 55 10 -10
276153 1.18996 12 0 -0.2 0.3
275840 1.08938 18 65 -0.6 -10
275211 1.11606 12 70 1 -0.3
275211 1.11606 12 70 1 -10
274881 1.13756 9 45 0.8 0.15
274701 1.05988 12 57.5 10 0.3
273590 1.05954 12 55 10 0.3
273435 1.06658 12 57.5 1 -10
273295 1.11563 12 70 1 0
272660 1.09784 18 45 -0.8 0.3
271071 1.12513 18 70 -0.6 0.3
270312 1.12756 9 45 0.8 0
270185 1.05896 60 75 1 0
270185 1.05896 36 75 1 -10
270185 1.05896 100 75 1 0
270185 1.05896 48 75 1 0
270185 1.05896 48 75 1 -10
270185 1.05896 36 75 1 0
270185 1.05896 60 75 1 -10
270185 1.05896 100 75 1 -10
269237 1.07691 12 70 10 -10
268784 1.18491 12 55 -0.2 0.3
268638 1.15482 12 45 -0.8 0
268605 1.30818 9 75 1 -10
268605 1.30818 9 75 1 -0.3
268605 1.30818 9 75 1.4 -0.15
268605 1.30818 9 75 1.4 -0.45
268605 1.30818 9 75 1 0
268605 1.30818 9 75 1 -0.15
268605 1.30818 9 75 1 -0.45
268605 1.30818 9 75 1.4 -0.3
268605 1.30818 9 75 1.4 0
268605 1.30818 9 75 1.4 -10
268444 1.08566 24 65 -0.6 0.3
267814 1.12475 18 65 -0.6 0.3
267350 1.12547 12 62.5 -0.2 0
267344 1.07655 12 70 10 0
267339 1.1071 12 57.5 -0.2 0
265830 1.05766 18 45 0.8 0.6
265690 1.1995 12 60 -0.2 0.3
265342 1.12029 9 60 10 0.15
265023 1.24085 9 72.5 1 -0.3
265023 1.24085 9 72.5 1 -10
265023 1.24085 9 72.5 1 0
265023 1.24085 9 72.5 1 -0.15
265023 1.24085 9 72.5 1 -0.45
263993 1.05871 24 75 10 0
263993 1.05871 24 75 10 -10
262415 1.19853 12 57.5 -0.2 0.3
262392 1.0835 24 70 -0.6 0.3
262247 1.11867 9 0 1 0
262021 1.07374 12 0 -0.6 -0.45
261814 1.30881 9 72.5 1 0.3
261771 1.05678 18 0 1 0.6
261110 1.9274 24 45 10 1.8
261110 1.9274 24 65 10 1.8
261110 1.9274 24 0 10 1.8
261110 1.9274 24 70 10 1.8
261110 1.9274 24 55 10 1.8
260608 1.16603 12 55 -0.6 0
260476 1.05555 12 60 10 0
260262 1.06482 12 0 -0.2 -0.3
260051 1.04541 12 0 -0.6 -10
259735 1.24923 12 0 -0.2 0.45
259420 1.08281 12 70 10 0.3
259335 1.29801 12 75 -0.2 0.3
259102 1.06192 12 62.5 10 -10
258321 1.24821 12 45 -0.8 0.15
257969 1.05018 12 57.5 10 -10
257666 1.05876 18 55 1 0.6
257614 1.43626 100 75 10 1.8
257614 1.43626 48 75 10 1.8
257614 1.43626 36 75 10 1.8
257614 1.43626 60 75 10 1.8
257505 1.16298 12 57.5 -0.6 0
257331 1.19339 18 75 -0.2 0.3
257331 1.19339 18 77.5 -0.2 0.3
255748 1.04596 18 65 1 -10
255699 1.10274 9 0 10 0.15
255433 1.29185 12 75 -0.2 0.45
254866 1.06168 60 45 -0.8 0.3
254866 1.06168 100 45 -0.8 0.3
254866 1.06168 48 45 -0.8 0.3
254866 1.06168 36 45 -0.8 0.3
254554 1.08102 100 77.5 -0.2 0.3
254554 1.08102 60 77.5 -0.2 0.3
254554 1.08102 48 77.5 -0.2 0.3
254554 1.08102 36 77.5 -0.2 0.3
253159 1.05182 60 0 1 0.6
253159 1.05182 100 0 1 0.6
253159 1.05182 24 0 1 0.6
253159 1.05182 36 0 1 0.6
253159 1.05182 48 0 1 0.6
253118 1.13992 9 55 1 0.15
252532 1.08811 12 57.5 1 0.15
252136 1.43004 48 77.5 10 1.8
252136 1.43004 60 77.5 10 1.8
252136 1.43004 100 77.5 10 1.8
252136 1.43004 36 77.5 10 1.8
250791 1.05243 12 57.5 10 0
250694 1.34944 9 75 1 0.3
250694 1.34944 9 75 1.4 0.3
250388 1.1101 9 55 10 0
249608 1.04991 12 0 -1 -10
249305 1.1136 12 60 -0.2 0
249184 1.05345 100 55 1 0.6
249184 1.05345 24 55 1 0.6
249184 1.05345 60 55 1 0.6
249184 1.05345 36 55 1 0.6
249184 1.05345 48 55 1 0.6
247824 1.06572 12 62.5 10 0.3
247665 1.07913 60 75 -0.2 0.3
247665 1.07913 48 75 -0.2 0.3
247665 1.07913 100 75 -0.2 0.3
247665 1.07913 36 75 -0.2 0.3
247141 1.05136 36 77.5 10 0.3
247141 1.05136 60 77.5 10 0.3
247141 1.05136 48 77.5 10 0.3
247141 1.05136 100 77.5 10 0.3
247123 1.059 12 55 1 -10
246416 1.10991 9 55 10 0.15
246337 1.12926 9 55 1 0
245955 1.0786 12 55 -0.2 0
245429 1.12364 9 0 1 0.15
245391 1.0984 24 75 -0.2 0.3
243098 1.16376 12 75 1 0.45
242600 1.06192 12 62.5 10 0
242520 1.05019 100 75 10 0.3
242520 1.05019 48 75 10 0.3
242520 1.05019 36 75 10 0.3
242520 1.05019 60 75 10 0.3
242438 1.20782 60 65 10 1.5
242438 1.20782 100 65 10 1.5
242438 1.20782 36 65 10 1.5
242438 1.20782 48 65 10 1.5
242043 1.22941 36 55 10 1.65
242043 1.22941 48 55 10 1.65
242043 1.22941 60 55 10 1.65
242043 1.22941 36 0 10 1.65
242043 1.22941 100 45 10 1.65
242043 1.22941 48 0 10 1.65
242043 1.22941 36 45 10 1.65
242043 1.22941 60 45 10 1.65
242043 1.22941 48 45 10 1.65
242043 1.22941 60 0 10 1.65
242043 1.22941 100 55 10 1.65
242043 1.22941 100 0 10 1.65
241145 1.20591 48 45 10 1.5
241145 1.20591 48 0 10 1.5
241145 1.20591 36 0 10 1.5
241145 1.20591 48 55 10 1.5
241145 1.20591 36 45 10 1.5
241145 1.20591 36 55 10 1.5
241145 1.20591 60 55 10 1.5
241145 1.20591 100 45 10 1.5
241145 1.20591 100 0 10 1.5
241145 1.20591 60 45 10 1.5
241145 1.20591 60 0 10 1.5
241145 1.20591 100 55 10 1.5
240572 1.17866 12 75 -0.2 -0.3
240572 1.17866 12 75 -0.2 0
240572 1.17866 12 75 -0.2 -10
240572 1.17866 12 75 -0.2 0.15
240127 1.08119 12 60 1 0
239781 1.06775 12 0 -0.2 0
239340 1.0414 24 70 1 0
238891 1.15363 18 77.5 -0.2 0.15
238891 1.15363 18 77.5 -0.2 0
238891 1.15363 18 75 -0.2 0.15
238891 1.15363 18 75 -0.2 0
238891 1.15363 18 77.5 -0.2 -10
238891 1.15363 18 75 -0.2 -10
238441 1.09855 12 0 -0.6 0
237857 1.30586 12 60 -0.6 0.3
237635 1.04112 24 70 1 -10
236912 1.05703 36 45 -1.2 0
236912 1.05703 100 45 -1.2 0
236912 1.05703 60 45 -1.2 0
236912 1.05703 48 45 -1.2 0
236358 1.04856 24 70 10 0.6
234405 1.06058 24 45 -1.2 0
233979 1.07232 12 55 1 0.15
232230 1.04343 24 70 1 0.3
231236 1.04511 12 0 10 0
231152 1.03858 18 65 10 0
231108 1.0764 12 57.5 1 0
230926 1.22095 36 65 10 1.65
230926 1.22095 100 65 10 1.65
230926 1.22095 48 65 10 1.65
230926 1.22095 60 65 10 1.65
230885 1.05476 18 0 0.6 0.6
230202 1.0588 36 55 -1 0
230202 1.0588 48 55 -1 0
230202 1.0588 60 55 -1 0
230202 1.0588 100 55 -1 0
229199 1.05695 18 65 -0.2 0
227942 1.04743 36 77.5 10 0
227942 1.04743 48 77.5 10 0
227942 1.04743 48 77.5 10 -10
227942 1.04743 36 77.5 10 -10
227942 1.04743 100 77.5 10 -10
227942 1.04743 60 77.5 10 0
227942 1.04743 60 77.5 10 -10
227942 1.04743 100 77.5 10 0
227754 1.0627 24 55 -1 0
226969 1.26366 12 0 -0.6 0.3
226322 1.29682 60 55 10 1.8
226322 1.29682 60 65 10 1.8
226322 1.29682 36 0 10 1.8
226322 1.29682 60 45 10 1.8
226322 1.29682 100 65 10 1.8
226322 1.29682 48 0 10 1.8
226322 1.29682 100 0 10 1.8
226322 1.29682 36 45 10 1.8
226322 1.29682 36 55 10 1.8
226322 1.29682 48 55 10 1.8
226322 1.29682 60 0 10 1.8
226322 1.29682 36 65 10 1.8
226322 1.29682 48 65 10 1.8
226322 1.29682 100 45 10 1.8
226322 1.29682 48 45 10 1.8
226322 1.29682 100 55 10 1.8
224599 1.0984 12 75 10 0.3
223951 1.07775 12 45 -0.4 0
223647 1.25711 12 55 -0.6 0.3
221842 1.13305 18 65 -0.2 0.75
221079 1.04567 60 75 10 -10
221079 1.04567 48 75 10 0
221079 1.04567 100 75 10 0
221079 1.04567 60 75 10 0
221079 1.04567 36 75 10 0
221079 1.04567 36 75 10 -10
221079 1.04567 100 75 10 -10
221079 1.04567 48 75 10 -10
220989 1.25187 12 57.5 -0.6 0.3
220201 1.13213 18 55 -0.2 0.75
220068 1.06046 24 45 -0.8 0.3
219264 1.044 12 55 10 -10
219240 1.05021 24 70 -0.2 0
218859 1.09569 12 0 -0.2 0.15
217896 1.07611 24 75 -0.2 0
217896 1.07611 24 75 -0.2 -10
216215 1.08121 18 55 -1 0.15
215314 1.03034 12 0 -0.2 -10
215194 1.07144 12 45 0.8 0.15
214222 1.12195 12 75 1 0.15
214114 1.04617 12 55 10 0
214048 1.09466 12 75 10 -10
214048 1.09466 12 75 10 0
213398 1.09342 48 55 10 1.2
213398 1.09342 60 55 10 1.2
213398 1.09342 100 55 10 1.2
213398 1.09342 36 55 10 1.2
213398 1.09342 24 55 10 1.2
212788 1.09359 60 65 10 1.2
212788 1.09359 36 65 10 1.2
212788 1.09359 48 65 10 1.2
212788 1.09359 24 70 10 1.2
212788 1.09359 100 65 10 1.2
212788 1.09359 24 65 10 1.2
211346 1.17318 18 65 -0.2 0.9
211276 1.13247 12 75 1 0.3
210612 1.04981 60 0 -1 0
210612 1.04981 48 0 -1 0
210612 1.04981 100 0 -1 0
210612 1.04981 36 0 -1 0
210528 1.09253 100 0 10 1.2
210528 1.09253 100 45 10 1.2
210528 1.09253 48 0 10 1.2
210528 1.09253 60 45 10 1.2
210528 1.09253 36 45 10 1.2
210528 1.09253 24 45 10 1.2
210528 1.09253 24 0 10 1.2
210528 1.09253 48 45 10 1.2
210528 1.09253 60 0 10 1.2
210528 1.09253 36 0 10 1.2
209787 1.1719 18 55 -0.2 0.9
208395 1.05291 24 0 -1 0
207541 1.06186 100 75 -0.2 -10
207541 1.06186 48 75 -0.2 0
207541 1.06186 48 75 -0.2 -10
207541 1.06186 36 75 -0.2 -10
207541 1.06186 36 75 -0.2 0
207541 1.06186 100 75 -0.2 0
207541 1.06186 60 75 -0.2 -10
207541 1.06186 60 75 -0.2 0
207370 1.04336 12 45 10 0
206397 1.0633 12 55 1 0
205424 1.04667 24 70 -0.2 -10
205013 1.06094 36 77.5 -0.2 -10
205013 1.06094 36 77.5 -0.2 0
205013 1.06094 48 77.5 -0.2 -10
205013 1.06094 100 77.5 -0.2 0
205013 1.06094 60 77.5 -0.2 -10
205013 1.06094 48 77.5 -0.2 0
205013 1.06094 100 77.5 -0.2 -10
205013 1.06094 60 77.5 -0.2 0
204676 1.04385 18 0 1.4 0.6
204560 1.06999 18 55 -0.6 0.45
204560 1.06999 18 0 -0.6 0.45
204158 1.1172 12 75 1 0
204158 1.1172 12 75 1 -10
204158 1.1172 12 75 1 -0.3
203502 1.05731 12 45 0.8 0
202811 1.02061 12 0 10 -10
202747 1.04835 12 45 0.8 -10
202578 1.07215 18 65 -0.2 0.3
202353 1.06513 12 0 1 0.15
201764 1.0394 24 65 -0.2 0
200258 1.03904 48 65 -0.2 0
200258 1.03904 36 65 -0.2 0
200258 1.03904 100 65 -0.2 0
200258 1.03904 60 65 -0.2 0
199550 1.03065 18 65 10 -10
198876 1.03726 12 45 10 -10
196137 1.13988 18 45 -0.4 0.75
196123 1.0527 12 0 1 0
190948 1.05783 24 70 -0.2 0.3
190332 1.02253 12 0 1 -10
189703 1.03648 24 65 -0.2 -10
188293 1.03612 48 65 -0.2 -10
188293 1.03612 36 65 -0.2 -10
188293 1.03612 60 65 -0.2 -10
188293 1.03612 100 65 -0.2 -10
187772 1.05615 18 55 -1 0
186698 1.04261 18 65 -0.2 -10
186244 1.05198 18 45 -1.2 0
185968 1.04275 48 0 -0.6 0.3
185968 1.04275 48 55 -0.6 0.3
185968 1.04275 100 0 -0.6 0.3
185968 1.04275 100 55 -0.6 0.3
185968 1.04275 60 55 -0.6 0.3
185968 1.04275 36 55 -0.6 0.3
185968 1.04275 36 0 -0.6 0.3
185968 1.04275 60 0 -0.6 0.3
185775 1.8578 60 85 -0.6 1.8
185775 1.8578 60 85 -0.2 1.8
185775 1.8578 100 85 -0.2 1.8
185775 1.8578 100 85 -1 1.8
185775 1.8578 60 85 -1 1.8
185775 1.8578 60 85 10 1.8
185775 1.8578 100 85 1 1.8
185775 1.8578 100 85 -0.6 1.8
185775 1.8578 100 85 10 1.8
185775 1.8578 60 85 1 1.8
185533 1.03987 48 45 -1.2 -10
185533 1.03987 100 45 -1.2 -10
185533 1.03987 60 45 -1.2 -10
185533 1.03987 36 45 -1.2 -10
183572 1.04187 24 45 -1.2 -10
179583 1.79587 48 0 -0.6 1.8
179583 1.79587 100 80 10 1.8
179583 1.79587 100 77.5 -0.6 1.8
179583 1.79587 100 45 -0.4 1.8
179583 1.79587 60 82.5 -0.2 1.8
179583 1.79587 48 82.5 -1 1.8
179583 1.79587 60 45 -0.4 1.8
179583 1.79587 36 55 -0.2 1.8
179583 1.79587 48 55 -0.6 1.8
179583 1.79587 100 80 -0.2 1.8
179583 1.79587 48 80 10 1.8
179583 1.79587 100 77.5 -0.2 1.8
179583 1.79587 100 80 -1 1.8
179583 1.79587 60 65 -0.6 1.8
179583 1.79587 48 0 -1 1.8
179583 1.79587 60 0 -1 1.8
179583 1.79587 60 82.5 -0.6 1.8
179583 1.79587 60 82.5 1 1.8
179583 1.79587 100 45 -0.8 1.8
179583 1.79587 48 75 -1 1.8
179583 1.79587 60 82.5 -1 1.8
179583 1.79587 60 65 -0.2 1.8
179583 1.79587 60 77.5 -0.2 1.8
179583 1.79587 60 45 -1.2 1.8
179583 1.79587 48 45 -0.8 1.8
179583 1.79587 60 80 10 1.8
179583 1.79587 48 82.5 10 1.8
179583 1.79587 36 77.5 -0.2 1.8
179583 1.79587 36 0 -0.2 1.8
179583 1.79587 60 82.5 10 1.8
179583 1.79587 60 80 -1 1.8
179583 1.79587 48 82.5 -0.6 1.8
179583 1.79587 48 45 -1.2 1.8
179583 1.79587 100 80 -0.6 1.8
179583 1.79587 100 80 1 1.8
179583 1.79587 48 75 -0.6 1.8
179583 1.79587 48 0 -0.2 1.8
179583 1.79587 36 80 10 1.8
179583 1.79587 100 77.5 -1 1.8
179583 1.79587 48 45 -0.4 1.8
179583 1.79587 36 80 -0.2 1.8
179583 1.79587 36 75 -0.2 1.8
179583 1.79587 60 80 -0.2 1.8
179583 1.79587 60 65 -1 1.8
179583 1.79587 48 65 -0.6 1.8
179583 1.79587 100 75 -1 1.8
179583 1.79587 60 75 -1 1.8
179583 1.79587 100 55 -0.6 1.8
179583 1.79587 48 80 -0.6 1.8
179583 1.79587 36 65 -0.2 1.8
179583 1.79587 100 82.5 1 1.8
179583 1.79587 48 82.5 1 1.8
179583 1.79587 60 77.5 -0.6 1.8
179583 1.79587 100 55 -0.2 1.8
179583 1.79587 60 45 -0.8 1.8
179583 1.79587 100 75 -0.2 1.8
179583 1.79587 100 55 -1 1.8
179583 1.79587 100 82.5 -0.6 1.8
179583 1.79587 60 55 -1 1.8
179583 1.79587 60 80 -0.6 1.8
179583 1.79587 100 0 -0.6 1.8
179583 1.79587 60 75 -0.2 1.8
179583 1.79587 48 75 -0.2 1.8
179583 1.79587 60 0 -0.6 1.8
179583 1.79587 48 77.5 -0.6 1.8
179583 1.79587 100 45 -1.2 1.8
179583 1.79587 100 75 -0.6 1.8
179583 1.79587 48 55 -1 1.8
179583 1.79587 48 80 1 1.8
179583 1.79587 100 82.5 10 1.8
179583 1.79587 48 77.5 -0.2 1.8
179583 1.79587 48 80 -1 1.8
179583 1.79587 100 0 -0.2 1.8
179583 1.79587 60 80 1 1.8
179583 1.79587 60 77.5 -1 1.8
179583 1.79587 60 0 -0.2 1.8
179583 1.79587 100 0 -1 1.8
179583 1.79587 100 82.5 -1 1.8
179583 1.79587 60 55 -0.2 1.8
179583 1.79587 48 77.5 -1 1.8
179583 1.79587 48 65 -0.2 1.8
179583 1.79587 100 65 -0.6 1.8
179583 1.79587 36 80 1 1.8
179583 1.79587 48 65 -1 1.8
179583 1.79587 60 55 -0.6 1.8
179583 1.79587 100 65 -1 1.8
179583 1.79587 100 65 -0.2 1.8
179583 1.79587 100 82.5 -0.2 1.8
179583 1.79587 60 75 -0.6 1.8
179583 1.79587 48 55 -0.2 1.8
179583 1.79587 48 82.5 -0.2 1.8
179583 1.79587 48 80 -0.2 1.8
179294 1.2482 18 45 -0.4 0.9
177782 1.03136 18 0 10 0.6
177782 1.03136 18 45 10 0.6
176585 1.03688 48 55 -1 -10
176585 1.03688 60 55 -1 -10
176585 1.03688 100 55 -1 -10
176585 1.03688 36 55 -1 -10
176512 1.03347 60 55 -0.6 0
176512 1.03347 48 55 -0.6 0
176512 1.03347 36 55 -0.6 0
176512 1.03347 100 55 -0.6 0
174714 1.03896 24 55 -1 -10
174698 1.03194 100 65 10 0.6
174698 1.03194 60 65 10 0.6
174698 1.03194 36 65 10 0.6
174698 1.03194 48 65 10 0.6
174698 1.03194 24 65 10 0.6
172339 1.03442 24 55 -0.6 0
168201 1.03471 48 45 -0.4 0.3
168201 1.03471 100 45 -0.4 0.3
168201 1.03471 60 45 -0.4 0.3
168201 1.03471 36 45 -0.4 0.3
167056 1.02183 24 70 10 0
166253 1.02993 18 55 10 0.6
165882 1.03819 18 45 -1.2 -10
165874 1.02158 24 70 10 -10
165697 1.02503 100 65 1 0
165697 1.02503 48 65 1 0
165697 1.02503 36 65 1 0
165697 1.02503 60 65 1 0
165697 1.02503 24 65 1 0
165356 1.21306 6 65 -0.6 -0.45
165356 1.21306 6 65 -0.6 -10
165356 1.21306 6 65 -0.6 -0.3
165109 1.02489 24 65 1 -10
165109 1.02489 100 65 1 -10
165109 1.02489 48 65 1 -10
165109 1.02489 36 65 1 -10
165109 1.02489 60 65 1 -10
160861 1.03802 18 55 -1 -10
160711 1.0339 18 55 -0.6 0
158438 1.03834 24 55 -0.6 0.3
158438 1.03834 24 0 -0.6 0.3
156257 1.10524 18 80 -0.2 0.6
151039 1.02345 24 45 -0.8 -10
150397 1.02422 48 55 -0.6 -10
150397 1.02422 60 55 -0.6 -10
150397 1.02422 100 55 -0.6 -10
150397 1.02422 36 55 -0.6 -10
149835 1.02404 24 55 -0.6 -10
149342 1.0229 100 45 -0.8 -10
149342 1.0229 60 45 -0.8 -10
149342 1.0229 36 45 -0.8 -10
149342 1.0229 48 45 -0.8 -10
149047 1.03155 18 55 -0.6 0.15
148995 1.02404 24 0 10 0.6
148995 1.02404 24 45 10 0.6
148344 1.02448 24 55 10 0.6
148275 1.02412 100 0 -0.6 0
148275 1.02412 60 0 -0.6 0
148275 1.02412 48 0 -0.6 0
148275 1.02412 36 0 -0.6 0
147735 1.02392 24 0 -0.6 0
147417 1.02075 24 55 -0.2 0
147311 1.02355 36 45 10 0.6
147311 1.02355 60 45 10 0.6
147311 1.02355 48 45 10 0.6
147311 1.02355 100 45 10 0.6
146663 1.02397 48 55 10 0.6
146663 1.02397 100 55 10 0.6
146663 1.02397 36 55 10 0.6
146663 1.02397 60 55 10 0.6
146578 1.25553 6 65 -1 -0.3
146578 1.25553 6 65 -1 -0.45
146578 1.25553 6 65 -1 -10
146570 1.02583 36 45 -0.8 0
146570 1.02583 48 45 -0.8 0
146570 1.02583 60 45 -0.8 0
146570 1.02583 100 45 -0.8 0
146318 1.02042 60 55 -0.2 0
146318 1.02042 100 55 -0.2 0
146318 1.02042 36 55 -0.2 0
146318 1.02042 48 55 -0.2 0
145938 1.21091 6 65 -0.6 -0.15
145938 1.21091 6 65 -0.6 0
145024 1.02718 24 45 -0.8 0
144238 1.02285 60 0 10 0.6
144238 1.02285 100 0 10 0.6
144238 1.02285 36 0 10 0.6
144238 1.02285 48 0 10 0.6
144176 1.01978 18 55 -0.2 0
143295 1.02969 24 45 -0.4 0.3
142237 1.04671 6 65 1 -10
142237 1.04671 6 65 1 -0.45
142237 1.04671 6 65 1 -0.3
141746 1.09982 9 67.5 -1 -0.3
141746 1.09982 9 67.5 -1 -0.15
141746 1.09982 9 67.5 -1 -10
141746 1.09982 9 67.5 -1 -0.45
141464 1.11127 18 80 -0.6 0.6
141447 1.0288 18 45 -0.4 0.3
140845 1.02298 18 55 -0.6 -10
140835 1.02105 18 45 -0.8 -10
139167 1.39184 24 45 -1.2 1.2
138109 1.38115 18 82.5 0.6 0.9
138058 1.01623 18 55 1 -10
137765 1.02121 18 0 -0.6 0
137122 1.01811 36 45 -0.4 0
137122 1.01811 100 45 -0.4 0
137122 1.01811 60 45 -0.4 0
137122 1.01811 48 45 -0.4 0
136792 1.01778 24 0 -0.2 0
136691 1.01452 100 65 10 0
136691 1.01452 36 65 10 0
136691 1.01452 48 65 10 0
136691 1.01452 60 65 10 0
136691 1.01452 24 65 10 0
136600 1.01794 24 45 -0.4 0
136208 1.01439 36 65 10 -10
136208 1.01439 24 65 10 -10
136208 1.01439 60 65 10 -10
136208 1.01439 48 65 10 -10
136208 1.01439 100 65 10 -10
135925 1.01753 24 55 -0.2 -10
135774 1.01746 100 0 -0.2 0
135774 1.01746 48 0 -0.2 0
135774 1.01746 60 0 -0.2 0
135774 1.01746 36 0 -0.2 0
135665 1.09337 9 65 -1 0
135230 1.02413 18 45 -0.8 0
134897 1.0172 60 55 -0.2 -10
134897 1.0172 48 55 -0.2 -10
134897 1.0172 36 55 -0.2 -10
134897 1.0172 100 55 -0.2 -10
134884 1.01596 18 55 1 0
134838 1.01731 18 45 -0.4 0
133788 1.02221 18 0 -0.6 0.15
133216 1.0141 18 0 1.4 0
132926 1.01656 18 55 -0.2 -10
132399 1.04214 12 65 1 0.6
131740 1.0293 18 55 -0.6 0.3
131740 1.0293 18 0 -0.6 0.3
131414 1.00632 36 0 -0.6 -10
131413 1.00608 100 0 -0.6 -10
131413 1.00608 48 0 -0.6 -10
131413 1.00608 60 0 -0.6 -10
131244 1.01361 18 0 0.6 0
130340 1.01401 36 55 1 -10
130340 1.01401 60 55 1 -10
130340 1.01401 24 55 1 -10
130340 1.01401 100 55 1 -10
130340 1.01401 48 55 1 -10
129369 1.29371 6 65 -1 -0.15
129369 1.29371 6 65 -1 0
129179 1.00195 60 0 10 -10
128822 1.28826 12 65 -0.2 0.6
128822 1.28826 12 70 -0.2 0.6
128505 1.00646 36 0 -1 -10
128499 1.00622 48 0 -1 -10
128499 1.00622 60 0 -1 -10
128499 1.00622 100 0 -1 -10
128212 1.01398 18 45 0.8 0
127980 1.07478 6 55 -1 -0.3
127980 1.07478 6 55 -1 -0.45
127980 1.07478 6 55 -1 -10
127815 1.13245 18 75 -0.2 0.9
127815 1.13245 18 77.5 -0.2 0.9
127465 1.0227 18 55 -0.2 0.3
127324 1.01366 60 55 1 0
127324 1.01366 24 55 1 0
127324 1.01366 100 55 1 0
127324 1.01366 48 55 1 0
127324 1.01366 36 55 1 0
126651 1.01231 18 0 1 0
125537 1.0383 6 65 1 -0.15
125537 1.0383 6 65 1 0
125438 1.0438 6 65 -0.2 -10
125438 1.0438 6 65 -0.2 -0.3
125438 1.0438 6 65 -0.2 -0.45
123906 1.01257 48 45 0.8 0
123906 1.01257 100 45 0.8 0
123906 1.01257 60 45 0.8 0
123906 1.01257 24 45 0.8 0
123906 1.01257 36 45 0.8 0
123390 1.00187 36 0 10 -10
122993 1.07602 6 55 -0.6 0
121684 1.21687 9 0 10 0.9
121684 1.21687 9 45 10 0.9
121157 1.0106 100 0 1 0
121157 1.0106 36 0 1 0
121157 1.0106 24 0 1 0
121157 1.0106 60 0 1 0
121157 1.0106 48 0 1 0
121081 1.01257 60 45 -0.4 -10
121081 1.01257 48 45 -0.4 -10
121081 1.01257 100 45 -0.4 -10
121081 1.01257 36 45 -0.4 -10
121007 1.0399 24 85 1 -0.3
121007 1.0399 24 85 1 0.3
121007 1.0399 24 85 1 -10
121007 1.0399 24 85 1 -0.45
121007 1.0399 24 85 1 0
121007 1.0399 24 85 1 -0.15
120821 1.00376 18 0 1.4 -10
120688 1.01129 18 45 0.8 -10
120627 1.0124 24 45 -0.4 -10
119992 1.02754 18 80 1 0.6
119274 1.12239 18 82.5 1 0.9
119274 1.12239 18 82.5 1.4 0.9
119066 1.01184 18 45 -0.4 -10
118530 1.00138 48 0 10 -10
118449 1.02983 6 55 -0.6 -10
118449 1.02983 6 55 -0.6 -0.45
118449 1.02983 6 55 -0.6 -0.3
118147 1.18149 18 80 -1 0.15
118147 1.18149 18 80 -1 0.6
118147 1.18149 18 80 -1 0.45
118147 1.18149 18 80 -1 0
118147 1.18149 18 80 -1 0.3
118147 1.18149 18 80 -1 -10
117791 1.17794 12 45 -1.2 0.45
117782 1.03508 24 85 1.4 0
117782 1.03508 24 85 1.4 -0.15
117782 1.03508 24 85 1.4 -0.3
117782 1.03508 24 85 1.4 -0.45
117782 1.03508 24 85 1.4 -10
117782 1.03508 24 85 1.4 0.3
117679 1.03495 24 85 10 0
117679 1.03495 24 85 10 -10
117679 1.03495 24 85 10 0.3
117679 1.03495 24 85 10 -0.3
117679 1.03495 24 85 10 -0.15
117679 1.03495 24 85 10 -0.45
117454 1.00291 36 0 1 -10
117037 1.05727 6 50 -0.6 0
117037 1.05727 6 45 -0.8 0
116622 1.00994 36 45 0.8 -10
116622 1.00994 24 45 0.8 -10
116622 1.00994 100 45 0.8 -10
116622 1.00994 60 45 0.8 -10
116622 1.00994 48 45 0.8 -10
116326 1.00275 48 0 1 -10
116326 1.00275 100 0 1 -10
116326 1.00275 60 0 1 -10
116158 1.04055 18 82.5 1 0.75
115957 1.034 6 50 -1 -10
115957 1.034 6 50 -1 -0.45
115957 1.034 6 50 -1 -0.3
115646 1.01772 6 55 1 0
115553 1.05245 6 0 -1 -0.15
115553 1.05245 6 45 -0.8 -0.15
115553 1.05245 6 37.5 -1 -0.15
115553 1.05245 6 42.5 -1 -0.15
115553 1.05245 6 40 -1 -0.15
115449 1.01975 18 45 -0.8 0.15
115193 1.03903 18 82.5 1.4 0.75
115167 1.03271 6 42.5 -1 -10
115167 1.03271 6 42.5 -1 -0.3
115167 1.03271 6 42.5 -1 -0.45
115113 1.0509 3 40 10 -10
115113 1.0509 3 40 1 -10
115113 1.0509 3 40 0.6 -10
115113 1.0509 3 40 1.4 -10
115051 1.00203 18 0 10 -10
114770 1.03207 6 40 -1 -0.45
114770 1.03207 6 40 -1 -0.3
114770 1.03207 6 0 -1 -0.3
114770 1.03207 6 37.5 -1 -10
114770 1.03207 6 37.5 -1 -0.45
114770 1.03207 6 37.5 -1 -0.3
114770 1.03207 6 40 -1 -10
114770 1.03207 6 0 -1 -10
114770 1.03207 6 0 -1 -0.45
114769 1.0503 6 50 -1 -0.15
114644 1.04782 18 85 1 0.6
114644 1.00352 18 0 1 -10
114587 1.05189 6 65 1 0.3
114377 1.04923 6 55 -1 -0.15
114171 1.00376 36 0 -0.2 -10
114168 1.00364 60 0 -0.2 -10
114168 1.00364 100 0 -0.2 -10
114168 1.00364 48 0 -0.2 -10
114102 1.03041 24 85 1 0.6
114034 1.0456 9 67.5 -1 0
113822 1.00563 18 0 10 0
113254 1.02921 9 45 -1.2 0
112504 1.02774 9 60 -1 0
112344 1.04099 18 85 10 0.6
112208 1.02121 6 55 -0.2 0
111829 1.00431 24 0 -0.6 -10
111062 1.02463 24 85 1.4 0.6
111011 1.00458 24 0 -1 -10
110992 1.0026 24 0 1 -10
110964 1.02447 24 85 10 0.6
110711 1.03211 6 65 -0.2 -0.15
110711 1.03211 6 65 -0.2 0
109880 1.02259 9 0 -1 0
109856 1.02683 12 70 1 0.6
109817 1.00459 18 0 -0.6 -10
109505 1.02186 9 55 -1 0
109173 1.0664 12 62.5 10 1.05
109173 1.0664 12 60 10 1.05
109173 1.0664 12 45 10 1.05
109173 1.0664 12 0 10 1.05
109173 1.0664 12 57.5 10 1.05
109173 1.0664 12 65 10 1.05
109173 1.0664 12 55 10 1.05
109173 1.0664 12 70 10 1.05
108551 1.00273 18 0 0.6 -10
108319 1.01496 9 45 -1.2 -0.15
108005 1.04463 6 55 -1 0
107950 1.08925 6 45 10 0.6
107950 1.08925 6 37.5 10 0.6
107950 1.08925 6 0 10 0.6
107950 1.08925 6 42.5 10 0.6
107950 1.08925 6 40 10 0.6
107883 1.01967 6 55 -0.6 -0.15
107726 1.05793 12 75 10 1.05
107552 1.00099 24 0 10 -10
107341 1.07343 3 37.5 -0.6 -10
107341 1.07343 3 40 -0.6 -10
106865 1.06867 48 90 1 0.45
106865 1.06867 36 90 1 0.3
106865 1.06867 36 90 1 0.6
106865 1.06867 48 90 1 0
106865 1.06867 36 90 1 0
106865 1.06867 60 90 1 0.45
106865 1.06867 48 90 1 0.6
106865 1.06867 36 90 1 0.45
106865 1.06867 48 90 1 -10
106865 1.06867 36 90 1 -10
106865 1.06867 48 90 1 0.3
106865 1.06867 60 90 1 0.3
106865 1.06867 60 90 1 0.15
106865 1.06867 48 90 1 0.15
106865 1.06867 60 90 1 -10
106865 1.06867 100 90 1 -10
106865 1.06867 100 90 1 0
106865 1.06867 100 90 1 0.15
106865 1.06867 100 90 1 0.45
106865 1.06867 60 90 1 0
106865 1.06867 100 90 1 0.3
106865 1.06867 60 90 1 0.6
106865 1.06867 36 90 1 0.15
106865 1.06867 100 90 1 0.6
106719 1.00416 18 55 10 -10
106520 1.0041 24 55 10 -10
106437 1.06438 100 90 1.4 0.45
106437 1.06438 36 90 1.4 0
106437 1.06438 48 90 1.4 0.3
106437 1.06438 60 90 1.4 0.3
106437 1.06438 48 90 1.4 0.45
106437 1.06438 100 90 1.4 0.3
106437 1.06438 48 90 1.4 0.15
106437 1.06438 60 90 1.4 0
106437 1.06438 100 90 1.4 0.6
106437 1.06438 48 90 1.4 -10
106437 1.06438 100 90 1.4 0.15
106437 1.06438 36 90 1.4 0.6
106437 1.06438 36 90 1.4 0.15
106437 1.06438 100 90 1.4 -10
106437 1.06438 36 90 1.4 0.3
106437 1.06438 60 90 1.4 0.15
106437 1.06438 60 90 1.4 0.45
106437 1.06438 60 90 1.4 0.6
106437 1.06438 60 90 1.4 -10
106437 1.06438 100 90 1.4 0
106437 1.06438 36 90 1.4 -10
106437 1.06438 48 90 1.4 0.6
106437 1.06438 36 90 1.4 0.45
106437 1.06438 48 90 1.4 0
106023 1.02486 18 82.5 1 -10
106023 1.02486 18 82.5 1 0.6
106023 1.02486 18 82.5 1 0
106023 1.02486 18 82.5 1 0.3
105879 1.05882 9 72.5 1 0.6
105879 1.05882 9 75 1 0.6
105879 1.05882 9 70 1 0.6
105879 1.05882 9 67.5 1 0.6
105879 1.05882 9 75 1.4 0.6
105632 1.00371 18 45 10 -10
105149 1.0515 48 90 10 0.6
105149 1.0515 60 90 10 0.6
105149 1.0515 36 90 10 0.15
105149 1.0515 36 90 10 0.9
105149 1.0515 100 90 10 0.6
105149 1.0515 60 90 10 0.9
105149 1.0515 60 90 10 0
105149 1.0515 60 90 10 0.3
105149 1.0515 48 90 10 0
105149 1.0515 48 90 10 0.9
105149 1.0515 60 90 10 0.45
105149 1.0515 60 90 10 0.15
105149 1.0515 60 90 10 -10
105149 1.0515 48 90 10 -10
105149 1.0515 36 90 10 0.3
105149 1.0515 100 90 10 0.9
105149 1.0515 36 90 10 0
105149 1.0515 36 90 10 0.45
105149 1.0515 36 90 10 0.6
105149 1.0515 100 90 10 -10
105149 1.0515 100 90 10 0.15
105149 1.0515 48 90 10 0.3
105149 1.0515 100 90 10 0.45
105149 1.0515 100 90 10 0.3
105149 1.0515 48 90 10 0.45
105149 1.0515 36 90 10 -10
105149 1.0515 48 90 10 0.15
105149 1.0515 100 90 10 0
104856 1.00345 24 0 10 0
104719 1.04721 60 90 0.6 0.15
104719 1.04721 48 90 0.6 0
104719 1.04721 60 90 0.6 0.6
104719 1.04721 100 90 0.6 0
104719 1.04721 100 90 0.6 0.6
104719 1.04721 48 90 0.6 0.45
104719 1.04721 60 90 0.6 -10
104719 1.04721 100 90 0.6 0.3
104719 1.04721 60 90 0.6 0.3
104719 1.04721 100 90 0.6 -10
104719 1.04721 36 90 0.6 0.15
104719 1.04721 36 90 0.6 -10
104719 1.04721 48 90 0.6 0.15
104719 1.04721 60 90 0.6 0.45
104719 1.04721 36 90 0.6 0.3
104719 1.04721 48 90 0.6 0.6
104719 1.04721 48 90 0.6 0.3
104719 1.04721 36 90 0.6 0
104719 1.04721 36 90 0.6 0.6
104719 1.04721 100 90 0.6 0.15
104719 1.04721 48 90 0.6 -10
104719 1.04721 36 90 0.6 0.45
104719 1.04721 60 90 0.6 0
104719 1.04721 100 90 0.6 0.45
104621 1.00924 6 55 1 -0.3
104621 1.00924 6 55 1 -10
104621 1.00924 6 55 1 -0.45
104333 1.03438 18 65 -0.2 1.05
104333 1.03438 18 55 -0.2 1.05
104263 1.00357 18 55 10 0
104068 1.0035 24 55 10 0
104050 1.00342 18 45 10 0
103968 1.02915 24 85 -0.6 -0.3
103968 1.02915 24 85 -0.6 -0.45
103968 1.02915 24 85 -0.6 0
103968 1.02915 24 85 -0.6 -0.15
103968 1.02915 24 85 -0.6 -10
103968 1.02915 24 85 -0.6 0.3
103929 1.02464 18 82.5 0.6 0.75
103796 1.02236 18 82.5 1.4 0.3
103796 1.02236 18 82.5 1.4 0
103796 1.02236 18 82.5 1.4 0.6
103796 1.02236 18 82.5 1.4 -10
103738 1.01877 9 70 -1 0
103738 1.01877 9 70 -1 -0.45
103738 1.01877 9 70 -1 -10
103738 1.01877 9 70 -1 -0.3
103738 1.01877 9 70 -1 -0.15
103527 1.03529 24 85 1 1.2
103495 1.03497 6 65 10 0.6
103495 1.03497 6 55 10 0.6
103495 1.03497 6 50 10 0.6
103492 1.01208 6 45 -1.2 -10
102774 1.01652 6 40 -1 0
102774 1.01652 6 50 -1 0
102774 1.01652 6 37.5 -1 0
102774 1.01652 6 42.5 -1 0
102774 1.01652 6 0 -1 0
102743 1.02745 24 85 10 1.2
102318 1.01119 24 85 0.6 0
102318 1.01119 24 85 0.6 0.3
102318 1.01119 24 85 0.6 -10
102318 1.01119 24 85 0.6 -0.3
102318 1.01119 24 85 0.6 -0.45
102318 1.01119 24 85 0.6 -0.15
101953 1.01882 18 82.5 0.6 0
101953 1.01882 18 82.5 0.6 0.6
101953 1.01882 18 82.5 0.6 -10
101953 1.01882 18 82.5 0.6 0.3
101694 1.00257 36 55 10 -10
101694 1.00257 60 55 10 -10
101694 1.00257 100 55 10 -10
101694 1.00257 48 55 10 -10
101507 1.00867 6 55 -0.2 -10
101507 1.00867 6 55 -0.2 -0.45
101507 1.00867 6 55 -0.2 -0.3
101433 1.00237 36 0 10 0
101174 1.01176 24 85 1.4 1.2
100923 1.02053 3 45 0.4 -10
100491 1.01936 3 42.5 10 -10
100491 1.01936 3 42.5 1 -10
100491 1.01936 3 42.5 0.6 -10
100491 1.01936 3 42.5 1.4 -10
100491 1.01936 3 45 10 -10
100491 1.01936 3 45 0.8 -10
100491 1.01936 3 45 1.2 -10
100421 1.00424 12 85 0.6 0.15
100421 1.00424 12 85 0.6 -10
100421 1.00424 12 85 10 0
100421 1.00424 12 85 1 0.6
100421 1.00424 12 85 0.6 0.45
100421 1.00424 12 85 0.6 0.3
100421 1.00424 12 85 10 0.3
100421 1.00424 12 85 10 0.45
100421 1.00424 12 85 10 0.15
100421 1.00424 12 85 10 -10
100421 1.00424 12 85 0.6 0.6
100421 1.00424 12 85 0.6 0
100421 1.00424 12 85 1.4 -10
100421 1.00424 12 85 1.4 0.15
100421 1.00424 12 85 1 0
100421 1.00424 12 85 1.4 0.45
100421 1.00424 12 85 10 0.6
100421 1.00424 12 85 1.4 0.3
100421 1.00424 12 85 1.4 0.6
100421 1.00424 12 85 1.4 0
100421 1.00424 12 85 1 -10
100421 1.00424 12 85 1 0.15
100421 1.00424 12 85 1 0.45
100421 1.00424 12 85 1 0.3
100000 1 0 45 0.8 0
100000 1 60 0 -1 3
100000 1 60 0 -1 2.4
100000 1 60 0 10 2.4
100000 1 60 0 10 3
100000 1 60 0 10 2.1
100000 1 18 45 0.8 1.8
100000 1 18 45 0.8 2.4
100000 1 18 45 0.8 3
100000 1 18 45 0.8 1.5
100000 1 18 45 -0.8 1.2
100000 1 18 45 -0.8 1.8
100000 1 60 0 -0.2 3
100000 1 60 0 -0.2 2.4
100000 1 18 45 -0.8 2.4
100000 1 18 45 -0.8 3
100000 1 18 45 -0.8 0.9
100000 1 18 45 -0.4 1.2
100000 1 18 45 -0.4 1.8
100000 1 18 45 -0.4 2.4
100000 1 18 45 -0.4 3
100000 1 18 45 -0.4 1.05
100000 1 18 45 -1.2 1.2
100000 1 60 0 -0.6 3
100000 1 60 0 -0.6 2.4
100000 1 18 45 -1.2 1.8
100000 1 18 45 -1.2 2.4
100000 1 18 45 -1.2 3
100000 1 18 45 -1.2 0.9
100000 1 18 45 10 1.8
100000 1 18 45 10 2.4
100000 1 18 45 10 3
100000 1 18 45 10 1.5
100000 1 18 55 1 1.8
100000 1 60 0 1 3
100000 1 60 0 1 2.4
100000 1 18 55 1 2.4
100000 1 18 55 1 3
100000 1 18 55 1 1.5
100000 1 18 55 -0.6 1.2
100000 1 18 55 -0.6 1.8
100000 1 18 55 -0.6 2.4
100000 1 18 55 -0.6 3
100000 1 18 55 -0.6 0.9
100000 1 18 55 -0.2 1.2
100000 1 60 77.5 10 3
100000 1 60 77.5 10 2.4
100000 1 18 55 -0.2 1.8
100000 1 18 55 -0.2 2.4
100000 1 18 55 -0.2 3
100000 1 18 55 -1 1.2
100000 1 18 55 -1 1.8
100000 1 18 55 -1 2.4
100000 1 18 55 -1 3
100000 1 18 55 -1 0.9
100000 1 18 55 10 1.8
100000 1 60 77.5 -1 3
100000 1 60 77.5 -1 2.4
100000 1 18 55 10 2.4
100000 1 18 55 10 3
100000 1 18 55 10 1.5
100000 1 18 65 1 1.8
100000 1 18 65 1 2.4
100000 1 18 65 1 3
100000 1 18 65 1 1.5
100000 1 18 65 -0.6 1.2
100000 1 18 65 -0.6 1.8
100000 1 60 77.5 -0.2 3
100000 1 60 77.5 -0.2 2.4
100000 1 18 65 -0.6 2.4
100000 1 18 65 -0.6 3
100000 1 18 65 -0.6 0.9
100000 1 18 65 -0.2 1.2
100000 1 18 65 -0.2 1.8
100000 1 18 65 -0.2 2.4
100000 1 18 65 -0.2 3
100000 1 18 65 -1 1.2
100000 1 18 65 -1 1.8
100000 1 60 77.5 -0.6 3
100000 1 60 77.5 -0.6 2.4
100000 1 18 65 -1 2.4
100000 1 18 65 -1 3
100000 1 18 65 10 1.8
100000 1 18 65 10 2.4
100000 1 18 65 10 3
100000 1 18 75 1 1.8
100000 1 18 75 1 2.4
100000 1 18 75 1 3
100000 1 18 75 -0.6 1.2
100000 1 60 77.5 1 3
100000 1 60 77.5 1 2.4
100000 1 18 75 -0.6 1.8
100000 1 18 75 -0.6 2.4
100000 1 18 75 -0.6 3
100000 1 18 75 -0.6 0.9
100000 1 18 75 -0.2 1.2
100000 1 18 75 -0.2 1.8
100000 1 18 75 -0.2 2.4
100000 1 18 75 -0.2 3
100000 1 18 75 -1 0.6
100000 1 60 82.5 10 3
100000 1 60 82.5 10 2.4
100000 1 18 75 -1 1.2
100000 1 18 75 -1 1.8
100000 1 18 75 -1 2.4
100000 1 18 75 -1 3
100000 1 18 75 -1 0.3
100000 1 18 75 10 1.8
100000 1 18 75 10 2.4
100000 1 18 75 10 3
100000 1 18 85 1 0
100000 1 60 82.5 -1 3
100000 1 60 82.5 -1 2.4
100000 1 18 85 1 1.2
100000 1 18 85 1 1.8
100000 1 18 85 1 2.4
100000 1 18 85 1 3
100000 1 18 85 1 0.9
100000 1 18 85 1 0.3
100000 1 18 85 1 0.45
100000 1 18 85 1 0.15
100000 1 18 85 1 -10
100000 1 60 82.5 -0.2 3
100000 1 60 82.5 -0.2 2.4
100000 1 18 85 -0.6 0
100000 1 18 85 -0.6 0.6
100000 1 18 85 -0.6 1.2
100000 1 18 85 -0.6 1.8
100000 1 18 85 -0.6 2.4
100000 1 18 85 -0.6 3
100000 1 18 85 -0.6 3.3
100000 1 18 85 -0.6 2.7
100000 1 18 85 -0.6 2.85
100000 1 60 82.5 -0.6 3
100000 1 60 82.5 -0.6 2.4
100000 1 18 85 -0.6 2.55
100000 1 18 85 -0.6 -10
100000 1 18 85 -0.2 0
100000 1 18 85 -0.2 0.6
100000 1 18 85 -0.2 1.2
100000 1 18 85 -0.2 1.8
100000 1 18 85 -0.2 2.4
100000 1 18 85 -0.2 3
100000 1 18 85 -0.2 3.3
100000 1 60 82.5 1 3
100000 1 60 82.5 1 2.4
100000 1 18 85 -0.2 2.7
100000 1 18 85 -0.2 2.85
100000 1 18 85 -0.2 2.55
100000 1 18 85 -0.2 -10
100000 1 18 85 -1 0
100000 1 18 85 -1 0.6
100000 1 18 85 -1 1.2
100000 1 18 85 -1 1.8
100000 1 18 85 -1 2.4
100000 1 60 80 10 3
100000 1 60 80 10 2.4
100000 1 18 85 -1 3
100000 1 18 85 -1 3.3
100000 1 18 85 -1 2.7
100000 1 18 85 -1 2.85
100000 1 18 85 -1 2.55
100000 1 18 85 -1 -10
100000 1 18 85 10 0
100000 1 18 85 10 1.2
100000 1 18 85 10 1.8
100000 1 60 80 -1 3
100000 1 60 80 -1 2.4
100000 1 18 85 10 2.4
100000 1 18 85 10 3
100000 1 0 45 -0.8 2.4
100000 1 18 85 10 0.3
100000 1 18 85 10 0.45
100000 1 18 85 10 0.15
100000 1 18 85 10 -10
100000 1 18 95 1 0
100000 1 18 95 1 0.6
100000 1 60 80 -0.2 3
100000 1 60 80 -0.2 2.4
100000 1 18 95 1 1.2
100000 1 18 95 1 1.8
100000 1 18 95 1 2.4
100000 1 18 95 1 3
100000 1 18 95 1 3.3
100000 1 18 95 1 2.7
100000 1 18 95 1 2.85
100000 1 18 95 1 2.55
100000 1 18 95 1 -10
100000 1 60 80 -0.6 3
100000 1 60 80 -0.6 2.4
100000 1 18 95 -0.6 0
100000 1 18 95 -0.6 0.6
100000 1 18 95 -0.6 1.2
100000 1 18 95 -0.6 1.8
100000 1 18 95 -0.6 2.4
100000 1 18 95 -0.6 3
100000 1 18 95 -0.6 3.3
100000 1 18 95 -0.6 2.7
100000 1 18 95 -0.6 2.85
100000 1 60 80 1 3
100000 1 60 80 1 2.4
100000 1 18 95 -0.6 2.55
100000 1 18 95 -0.6 -10
100000 1 18 95 -0.2 0
100000 1 18 95 -0.2 0.6
100000 1 18 95 -0.2 1.2
100000 1 18 95 -0.2 1.8
100000 1 18 95 -0.2 2.4
100000 1 18 95 -0.2 3
100000 1 18 95 -0.2 3.3
100000 1 60 90 10 3
100000 1 60 90 10 2.4
100000 1 60 90 10 1.8
100000 1 60 90 10 1.2
100000 1 18 95 -0.2 2.7
100000 1 18 95 -0.2 2.85
100000 1 18 95 -0.2 2.55
100000 1 18 95 -0.2 -10
100000 1 18 95 -1 0
100000 1 18 95 -1 0.6
100000 1 60 90 0.6 0.9
100000 1 60 90 0.6 3
100000 1 60 90 0.6 2.4
100000 1 60 90 0.6 1.8
100000 1 60 90 0.6 1.2
100000 1 18 95 -1 1.2
100000 1 18 95 -1 1.8
100000 1 18 95 -1 2.4
100000 1 18 95 -1 3
100000 1 18 95 -1 3.3
100000 1 18 95 -1 2.7
100000 1 60 90 1.4 0.9
100000 1 60 90 1.4 3
100000 1 60 90 1.4 2.4
100000 1 60 90 1.4 1.8
100000 1 60 90 1.4 1.2
100000 1 18 95 -1 2.85
100000 1 18 95 -1 2.55
100000 1 60 90 -0.6 -10
100000 1 60 90 -0.6 2.55
100000 1 60 90 -0.6 2.85
100000 1 60 90 -0.6 2.7
100000 1 60 90 -0.6 3.3
100000 1 60 90 -0.6 3
100000 1 60 90 -0.6 2.4
100000 1 60 90 -0.6 1.8
100000 1 60 90 -0.6 1.2
100000 1 60 90 -0.6 0.6
100000 1 60 90 -0.6 0
100000 1 18 95 -1 -10
100000 1 18 95 10 0
100000 1 18 95 10 0.6
100000 1 18 95 10 1.2
100000 1 60 90 1 0.9
100000 1 60 90 1 3
100000 1 60 90 1 2.4
100000 1 60 90 1 1.8
100000 1 60 90 1 1.2
100000 1 18 95 10 1.8
100000 1 18 95 10 2.4
100000 1 60 95 10 -10
100000 1 60 95 10 2.55
100000 1 60 95 10 2.85
100000 1 60 95 10 2.7
100000 1 60 95 10 3.3
100000 1 60 95 10 3
100000 1 60 95 10 2.4
100000 1 60 95 10 1.8
100000 1 60 95 10 1.2
100000 1 60 95 10 0.6
100000 1 60 95 10 0
100000 1 60 95 -1 -10
100000 1 60 95 -1 2.55
100000 1 60 95 -1 2.85
100000 1 60 95 -1 2.7
100000 1 60 95 -1 3.3
100000 1 60 95 -1 3
100000 1 60 95 -1 2.4
100000 1 60 95 -1 1.8
100000 1 60 95 -1 1.2
100000 1 60 95 -1 0.6
100000 1 60 95 -1 0
100000 1 60 95 -0.2 -10
100000 1 60 95 -0.2 2.55
100000 1 60 95 -0.2 2.85
100000 1 60 95 -0.2 2.7
100000 1 60 95 -0.2 3.3
0
1360327 24 77.5 1 0.75