180784 1.0006 12 0 1 -10
180275 1.00059 36 0 1 -10
180275 1.00059 48 0 1 -10
180275 1.00059 21 0 1 -10
180275 1.00059 100 0 1 -10
180275 1.00059 60 0 1 -10
180275 1.00059 15 0 1 -10
180275 1.00059 24 0 1 -10
180275 1.00059 18 0 1 -10
172312 1.00053 12 0 10 -10
171090 1.00052 18 0 10 -10
171090 1.00052 21 0 10 -10
171090 1.00052 60 0 10 -10
171090 1.00052 15 0 10 -10
171090 1.00052 36 0 10 -10
171090 1.00052 24 0 10 -10
171090 1.00052 48 0 10 -10
169931 1.00466 6 0 1 0.15
169057 1.00052 12 0 1.4 -10
167839 1.00051 24 0 1.4 -10
167839 1.00051 60 0 1.4 -10
167839 1.00051 100 0 1.4 -10
167839 1.00051 15 0 1.4 -10
167839 1.00051 36 0 1.4 -10
167839 1.00051 18 0 1.4 -10
167839 1.00051 21 0 1.4 -10
167839 1.00051 48 0 1.4 -10
167801 1.00056 12 0 0.6 -10
167434 1.00408 6 0 10 0.15
166391 1.00055 60 0 0.6 -10
166391 1.00055 18 0 0.6 -10
166391 1.00055 48 0 0.6 -10
166391 1.00055 100 0 0.6 -10
166391 1.00055 15 0 0.6 -10
166391 1.00055 21 0 0.6 -10
166391 1.00055 24 0 0.6 -10
166391 1.00055 36 0 0.6 -10
165965 1.00492 6 0 0.6 0.15
165552 1.00462 6 45 0.8 0.15
165285 1.00565 6 65 0.6 0.15
165208 1.00473 6 55 1 0.15
165049 1.00401 6 0 1.4 0.15
164397 1.0052 21 65 1 0.15
164397 1.0052 36 65 1 0.15
164397 1.0052 100 65 1 0.15
164397 1.0052 18 65 1 0.15
164397 1.0052 24 65 1 0.15
164397 1.0052 48 65 1 0.15
164397 1.0052 60 65 1 0.15
164397 1.0052 15 65 1 0.15
164397 1.0052 12 65 1 0.15
163999 1.00532 6 65 1 0.15
163479 1.00402 6 45 10 0.15
162755 1.00436 15 45 0.8 0.15
162755 1.00436 60 45 0.8 0.15
162755 1.00436 48 45 0.8 0.15
162755 1.00436 24 45 0.8 0.15
162755 1.00436 100 45 0.8 0.15
162755 1.00436 36 45 0.8 0.15
162755 1.00436 18 45 0.8 0.15
162755 1.00436 12 45 0.8 0.15
162755 1.00436 21 45 0.8 0.15
162244 1.00445 60 55 1 0.15
162244 1.00445 36 55 1 0.15
162244 1.00445 12 55 1 0.15
162244 1.00445 21 55 1 0.15
162244 1.00445 24 55 1 0.15
162244 1.00445 15 55 1 0.15
162244 1.00445 18 55 1 0.15
162244 1.00445 100 55 1 0.15
162244 1.00445 48 55 1 0.15
161999 1.00438 6 55 10 0.15
160841 1.00295 18 80 0.6 -0.15
160841 1.00295 15 80 0.6 -0.15
160841 1.00295 15 80 0.6 -0.3
160841 1.00295 60 80 0.6 -10
160841 1.00295 24 80 0.6 -10
160841 1.00295 60 80 0.6 -0.45
160841 1.00295 24 80 0.6 -0.45
160841 1.00295 24 80 0.6 -0.15
160841 1.00295 24 80 0.6 -0.3
160841 1.00295 12 80 0.6 -10
160841 1.00295 12 80 0.6 -0.45
160841 1.00295 21 80 0.6 -10
160841 1.00295 21 80 0.6 -0.45
160841 1.00295 15 80 0.6 -0.45
160841 1.00295 15 80 0.6 -10
160841 1.00295 21 80 0.6 -0.15
160841 1.00295 21 80 0.6 -0.3
160841 1.00295 12 80 0.6 -0.15
160841 1.00295 12 80 0.6 -0.3
160841 1.00295 100 80 0.6 -0.3
160841 1.00295 100 80 0.6 -0.15
160841 1.00295 100 80 0.6 -0.45
160841 1.00295 100 80 0.6 -10
160841 1.00295 60 80 0.6 -0.15
160841 1.00295 48 80 0.6 -10
160841 1.00295 48 80 0.6 -0.45
160841 1.00295 48 80 0.6 -0.15
160841 1.00295 48 80 0.6 -0.3
160841 1.00295 60 80 0.6 -0.3
160841 1.00295 36 80 0.6 -0.3
160841 1.00295 36 80 0.6 -10
160841 1.00295 36 80 0.6 -0.45
160841 1.00295 36 80 0.6 -0.15
160841 1.00295 18 80 0.6 -10
160841 1.00295 18 80 0.6 -0.45
160841 1.00295 18 80 0.6 -0.3
160724 1.00294 12 80 1 -0.3
160724 1.00294 24 80 1 -0.15
160724 1.00294 60 80 1 -0.3
160724 1.00294 18 80 1 -0.45
160724 1.00294 60 80 1 -0.45
160724 1.00294 60 80 1 -10
160724 1.00294 60 80 1 -0.15
160724 1.00294 36 80 1 -10
160724 1.00294 12 80 1 -0.15
160724 1.00294 12 80 1 -0.45
160724 1.00294 18 80 1 -10
160724 1.00294 36 80 1 -0.45
160724 1.00294 36 80 1 -0.15
160724 1.00294 36 80 1 -0.3
160724 1.00294 100 80 1 -0.3
160724 1.00294 100 80 1 -0.15
160724 1.00294 24 80 1 -0.45
160724 1.00294 100 80 1 -0.45
160724 1.00294 100 80 1 -10
160724 1.00294 48 80 1 -10
160724 1.00294 24 80 1 -10
160724 1.00294 15 80 1 -10
160724 1.00294 15 80 1 -0.45
160724 1.00294 12 80 1 -10
160724 1.00294 24 80 1 -0.3
160724 1.00294 48 80 1 -0.45
160724 1.00294 15 80 1 -0.15
160724 1.00294 48 80 1 -0.15
160724 1.00294 48 80 1 -0.3
160724 1.00294 21 80 1 -10
160724 1.00294 18 80 1 -0.15
160724 1.00294 18 80 1 -0.3
160724 1.00294 21 80 1 -0.45
160724 1.00294 15 80 1 -0.3
160724 1.00294 21 80 1 -0.15
160724 1.00294 21 80 1 -0.3
160611 1.00512 6 65 1.4 0.15
160203 1.00481 12 65 10 0.15
160203 1.00481 100 65 10 0.15
160203 1.00481 48 65 10 0.15
160203 1.00481 60 65 10 0.15
160203 1.00481 18 65 10 0.15
160203 1.00481 21 65 10 0.15
160203 1.00481 15 65 10 0.15
160203 1.00481 36 65 10 0.15
160203 1.00481 24 65 10 0.15
159845 1.00502 6 65 10 0.15
159175 1.00289 15 80 10 -0.15
159175 1.00289 60 80 1.4 -10
159175 1.00289 48 80 1.4 -10
159175 1.00289 48 80 1.4 -0.15
159175 1.00289 36 80 10 -0.3
159175 1.00289 60 80 10 -0.15
159175 1.00289 18 80 10 -10
159175 1.00289 48 80 10 -0.3
159175 1.00289 12 80 1.4 -10
159175 1.00289 100 80 10 -10
159175 1.00289 100 80 10 -0.45
159175 1.00289 100 80 10 -0.15
159175 1.00289 100 80 10 -0.3
159175 1.00289 48 80 10 -0.15
159175 1.00289 48 80 10 -0.45
159175 1.00289 48 80 10 -10
159175 1.00289 36 80 10 -0.15
159175 1.00289 36 80 1.4 -0.45
159175 1.00289 48 80 1.4 -0.3
159175 1.00289 18 80 10 -0.45
159175 1.00289 36 80 10 -0.45
159175 1.00289 36 80 10 -10
159175 1.00289 60 80 10 -0.3
159175 1.00289 15 80 10 -0.3
159175 1.00289 12 80 1.4 -0.45
159175 1.00289 12 80 1.4 -0.15
159175 1.00289 18 80 10 -0.15
159175 1.00289 18 80 10 -0.3
159175 1.00289 36 80 1.4 -0.15
159175 1.00289 24 80 1.4 -0.3
159175 1.00289 60 80 1.4 -0.3
159175 1.00289 100 80 1.4 -10
159175 1.00289 100 80 1.4 -0.45
159175 1.00289 100 80 1.4 -0.15
159175 1.00289 100 80 1.4 -0.3
159175 1.00289 15 80 1.4 -10
159175 1.00289 12 80 1.4 -0.3
159175 1.00289 21 80 1.4 -0.3
159175 1.00289 21 80 1.4 -0.15
159175 1.00289 21 80 1.4 -0.45
159175 1.00289 21 80 1.4 -10
159175 1.00289 15 80 10 -0.45
159175 1.00289 48 80 1.4 -0.45
159175 1.00289 18 80 1.4 -10
159175 1.00289 18 80 1.4 -0.45
159175 1.00289 24 80 1.4 -0.15
159175 1.00289 21 80 10 -0.3
159175 1.00289 21 80 10 -0.15
159175 1.00289 21 80 10 -0.45
159175 1.00289 21 80 10 -10
159175 1.00289 24 80 1.4 -0.45
159175 1.00289 36 80 1.4 -0.3
159175 1.00289 24 80 1.4 -10
159175 1.00289 18 80 1.4 -0.15
159175 1.00289 60 80 1.4 -0.15
159175 1.00289 18 80 1.4 -0.3
159175 1.00289 60 80 1.4 -0.45
159175 1.00289 60 80 10 -0.45
159175 1.00289 24 80 10 -0.45
159175 1.00289 36 80 1.4 -10
159175 1.00289 24 80 10 -0.15
159175 1.00289 12 80 10 -0.3
159175 1.00289 15 80 1.4 -0.3
159175 1.00289 15 80 10 -10
159175 1.00289 60 80 10 -10
159175 1.00289 12 80 10 -0.15
159175 1.00289 12 80 10 -0.45
159175 1.00289 12 80 10 -10
159175 1.00289 15 80 1.4 -0.15
159175 1.00289 24 80 10 -10
159175 1.00289 24 80 10 -0.3
159175 1.00289 15 80 1.4 -0.45
159027 1.00364 48 45 10 0.15
159027 1.00364 24 45 10 0.15
159027 1.00364 36 45 10 0.15
159027 1.00364 18 45 10 0.15
159027 1.00364 15 45 10 0.15
159027 1.00364 12 45 10 0.15
159027 1.00364 21 45 10 0.15
159027 1.00364 100 45 10 0.15
159027 1.00364 60 45 10 0.15
157432 1.00394 15 55 10 0.15
157432 1.00394 100 55 10 0.15
157432 1.00394 60 55 10 0.15
157432 1.00394 48 55 10 0.15
157432 1.00394 18 55 10 0.15
157432 1.00394 24 55 10 0.15
157432 1.00394 21 55 10 0.15
157432 1.00394 12 55 10 0.15
157432 1.00394 36 55 10 0.15
156153 1.0036 36 0 -0.6 -0.15
156153 1.0036 48 0 -0.6 -0.15
156153 1.0036 24 0 -0.6 -0.15
156153 1.0036 12 0 -0.6 -0.15
156153 1.0036 21 0 -0.6 -0.15
156153 1.0036 15 0 -0.6 -0.15
156153 1.0036 100 0 -0.6 -0.15
156153 1.0036 18 0 -0.6 -0.15
156153 1.0036 60 0 -0.6 -0.15
155693 1.00131 15 65 1 0
155693 1.00131 60 65 1 0
155693 1.00131 21 65 1 0
155693 1.00131 18 65 1 0
155693 1.00131 100 65 1 0
155693 1.00131 36 65 1 0
155693 1.00131 24 65 1 0
155693 1.00131 48 65 1 0
155693 1.00131 12 65 1 0
155665 1.00045 12 0 10 -0.45
155297 1.00396 21 55 -0.6 -0.15
155297 1.00396 36 55 -0.6 -0.15
155297 1.00396 15 55 -0.6 -0.15
155297 1.00396 18 55 -0.6 -0.15
155297 1.00396 60 55 -0.6 -0.15
155297 1.00396 48 55 -0.6 -0.15
155297 1.00396 24 55 -0.6 -0.15
155297 1.00396 100 55 -0.6 -0.15
155297 1.00396 12 55 -0.6 -0.15
154891 1.00044 48 0 10 -0.45
154891 1.00044 21 0 10 -0.45
154891 1.00044 36 0 10 -0.45
154891 1.00044 60 0 10 -0.45
154891 1.00044 24 0 10 -0.45
154891 1.00044 18 0 10 -0.45
154891 1.00044 100 0 10 -0.45
154891 1.00044 15 0 10 -0.45
154883 1.00364 100 55 -0.6 -10
154883 1.00364 21 55 -0.6 -10
154883 1.00364 18 55 -0.6 -10
154883 1.00367 12 55 -0.6 -10
154883 1.00364 60 55 -0.6 -10
154883 1.00364 15 55 -0.6 -10
154883 1.00364 48 55 -0.6 -10
154883 1.00364 36 55 -0.6 -10
154883 1.00364 24 55 -0.6 -10
154805 1.00279 12 0 -0.6 -0.45
154805 1.00277 24 0 -0.6 -0.45
154805 1.00277 100 0 -0.6 -0.45
154805 1.00277 48 0 -0.6 -0.45
154805 1.00277 15 0 -0.6 -0.45
154805 1.00277 18 0 -0.6 -0.45
154805 1.00277 60 0 -0.6 -0.45
154805 1.00277 36 0 -0.6 -0.45
154805 1.00277 21 0 -0.6 -0.45
154708 1.00046 12 0 1 -0.45
154612 1.00277 6 80 0.6 -0.45
154612 1.00277 6 80 0.6 -10
154612 1.00277 6 80 0.6 -0.15
154612 1.00277 6 80 0.6 -0.3
154474 1.00277 6 80 1 -0.45
154474 1.00277 6 80 1 -10
154474 1.00277 6 80 1 -0.3
154474 1.00277 6 80 1 -0.15
153957 1.00045 36 0 1 -0.45
153957 1.00045 15 0 1 -0.45
153957 1.00045 18 0 1 -0.45
153957 1.00045 21 0 1 -0.45
153957 1.00045 24 0 1 -0.45
153957 1.00045 100 0 1 -0.45
153957 1.00045 60 0 1 -0.45
153957 1.00045 48 0 1 -0.45
153798 1.00283 48 0 -0.6 -0.3
153798 1.00283 21 0 -0.6 -0.3
153798 1.00283 18 0 -0.6 -0.3
153798 1.00283 12 0 -0.6 -0.3
153798 1.00283 15 0 -0.6 -0.3
153798 1.00283 100 0 -0.6 -0.3
153798 1.00283 60 0 -0.6 -0.3
153798 1.00283 24 0 -0.6 -0.3
153798 1.00283 36 0 -0.6 -0.3
153771 1.00192 48 75 1 0
153771 1.00192 24 75 1 0
153771 1.00192 18 75 1 0
153771 1.00192 21 75 1 0
153771 1.00192 100 75 1 0
153771 1.00192 60 75 1 0
153771 1.00192 36 75 1 0
153771 1.00192 15 75 1 0
153771 1.00192 12 75 1 0
153644 1.00365 100 55 -0.6 -0.3
153644 1.00365 21 55 -0.6 -0.3
153644 1.00364 12 55 -0.6 -0.45
153644 1.00365 60 55 -0.6 -0.3
153644 1.00361 100 55 -0.6 -0.45
153644 1.00361 21 55 -0.6 -0.45
153644 1.00361 36 55 -0.6 -0.45
153644 1.00361 18 55 -0.6 -0.45
153644 1.00365 12 55 -0.6 -0.3
153644 1.00365 36 55 -0.6 -0.3
153644 1.00361 48 55 -0.6 -0.45
153644 1.00365 18 55 -0.6 -0.3
153644 1.00361 24 55 -0.6 -0.45
153644 1.00365 24 55 -0.6 -0.3
153644 1.00365 15 55 -0.6 -0.3
153644 1.00361 15 55 -0.6 -0.45
153644 1.00361 60 55 -0.6 -0.45
153644 1.00365 48 55 -0.6 -0.3
152986 1.00271 6 80 1.4 -10
152986 1.00271 6 80 1.4 -0.45
152986 1.00271 6 80 10 -0.3
152986 1.00271 6 80 10 -0.15
152986 1.00271 6 80 1.4 -0.3
152986 1.00271 6 80 10 -0.45
152986 1.00271 6 80 10 -10
152986 1.00271 6 80 1.4 -0.15
152876 1.00191 60 75 0.6 0
152876 1.00191 18 75 0.6 0
152876 1.00191 100 75 0.6 0
152876 1.00191 21 75 0.6 0
152876 1.00191 48 75 0.6 0
152876 1.00191 15 75 0.6 0
152876 1.00191 24 75 0.6 0
152876 1.00191 12 75 0.6 0
152876 1.00191 36 75 0.6 0
152717 1.00043 21 0 1.4 -0.45
152717 1.00043 12 0 1.4 -0.45
152717 1.00043 18 0 1.4 -0.45
152717 1.00043 60 0 1.4 -0.45
152717 1.00043 24 0 1.4 -0.45
152717 1.00043 100 0 1.4 -0.45
152717 1.00043 36 0 1.4 -0.45
152717 1.00043 15 0 1.4 -0.45
152717 1.00043 48 0 1.4 -0.45
152563 1.00101 60 55 1 0
152563 1.00101 24 55 1 0
152563 1.00101 21 55 1 0
152563 1.00101 18 55 1 0
152563 1.00101 100 55 1 0
152563 1.00101 15 55 1 0
152563 1.00101 36 55 1 0
152563 1.00101 48 55 1 0
152563 1.00101 12 55 1 0
152541 1.00044 24 0 10 -0.3
152541 1.00044 60 0 10 -0.3
152541 1.00044 36 0 10 -0.3
152541 1.00044 48 0 10 -0.3
152541 1.00044 18 0 10 -0.3
152541 1.00044 15 0 10 -0.3
152541 1.00044 100 0 10 -0.3
152541 1.00044 21 0 10 -0.3
152536 1.00088 15 0 0.6 0
152536 1.00088 48 0 0.6 0
152536 1.00088 24 0 0.6 0
152536 1.00088 21 0 0.6 0
152536 1.00088 36 0 0.6 0
152536 1.00088 18 0 0.6 0
152536 1.00088 60 0 0.6 0
152536 1.00088 12 0 0.6 0
152536 1.00088 100 0 0.6 0
152534 1.00044 12 0 10 -0.3
151790 1.00556 21 85 1 0
151790 1.00556 18 85 1 0
151790 1.00556 100 85 1 0
151790 1.00556 12 85 1 0
151790 1.00556 24 85 1 0
151790 1.00556 48 85 1 0
151790 1.00556 60 85 1 0
151790 1.00556 15 85 1 0
151790 1.00556 36 85 1 0
151717 1.00123 21 65 10 0
151717 1.00123 12 65 10 0
151717 1.00123 48 65 10 0
151717 1.00123 60 65 10 0
151717 1.00123 24 65 10 0
151717 1.00123 15 65 10 0
151717 1.00123 100 65 10 0
151717 1.00123 36 65 10 0
151717 1.00123 18 65 10 0
151553 1.00677 18 65 -0.6 0
151553 1.00677 12 65 -0.6 0
151553 1.00677 15 65 -0.6 0
151553 1.00677 100 65 -0.6 0
151553 1.00677 48 65 -0.6 0
151553 1.00677 21 65 -0.6 0
151553 1.00677 36 65 -0.6 0
151553 1.00677 24 65 -0.6 0
151553 1.00677 60 65 -0.6 0
151464 1.0008 21 0 1 0
151464 1.0008 18 0 1 0
151464 1.0008 12 0 1 0
151464 1.0008 24 0 1 0
151464 1.0008 100 0 1 0
151464 1.0008 48 0 1 0
151464 1.0008 60 0 1 0
151464 1.0008 15 0 1 0
151464 1.0008 36 0 1 0
151370 1.00553 36 85 0.6 0
151370 1.00553 24 85 0.6 0
151370 1.00553 60 85 0.6 0
151370 1.00553 18 85 0.6 0
151370 1.00553 12 85 0.6 0
151370 1.00553 100 85 0.6 0
151370 1.00553 48 85 0.6 0
151370 1.00553 21 85 0.6 0
151370 1.00553 15 85 0.6 0
151063 1.0055 48 85 1.4 0
151063 1.0055 60 85 1.4 0
151063 1.0055 48 85 10 0
151063 1.0055 36 85 10 0
151063 1.0055 24 85 10 0
151063 1.0055 12 85 1.4 0
151063 1.0055 21 85 1.4 0
151063 1.0055 18 85 10 0
151063 1.0055 100 85 10 0
151063 1.0055 60 85 10 0
151063 1.0055 24 85 1.4 0
151063 1.0055 15 85 10 0
151063 1.0055 100 85 1.4 0
151063 1.0055 36 85 1.4 0
151063 1.0055 21 85 10 0
151063 1.0055 18 85 1.4 0
151063 1.0055 15 85 1.4 0
151063 1.0055 12 85 10 0
150832 1.00239 12 0 -0.6 -10
150831 1.00237 15 0 -0.6 -10
150831 1.00237 60 0 -0.6 -10
150831 1.00237 36 0 -0.6 -10
150831 1.00237 100 0 -0.6 -10
150831 1.00237 18 0 -0.6 -10
150831 1.00237 21 0 -0.6 -10
150831 1.00237 24 0 -0.6 -10
150831 1.00237 48 0 -0.6 -10
150815 1.00638 24 77.5 10 0.15
150815 1.00638 18 77.5 10 0.15
150815 1.00638 15 77.5 10 0.15
150815 1.00638 21 77.5 10 0.15
150815 1.00638 12 77.5 10 0.15
150815 1.00638 100 77.5 10 0.15
150815 1.00638 36 77.5 10 0.15
150815 1.00638 60 77.5 10 0.15
150815 1.00638 48 77.5 10 0.15
150675 1.00128 6 65 0.6 0
150283 1.0043 100 65 -0.6 -0.15
150283 1.0043 12 65 -0.6 -0.15
150283 1.0043 60 65 -0.6 -0.15
150283 1.0043 36 65 -0.6 -0.15
150283 1.0043 18 65 -0.6 -0.15
150283 1.0043 24 65 -0.6 -0.15
150283 1.0043 48 65 -0.6 -0.15
150283 1.0043 15 65 -0.6 -0.15
150283 1.0043 21 65 -0.6 -0.15
150246 1.00182 36 75 1.4 0
150246 1.00182 12 75 1.4 0
150246 1.00182 60 75 10 0
150246 1.00182 60 75 1.4 0
150246 1.00182 48 75 1.4 0
150246 1.00182 18 75 10 0
150246 1.00182 100 75 1.4 0
150246 1.00182 48 75 10 0
150246 1.00182 36 75 10 0
150246 1.00182 100 75 10 0
150246 1.00182 12 75 10 0
150246 1.00182 24 75 10 0
150246 1.00182 24 75 1.4 0
150246 1.00182 18 75 1.4 0
150246 1.00182 21 75 1.4 0
150246 1.00182 15 75 1.4 0
150246 1.00182 21 75 10 0
150246 1.00182 15 75 10 0
150136 1.00272 18 80 0.6 0
150136 1.00272 12 80 0.6 0
150136 1.00272 48 80 0.6 0
150136 1.00272 15 80 0.6 0
150136 1.00272 60 80 0.6 0
150136 1.00272 100 80 0.6 0
150136 1.00272 21 80 0.6 0
150136 1.00272 36 80 0.6 0
150136 1.00272 24 80 0.6 0
150027 1.00272 18 80 1 0
150027 1.00272 100 80 1 0
150027 1.00272 12 80 1 0
150027 1.00272 21 80 1 0
150027 1.00272 60 80 1 0
150027 1.00272 48 80 1 0
150027 1.00272 15 80 1 0
150027 1.00272 24 80 1 0
150027 1.00272 36 80 1 0
149763 1.00648 48 55 -0.6 0
149763 1.00648 18 55 -0.6 0
149763 1.00648 12 55 -0.6 0
149763 1.00648 15 55 -0.6 0
149763 1.00648 15 0 -0.6 0
149763 1.00648 100 55 -0.6 0
149763 1.00648 48 0 -0.6 0
149763 1.00648 24 0 -0.6 0
149763 1.00648 21 0 -0.6 0
149763 1.00648 60 55 -0.6 0
149763 1.00648 18 0 -0.6 0
149763 1.00648 36 0 -0.6 0
149763 1.00648 60 0 -0.6 0
149763 1.00648 36 55 -0.6 0
149763 1.00648 12 0 -0.6 0
149763 1.00648 100 0 -0.6 0
149763 1.00648 24 55 -0.6 0
149763 1.00648 21 55 -0.6 0
149452 1.00357 24 82.5 0.6 0
149452 1.00357 48 82.5 0.6 0
149452 1.00357 15 82.5 0.6 0
149452 1.00357 36 82.5 0.6 0
149452 1.00357 12 82.5 0.6 0
149452 1.00357 60 82.5 0.6 0
149452 1.00357 100 82.5 0.6 0
149452 1.00357 21 82.5 0.6 0
149452 1.00357 18 82.5 0.6 0
149186 1.00355 60 82.5 1 0
149186 1.00355 36 82.5 1 0
149186 1.00355 100 82.5 1 0
149186 1.00355 24 82.5 1 0
149186 1.00355 48 82.5 1 0
149186 1.00355 18 82.5 1 0
149186 1.00355 15 82.5 1 0
149186 1.00355 12 82.5 1 0
149186 1.00355 21 82.5 1 0
149032 1.00044 12 0 1 -0.3
149032 1.00044 60 0 1 -0.3
149032 1.00044 100 0 1 -0.3
149032 1.00044 21 0 1 -0.3
149032 1.00044 15 0 1 -0.3
149032 1.00044 18 0 1 -0.3
149032 1.00044 48 0 1 -0.3
149032 1.00044 36 0 1 -0.3
149032 1.00044 24 0 1 -0.3
148928 1.00042 18 0 1.4 -0.3
148928 1.00042 36 0 1.4 -0.3
148928 1.00042 48 0 1.4 -0.3
148928 1.00042 15 0 1.4 -0.3
148928 1.00042 24 0 1.4 -0.3
148928 1.00042 100 0 1.4 -0.3
148928 1.00042 60 0 1.4 -0.3
148928 1.00042 21 0 1.4 -0.3
148837 1.04255 48 65 1 0.3
148837 1.04255 21 65 1 0.3
148837 1.04255 24 65 1 0.3
148837 1.04255 12 65 1 0.3
148837 1.04255 60 65 1 0.3
148837 1.04255 100 65 1 0.3
148837 1.04255 36 65 1 0.3
148837 1.04255 18 65 1 0.3
148837 1.04255 15 65 1 0.3
148588 1.00266 60 80 10 0
148588 1.00266 24 80 1.4 0
148588 1.00266 15 80 10 0
148588 1.00266 12 80 1.4 0
148588 1.00266 24 80 10 0
148588 1.00266 100 80 10 0
148588 1.00266 15 80 1.4 0
148588 1.00266 60 80 1.4 0
148588 1.00266 18 80 10 0
148588 1.00266 48 80 10 0
148588 1.00266 36 80 1.4 0
148588 1.00266 18 80 1.4 0
148588 1.00266 36 80 10 0
148588 1.00266 48 80 1.4 0
148588 1.00266 21 80 1.4 0
148588 1.00266 100 80 1.4 0
148588 1.00266 21 80 10 0
148588 1.00266 12 80 10 0
148267 1.00494 18 85 1 -0.15
148267 1.00494 12 85 1 -0.3
148267 1.00494 18 85 1 -0.3
148267 1.00494 100 85 1 -10
148267 1.00494 48 85 1 -0.3
148267 1.00494 100 85 1 -0.45
148267 1.00494 100 85 1 -0.15
148267 1.00494 100 85 1 -0.3
148267 1.00494 18 85 1 -0.45
148267 1.00494 24 85 1 -10
148267 1.00494 12 85 1 -0.15
148267 1.00494 12 85 1 -0.45
148267 1.00494 12 85 1 -10
148267 1.00494 18 85 1 -10
148267 1.00494 15 85 1 -10
148267 1.00494 48 85 1 -10
148267 1.00494 48 85 1 -0.45
148267 1.00494 24 85 1 -0.45
148267 1.00494 48 85 1 -0.15
148267 1.00494 24 85 1 -0.15
148267 1.00494 24 85 1 -0.3
148267 1.00494 15 85 1 -0.3
148267 1.00494 15 85 1 -0.45
148267 1.00494 21 85 1 -0.3
148267 1.00494 36 85 1 -0.3
148267 1.00494 21 85 1 -0.15
148267 1.00494 21 85 1 -0.45
148267 1.00494 15 85 1 -0.15
148267 1.00494 36 85 1 -0.15
148267 1.00494 60 85 1 -10
148267 1.00494 36 85 1 -0.45
148267 1.00494 36 85 1 -10
148267 1.00494 21 85 1 -10
148267 1.00494 60 85 1 -0.3
148267 1.00494 60 85 1 -0.15
148267 1.00494 60 85 1 -0.45
148226 1.00042 12 0 1.4 -0.3
148123 1.04207 60 65 10 0.3
148123 1.04207 100 65 10 0.3
148123 1.04207 18 65 10 0.3
148123 1.04207 36 65 10 0.3
148123 1.04207 12 65 10 0.3
148123 1.04207 24 65 10 0.3
148123 1.04207 48 65 10 0.3
148123 1.04207 21 65 10 0.3
148123 1.04207 15 65 10 0.3
147908 1.05304 6 65 0.6 0.3
147866 1.00491 12 85 0.6 -0.3
147866 1.00491 48 85 0.6 -0.3
147866 1.00491 48 85 0.6 -0.15
147866 1.00491 48 85 0.6 -0.45
147866 1.00491 48 85 0.6 -10
147866 1.00491 60 85 0.6 -0.15
147866 1.00491 36 85 0.6 -0.3
147866 1.00491 60 85 0.6 -0.3
147866 1.00491 36 85 0.6 -0.15
147866 1.00491 12 85 0.6 -0.15
147866 1.00491 21 85 0.6 -0.3
147866 1.00491 18 85 0.6 -0.3
147866 1.00491 18 85 0.6 -0.15
147866 1.00491 18 85 0.6 -0.45
147866 1.00491 18 85 0.6 -10
147866 1.00491 100 85 0.6 -10
147866 1.00491 100 85 0.6 -0.45
147866 1.00491 21 85 0.6 -0.15
147866 1.00491 21 85 0.6 -0.45
147866 1.00491 21 85 0.6 -10
147866 1.00491 36 85 0.6 -0.45
147866 1.00491 100 85 0.6 -0.15
147866 1.00491 24 85 0.6 -0.3
147866 1.00491 24 85 0.6 -0.15
147866 1.00491 24 85 0.6 -0.45
147866 1.00491 24 85 0.6 -10
147866 1.00491 12 85 0.6 -0.45
147866 1.00491 60 85 0.6 -0.45
147866 1.00491 15 85 0.6 -10
147866 1.00491 100 85 0.6 -0.3
147866 1.00491 15 85 0.6 -0.45
147866 1.00491 15 85 0.6 -0.15
147866 1.00491 15 85 0.6 -0.3
147866 1.00491 36 85 0.6 -10
147866 1.00491 12 85 0.6 -10
147866 1.00491 60 85 0.6 -10
147808 1.00156 18 75 1 -0.15
147808 1.00156 36 75 1 -10
147808 1.00156 36 75 1 -0.45
147808 1.00156 36 75 1 -0.15
147808 1.00156 36 75 1 -0.3
147808 1.00156 24 75 1 -10
147808 1.00156 24 75 1 -0.45
147808 1.00156 48 75 1 -0.15
147808 1.00156 21 75 1 -10
147808 1.00156 21 75 1 -0.45
147808 1.00156 48 75 1 -0.45
147808 1.00156 48 75 1 -0.3
147808 1.00156 48 75 1 -10
147808 1.00156 21 75 1 -0.15
147808 1.00156 21 75 1 -0.3
147808 1.00156 100 75 1 -0.3
147808 1.00156 60 75 1 -0.3
147808 1.00156 24 75 1 -0.15
147808 1.00156 12 75 1 -0.3
147808 1.00156 12 75 1 -0.15
147808 1.00156 12 75 1 -0.45
147808 1.00156 12 75 1 -10
147808 1.00156 18 75 1 -10
147808 1.00156 60 75 1 -0.15
147808 1.00156 60 75 1 -0.45
147808 1.00156 100 75 1 -10
147808 1.00156 15 75 1 -10
147808 1.00156 60 75 1 -10
147808 1.00156 18 75 1 -0.3
147808 1.00156 15 75 1 -0.45
147808 1.00156 100 75 1 -0.15
147808 1.00156 24 75 1 -0.3
147808 1.00156 18 75 1 -0.45
147808 1.00156 100 75 1 -0.45
147808 1.00156 15 75 1 -0.15
147808 1.00156 15 75 1 -0.3
147752 1.00348 24 82.5 1.4 0
147752 1.00348 100 82.5 10 0
147752 1.00348 60 82.5 1.4 0
147752 1.00348 24 82.5 10 0
147752 1.00348 18 82.5 1.4 0
147752 1.00348 12 82.5 10 0
147752 1.00348 48 82.5 1.4 0
147752 1.00348 21 82.5 10 0
147752 1.00348 15 82.5 10 0
147752 1.00348 60 82.5 10 0
147752 1.00348 12 82.5 1.4 0
147752 1.00348 18 82.5 10 0
147752 1.00348 36 82.5 10 0
147752 1.00348 21 82.5 1.4 0
147752 1.00348 48 82.5 10 0
147752 1.00348 100 82.5 1.4 0
147752 1.00348 15 82.5 1.4 0
147752 1.00348 36 82.5 1.4 0
147740 1.00086 18 45 0.8 0
147740 1.00086 15 45 0.8 0
147740 1.00086 48 45 0.8 0
147740 1.00086 100 45 0.8 0
147740 1.00086 12 45 0.8 0
147740 1.00086 24 45 0.8 0
147740 1.00086 36 45 0.8 0
147740 1.00086 60 45 0.8 0
147740 1.00086 21 45 0.8 0
147634 1.04687 6 65 1 0.3
147549 1.00489 12 85 10 -0.15
147549 1.00489 12 85 10 -0.45
147549 1.00489 12 85 10 -10
147549 1.00489 12 85 10 -0.3
147549 1.00489 12 85 1.4 -0.15
147549 1.00489 48 85 1.4 -10
147549 1.00489 12 85 1.4 -10
147549 1.00489 12 85 1.4 -0.45
147549 1.00489 15 85 1.4 -0.45
147549 1.00489 48 85 1.4 -0.45
147549 1.00489 48 85 1.4 -0.15
147549 1.00489 36 85 10 -0.15
147549 1.00489 48 85 1.4 -0.3
147549 1.00489 36 85 10 -0.3
147549 1.00489 100 85 10 -10
147549 1.00489 36 85 10 -0.45
147549 1.00489 100 85 10 -0.45
147549 1.00489 100 85 10 -0.15
147549 1.00489 100 85 10 -0.3
147549 1.00489 12 85 1.4 -0.3
147549 1.00489 60 85 1.4 -0.3
147549 1.00489 21 85 1.4 -0.3
147549 1.00489 36 85 10 -10
147549 1.00489 21 85 1.4 -0.15
147549 1.00489 48 85 10 -0.3
147549 1.00489 60 85 10 -10
147549 1.00489 48 85 10 -0.15
147549 1.00489 48 85 10 -0.45
147549 1.00489 21 85 10 -10
147549 1.00489 48 85 10 -10
147549 1.00489 60 85 10 -0.3
147549 1.00489 60 85 10 -0.45
147549 1.00489 21 85 1.4 -0.45
147549 1.00489 36 85 1.4 -0.45
147549 1.00489 60 85 1.4 -0.15
147549 1.00489 60 85 1.4 -0.45
147549 1.00489 24 85 1.4 -0.15
147549 1.00489 18 85 1.4 -0.3
147549 1.00489 18 85 10 -0.3
147549 1.00489 18 85 1.4 -0.15
147549 1.00489 100 85 1.4 -10
147549 1.00489 100 85 1.4 -0.45
147549 1.00489 18 85 1.4 -0.45
147549 1.00489 18 85 1.4 -10
147549 1.00489 100 85 1.4 -0.15
147549 1.00489 15 85 1.4 -0.3
147549 1.00489 15 85 1.4 -0.15
147549 1.00489 21 85 1.4 -10
147549 1.00489 15 85 1.4 -10
147549 1.00489 100 85 1.4 -0.3
147549 1.00489 60 85 10 -0.15
147549 1.00489 36 85 1.4 -10
147549 1.00489 24 85 1.4 -0.3
147549 1.00489 21 85 10 -0.45
147549 1.00489 21 85 10 -0.15
147549 1.00489 15 85 10 -0.3
147549 1.00489 15 85 10 -0.15
147549 1.00489 15 85 10 -0.45
147549 1.00489 15 85 10 -10
147549 1.00489 24 85 10 -10
147549 1.00489 24 85 10 -0.45
147549 1.00489 24 85 10 -0.15
147549 1.00489 21 85 10 -0.3
147549 1.00489 24 85 10 -0.3
147549 1.00489 36 85 1.4 -0.3
147549 1.00489 24 85 1.4 -0.45
147549 1.00489 36 85 1.4 -0.15
147549 1.00489 18 85 10 -10
147549 1.00489 18 85 10 -0.45
147549 1.00489 18 85 10 -0.15
147549 1.00489 60 85 1.4 -10
147549 1.00489 24 85 1.4 -10
147385 1.00178 6 75 1 0
147288 1.03802 6 55 10 0.3
147288 1.03802 6 0 10 0.3
147288 1.03802 6 45 10 0.3
147287 1.05234 6 45 0.8 0.3
147256 1.00091 15 55 10 0
147256 1.00091 36 55 10 0
147256 1.00091 60 55 10 0
147256 1.00091 48 55 10 0
147256 1.00091 21 55 10 0
147256 1.00091 12 55 10 0
147256 1.00091 24 55 10 0
147256 1.00091 100 55 10 0
147256 1.00091 18 55 10 0
147177 1.00547 6 85 1 0
146924 1.00155 21 75 0.6 -0.45
146924 1.00155 21 75 0.6 -10
146924 1.00155 21 75 0.6 -0.15
146924 1.00155 48 75 0.6 -10
146924 1.00155 21 75 0.6 -0.3
146924 1.00155 60 75 0.6 -10
146924 1.00155 60 75 0.6 -0.45
146924 1.00155 24 75 0.6 -10
146924 1.00155 60 75 0.6 -0.15
146924 1.00155 18 75 0.6 -0.15
146924 1.00155 36 75 0.6 -10
146924 1.00155 36 75 0.6 -0.45
146924 1.00155 36 75 0.6 -0.15
146924 1.00155 36 75 0.6 -0.3
146924 1.00155 60 75 0.6 -0.3
146924 1.00155 12 75 0.6 -0.3
146924 1.00155 12 75 0.6 -0.15
146924 1.00155 12 75 0.6 -0.45
146924 1.00155 12 75 0.6 -10
146924 1.00155 18 75 0.6 -0.3
146924 1.00155 18 75 0.6 -10
146924 1.00155 100 75 0.6 -10
146924 1.00155 48 75 0.6 -0.45
146924 1.00155 48 75 0.6 -0.15
146924 1.00155 48 75 0.6 -0.3
146924 1.00155 100 75 0.6 -0.3
146924 1.00155 100 75 0.6 -0.15
146924 1.00155 100 75 0.6 -0.45
146924 1.00155 18 75 0.6 -0.45
146924 1.00155 15 75 0.6 -0.3
146924 1.00155 24 75 0.6 -0.3
146924 1.00155 24 75 0.6 -0.15
146924 1.00155 24 75 0.6 -0.45
146924 1.00155 15 75 0.6 -0.15
146924 1.00155 15 75 0.6 -0.45
146924 1.00155 15 75 0.6 -10
146919 1.04634 6 65 1.4 0.3
146919 1.04634 6 65 10 0.3
146792 1.00117 6 65 1 0
146780 1.00544 6 85 0.6 0
146777 1.0115 36 45 -0.8 0
146777 1.0115 60 45 -0.8 0
146777 1.0115 48 45 -0.8 0
146777 1.0115 21 45 -0.8 0
146777 1.0115 18 45 -0.8 0
146777 1.0115 100 45 -0.8 0
146777 1.0115 24 45 -0.8 0
146777 1.0115 15 45 -0.8 0
146523 1.00178 6 75 0.6 0
146470 1.00541 6 85 10 0
146470 1.00541 6 85 1.4 0
146209 1.05139 6 0 0.6 0.3
145938 1.0454 6 55 1 0.3
145938 1.0454 6 0 1 0.3
145928 1.04082 6 0 1.4 0.3
145874 1.00482 60 45 -0.8 -0.45
145874 1.00482 36 45 -0.8 -0.45
145874 1.00482 15 45 -0.8 -0.45
145874 1.00482 48 45 -0.8 -0.45
145874 1.00482 18 45 -0.8 -0.45
145874 1.00482 21 45 -0.8 -0.45
145874 1.00482 100 45 -0.8 -0.45
145874 1.00482 24 45 -0.8 -0.45
145804 1.00386 60 65 -0.6 -0.45
145804 1.00386 18 65 -0.6 -0.45
145804 1.00386 60 65 -0.6 -10
145804 1.00386 18 65 -0.6 -10
145804 1.00386 48 65 -0.6 -0.45
145804 1.00386 36 65 -0.6 -10
145804 1.00386 21 65 -0.6 -10
145804 1.00386 36 65 -0.6 -0.45
145804 1.00386 21 65 -0.6 -0.45
145804 1.00386 48 65 -0.6 -10
145804 1.00386 24 65 -0.6 -0.45
145804 1.00386 15 65 -0.6 -0.45
145804 1.00386 100 65 -0.6 -0.45
145804 1.00386 100 65 -0.6 -10
145804 1.00386 12 65 -0.6 -0.45
145804 1.00386 15 65 -0.6 -10
145804 1.00386 24 65 -0.6 -10
145804 1.00386 12 65 -0.6 -10
145798 1.00388 60 65 -0.6 -0.3
145798 1.00388 18 65 -0.6 -0.3
145798 1.00388 12 65 -0.6 -0.3
145798 1.00388 21 65 -0.6 -0.3
145798 1.00388 15 65 -0.6 -0.3
145798 1.00388 48 65 -0.6 -0.3
145798 1.00388 24 65 -0.6 -0.3
145798 1.00388 36 65 -0.6 -0.3
145798 1.00388 100 65 -0.6 -0.3
145683 1.00314 36 82.5 0.6 -10
145683 1.00314 21 82.5 0.6 -0.15
145683 1.00314 12 82.5 0.6 -10
145683 1.00314 18 82.5 0.6 -0.15
145683 1.00314 36 82.5 0.6 -0.45
145683 1.00314 48 82.5 0.6 -0.3
145683 1.00314 21 82.5 0.6 -0.3
145683 1.00314 21 82.5 0.6 -0.45
145683 1.00314 48 82.5 0.6 -0.15
145683 1.00314 48 82.5 0.6 -0.45
145683 1.00314 15 82.5 0.6 -0.3
145683 1.00314 21 82.5 0.6 -10
145683 1.00314 15 82.5 0.6 -10
145683 1.00314 48 82.5 0.6 -10
145683 1.00314 24 82.5 0.6 -10
145683 1.00314 100 82.5 0.6 -0.15
145683 1.00314 24 82.5 0.6 -0.45
145683 1.00314 100 82.5 0.6 -0.3
145683 1.00314 24 82.5 0.6 -0.15
145683 1.00314 15 82.5 0.6 -0.45
145683 1.00314 18 82.5 0.6 -10
145683 1.00314 18 82.5 0.6 -0.3
145683 1.00314 24 82.5 0.6 -0.3
145683 1.00314 12 82.5 0.6 -0.15
145683 1.00314 18 82.5 0.6 -0.45
145683 1.00314 36 82.5 0.6 -0.15
145683 1.00314 100 82.5 0.6 -10
145683 1.00314 60 82.5 0.6 -10
145683 1.00314 12 82.5 0.6 -0.45
145683 1.00314 15 82.5 0.6 -0.15
145683 1.00314 36 82.5 0.6 -0.3
145683 1.00314 60 82.5 0.6 -0.45
145683 1.00314 60 82.5 0.6 -0.3
145683 1.00314 60 82.5 0.6 -0.15
145683 1.00314 12 82.5 0.6 -0.3
145683 1.00314 100 82.5 0.6 -0.45
145615 1.01723 15 90 1 -10
145615 1.01723 18 90 1 0
145615 1.01723 100 90 1 -0.15
145615 1.01723 24 90 1 0
145615 1.01723 48 90 1 -0.3
145615 1.01723 100 90 1 -0.3
145615 1.01723 36 90 1 -0.15
145615 1.01723 15 90 1 -0.45
145615 1.01723 100 90 1 -0.45
145615 1.01723 12 90 1 -0.3
145615 1.01723 12 90 1 -0.15
145615 1.01723 24 90 1 -0.3
145615 1.01723 24 90 1 -0.15
145615 1.01723 24 90 1 -0.45
145615 1.01723 24 90 1 -10
145615 1.01723 21 90 1 -10
145615 1.01723 21 90 1 -0.45
145615 1.01723 21 90 1 -0.15
145615 1.01723 12 90 1 -0.45
145615 1.01723 100 90 1 -10
145615 1.01723 12 90 1 -10
145615 1.01723 15 90 1 -0.3
145615 1.01723 48 90 1 -0.15
145615 1.01723 21 90 1 -0.3
145615 1.01723 18 90 1 -0.3
145615 1.01723 18 90 1 -0.15
145615 1.01723 18 90 1 -0.45
145615 1.01723 18 90 1 -10
145615 1.01723 60 90 1 -0.15
145615 1.01723 100 90 1 0
145615 1.01723 15 90 1 0
145615 1.01723 60 90 1 -0.45
145615 1.01723 15 90 1 -0.15
145615 1.01723 12 90 1 0
145615 1.01723 48 90 1 -0.45
145615 1.01723 48 90 1 -10
145615 1.01723 36 90 1 0
145615 1.01723 36 90 1 -0.3
145615 1.01723 60 90 1 -10
145615 1.01723 60 90 1 0
145615 1.01723 48 90 1 0
145615 1.01723 60 90 1 -0.3
145615 1.01723 36 90 1 -10
145615 1.01723 21 90 1 0
145615 1.01723 36 90 1 -0.45
145384 1.00092 6 55 1 0
145380 1.00313 15 82.5 1 -0.3
145380 1.00044 100 0 0.6 -0.3
145380 1.00044 21 0 0.6 -0.3
145380 1.00313 100 82.5 1 -0.15
145380 1.00044 24 0 0.6 -0.3
145380 1.00313 100 82.5 1 -0.3
145380 1.00313 100 82.5 1 -0.45
145380 1.00313 60 82.5 1 -0.3
145380 1.00044 15 0 0.6 -0.3
145380 1.00313 100 82.5 1 -10
145380 1.00313 24 82.5 1 -0.3
145380 1.00313 18 82.5 1 -10
145380 1.00313 24 82.5 1 -0.15
145380 1.00313 12 82.5 1 -0.15
145380 1.00313 60 82.5 1 -10
145380 1.00313 48 82.5 1 -0.3
145380 1.00313 60 82.5 1 -0.45
145380 1.00313 48 82.5 1 -0.15
145380 1.00044 18 0 0.6 -0.3
145380 1.00313 18 82.5 1 -0.45
145380 1.00313 24 82.5 1 -0.45
145380 1.00313 18 82.5 1 -0.15
145380 1.00313 18 82.5 1 -0.3
145380 1.00313 24 82.5 1 -10
145380 1.00313 60 82.5 1 -0.15
145380 1.00313 12 82.5 1 -0.45
145380 1.00044 60 0 0.6 -0.3
145380 1.00313 21 82.5 1 -0.3
145380 1.00044 12 0 0.6 -0.3
145380 1.00313 21 82.5 1 -0.15
145380 1.00313 12 82.5 1 -0.3
145380 1.00313 36 82.5 1 -10
145380 1.00313 21 82.5 1 -0.45
145380 1.00313 21 82.5 1 -10
145380 1.00313 36 82.5 1 -0.45
145380 1.00313 36 82.5 1 -0.15
145380 1.00313 36 82.5 1 -0.3
145380 1.00313 48 82.5 1 -0.45
145380 1.00313 15 82.5 1 -10
145380 1.00313 15 82.5 1 -0.45
145380 1.00044 48 0 0.6 -0.3
145380 1.00313 12 82.5 1 -10
145380 1.00313 48 82.5 1 -10
145380 1.00313 15 82.5 1 -0.15
145380 1.00044 36 0 0.6 -0.3
145311 1.00772 36 77.5 -0.6 0
145311 1.00772 18 77.5 -0.6 0
145311 1.00772 60 77.5 -0.6 0
145311 1.00772 21 77.5 -0.6 0
145311 1.00772 15 77.5 -0.6 0
145311 1.00772 48 77.5 -0.6 0
145311 1.00772 24 77.5 -0.6 0
145311 1.00772 100 77.5 -0.6 0
145311 1.00772 12 77.5 -0.6 0
145160 1.00592 18 45 -0.8 -0.15
145160 1.00592 24 45 -0.8 -0.15
145160 1.00592 21 45 -0.8 -0.15
145160 1.00592 48 45 -0.8 -0.15
145160 1.00592 100 45 -0.8 -0.15
145160 1.00592 60 45 -0.8 -0.15
145160 1.00592 15 45 -0.8 -0.15
145160 1.00592 36 45 -0.8 -0.15
144996 1.00457 15 45 -0.8 -10
144996 1.00457 18 45 -0.8 -10
144996 1.00457 24 45 -0.8 -10
144996 1.00457 36 45 -0.8 -10
144996 1.00457 60 45 -0.8 -10
144996 1.00457 100 45 -0.8 -10
144996 1.00457 21 45 -0.8 -10
144996 1.00457 48 45 -0.8 -10
144972 1.00092 15 65 1 -10
144972 1.00092 36 65 1 -10
144972 1.00092 21 65 1 -10
144972 1.00092 15 65 1 -0.3
144972 1.00092 36 65 1 -0.3
144972 1.00092 48 65 1 -10
144972 1.00092 21 65 1 -0.3
144972 1.00092 24 65 1 -10
144972 1.00092 12 65 1 -10
144972 1.00092 12 65 1 -0.3
144972 1.00092 60 65 1 -10
144972 1.00092 60 65 1 -0.3
144972 1.00092 24 65 1 -0.3
144972 1.00092 48 65 1 -0.3
144972 1.00092 100 65 1 -0.3
144972 1.00092 18 65 1 -0.3
144972 1.00092 100 65 1 -10
144972 1.00092 18 65 1 -10
144950 1.01783 6 90 1 0
144950 1.01783 6 90 1 -0.3
144950 1.01783 6 90 1 -10
144950 1.01783 6 90 1 -0.45
144950 1.01783 6 90 1 -0.15
144925 1.01703 60 90 1.4 -0.15
144925 1.01703 21 90 1.4 -10
144925 1.01703 21 90 1.4 -0.45
144925 1.01703 60 90 10 -0.15
144925 1.01703 60 90 10 -0.3
144925 1.01703 21 90 0.6 -0.3
144925 1.01703 21 90 0.6 -0.15
144925 1.01703 21 90 1.4 -0.15
144925 1.01703 21 90 0.6 -0.45
144925 1.01703 21 90 0.6 -10
144925 1.01703 21 90 10 0
144925 1.01703 60 90 10 0
144925 1.01703 60 90 0.6 -10
144925 1.01703 21 90 1.4 -0.3
144925 1.01703 60 90 0.6 -0.45
144925 1.01703 60 90 1.4 0
144925 1.01703 21 90 1.4 0
144925 1.01703 36 90 10 -10
144925 1.01703 21 90 0.6 0
144925 1.01703 36 90 10 -0.45
144925 1.01703 12 90 10 0
144925 1.01703 36 90 10 -0.15
144925 1.01703 36 90 10 -0.3
144925 1.01703 60 90 1.4 -0.3
144925 1.01703 60 90 10 -0.45
144925 1.01703 36 90 10 0
144925 1.01703 21 90 10 -0.3
144925 1.01703 21 90 10 -0.15
144925 1.01703 21 90 10 -0.45
144925 1.01703 21 90 10 -10
144925 1.01703 60 90 0.6 -0.15
144925 1.01703 60 90 10 -10
144925 1.01703 24 90 10 -10
144925 1.01703 24 90 10 -0.45
144925 1.01703 12 90 0.6 -10
144925 1.01703 36 90 0.6 -10
144925 1.01703 12 90 0.6 -0.45
144925 1.01703 36 90 0.6 -0.45
144925 1.01703 24 90 10 -0.15
144925 1.01703 24 90 10 -0.3
144925 1.01703 36 90 0.6 -0.15
144925 1.01703 24 90 10 0
144925 1.01703 24 90 0.6 -10
144925 1.01703 36 90 0.6 -0.3
144925 1.01703 24 90 0.6 -0.45
144925 1.01703 24 90 0.6 -0.15
144925 1.01703 24 90 0.6 -0.3
144925 1.01703 24 90 0.6 0
144925 1.01703 15 90 0.6 0
144925 1.01703 24 90 1.4 -10
144925 1.01703 24 90 1.4 -0.45
144925 1.01703 24 90 1.4 -0.15
144925 1.01703 24 90 1.4 -0.3
144925 1.01703 18 90 0.6 -0.3
144925 1.01703 18 90 0.6 -0.15
144925 1.01703 18 90 0.6 -0.45
144925 1.01703 24 90 1.4 0
144925 1.01703 36 90 0.6 0
144925 1.01703 36 90 1.4 -10
144925 1.01703 36 90 1.4 -0.45
144925 1.01703 36 90 1.4 -0.15
144925 1.01703 36 90 1.4 -0.3
144925 1.01703 18 90 0.6 -10
144925 1.01703 36 90 1.4 0
144925 1.01703 18 90 10 0
144925 1.01703 18 90 0.6 0
144925 1.01703 18 90 1.4 -10
144925 1.01703 15 90 1.4 0
144925 1.01703 60 90 0.6 -0.3
144925 1.01703 60 90 0.6 0
144925 1.01703 12 90 10 -10
144925 1.01703 60 90 1.4 -10
144925 1.01703 12 90 1.4 0
144925 1.01703 60 90 1.4 -0.45
144925 1.01703 18 90 1.4 -0.45
144925 1.01703 12 90 1.4 -0.3
144925 1.01703 48 90 10 -10
144925 1.01703 12 90 10 -0.45
144925 1.01703 12 90 1.4 -0.15
144925 1.01703 48 90 10 -0.45
144925 1.01703 12 90 1.4 -0.45
144925 1.01703 12 90 10 -0.15
144925 1.01703 18 90 1.4 0
144925 1.01703 48 90 10 -0.15
144925 1.01703 12 90 1.4 -10
144925 1.01703 12 90 0.6 0
144925 1.01703 12 90 0.6 -0.3
144925 1.01703 12 90 0.6 -0.15
144925 1.01703 15 90 10 -10
144925 1.01703 15 90 10 -0.45
144925 1.01703 15 90 10 -0.15
144925 1.01703 15 90 10 -0.3
144925 1.01703 48 90 10 -0.3
144925 1.01703 12 90 10 -0.3
144925 1.01703 48 90 1.4 0
144925 1.01703 48 90 1.4 -0.3
144925 1.01703 100 90 10 -10
144925 1.01703 100 90 10 -0.45
144925 1.01703 15 90 10 0
144925 1.01703 15 90 0.6 -10
144925 1.01703 48 90 10 0
144925 1.01703 100 90 10 -0.15
144925 1.01703 100 90 10 -0.3
144925 1.01703 48 90 0.6 -10
144925 1.01703 48 90 0.6 -0.45
144925 1.01703 100 90 10 0
144925 1.01703 100 90 0.6 -10
144925 1.01703 100 90 0.6 -0.45
144925 1.01703 100 90 0.6 -0.15
144925 1.01703 48 90 0.6 -0.15
144925 1.01703 48 90 0.6 -0.3
144925 1.01703 18 90 10 -10
144925 1.01703 18 90 10 -0.45
144925 1.01703 18 90 10 -0.15
144925 1.01703 18 90 1.4 -0.15
144925 1.01703 18 90 10 -0.3
144925 1.01703 48 90 0.6 0
144925 1.01703 15 90 0.6 -0.45
144925 1.01703 100 90 0.6 -0.3
144925 1.01703 15 90 0.6 -0.15
144925 1.01703 15 90 0.6 -0.3
144925 1.01703 18 90 1.4 -0.3
144925 1.01703 48 90 1.4 -10
144925 1.01703 48 90 1.4 -0.45
144925 1.01703 15 90 1.4 -0.3
144925 1.01703 100 90 0.6 0
144925 1.01703 48 90 1.4 -0.15
144925 1.01703 15 90 1.4 -10
144925 1.01703 15 90 1.4 -0.15
144925 1.01703 100 90 1.4 -10
144925 1.01703 100 90 1.4 -0.45
144925 1.01703 15 90 1.4 -0.45
144925 1.01703 100 90 1.4 0
144925 1.01703 100 90 1.4 -0.15
144925 1.01703 100 90 1.4 -0.3
144390 1.00147 18 75 10 -0.3
144390 1.00147 12 75 10 -0.15
144390 1.00147 12 75 10 -0.45
144390 1.00147 12 75 10 -10
144390 1.00147 18 75 1.4 -10
144390 1.00147 24 75 10 -0.3
144390 1.00147 24 75 10 -0.15
144390 1.00147 36 75 10 -0.15
144390 1.00147 24 75 1.4 -0.45
144390 1.00147 18 75 1.4 -0.45
144390 1.00147 24 75 10 -0.45
144390 1.00147 24 75 10 -10
144390 1.00147 48 75 10 -10
144390 1.00147 24 75 1.4 -10
144390 1.00147 21 75 10 -0.3
144390 1.00147 24 75 1.4 -0.15
144390 1.00147 24 75 1.4 -0.3
144390 1.00147 21 75 10 -0.15
144390 1.00147 21 75 10 -0.45
144390 1.00147 48 75 10 -0.45
144390 1.00147 21 75 10 -10
144390 1.00147 18 75 1.4 -0.15
144390 1.00147 100 75 10 -10
144390 1.00147 18 75 1.4 -0.3
144390 1.00147 60 75 1.4 -0.3
144390 1.00147 21 75 1.4 -10
144390 1.00147 60 75 1.4 -0.15
144390 1.00147 21 75 1.4 -0.45
144390 1.00147 21 75 1.4 -0.15
144390 1.00147 21 75 1.4 -0.3
144390 1.00147 60 75 1.4 -0.45
144390 1.00147 48 75 10 -0.15
144390 1.00147 48 75 10 -0.3
144390 1.00147 100 75 10 -0.45
144390 1.00147 12 75 10 -0.3
144390 1.00147 100 75 10 -0.15
144390 1.00147 100 75 10 -0.3
144390 1.00147 12 75 1.4 -10
144390 1.00147 12 75 1.4 -0.45
144390 1.00147 48 75 1.4 -10
144390 1.00147 48 75 1.4 -0.45
144390 1.00147 60 75 10 -10
144390 1.00147 60 75 10 -0.45
144390 1.00147 60 75 10 -0.15
144390 1.00147 60 75 10 -0.3
144390 1.00147 48 75 1.4 -0.15
144390 1.00147 48 75 1.4 -0.3
144390 1.00147 100 75 1.4 -0.3
144390 1.00147 100 75 1.4 -0.15
144390 1.00147 18 75 10 -0.15
144390 1.00147 100 75 1.4 -0.45
144390 1.00147 60 75 1.4 -10
144390 1.00147 18 75 10 -0.45
144390 1.00147 100 75 1.4 -10
144390 1.00147 12 75 1.4 -0.3
144390 1.00147 12 75 1.4 -0.15
144390 1.00147 36 75 10 -10
144390 1.00147 36 75 10 -0.45
144390 1.00147 15 75 1.4 -0.3
144390 1.00147 36 75 10 -0.3
144390 1.00147 15 75 1.4 -0.15
144390 1.00147 15 75 1.4 -0.45
144390 1.00147 15 75 1.4 -10
144390 1.00147 18 75 10 -10
144390 1.00147 15 75 10 -0.15
144390 1.00147 15 75 10 -0.3
144390 1.00147 15 75 10 -10
144390 1.00147 15 75 10 -0.45
144390 1.00147 36 75 1.4 -10
144390 1.00147 36 75 1.4 -0.45
144390 1.00147 36 75 1.4 -0.15
144390 1.00147 36 75 1.4 -0.3
144345 1.01371 12 85 -0.6 0
144345 1.01371 18 85 -0.6 0
144345 1.01371 60 85 -0.6 0
144345 1.01371 36 85 -0.6 0
144345 1.01371 15 85 -0.6 0
144345 1.01371 24 85 -0.6 0
144345 1.01371 48 85 -0.6 0
144345 1.01371 100 85 -0.6 0
144345 1.01371 21 85 -0.6 0
144305 1.00253 6 80 0.6 0
144266 1.01763 6 90 0.6 -0.3
144266 1.01763 6 90 1.4 -0.15
144266 1.01763 6 90 1.4 -0.3
144266 1.01763 6 90 1.4 0
144266 1.01763 6 90 1.4 -0.45
144266 1.01763 6 90 10 0
144266 1.01763 6 90 1.4 -10
144266 1.01763 6 90 10 -10
144266 1.01763 6 90 0.6 0
144266 1.01763 6 90 0.6 -10
144266 1.01763 6 90 0.6 -0.45
144266 1.01763 6 90 0.6 -0.15
144266 1.01763 6 90 10 -0.3
144266 1.01763 6 90 10 -0.15
144266 1.01763 6 90 10 -0.45
144228 1.00042 48 0 0.6 -0.45
144228 1.00042 21 0 0.6 -0.45
144228 1.00042 24 0 0.6 -0.45
144228 1.00042 18 0 0.6 -0.45
144228 1.00042 60 0 0.6 -0.45
144228 1.00042 100 0 0.6 -0.45
144228 1.00042 12 0 0.6 -0.45
144228 1.00042 15 0 0.6 -0.45
144228 1.00042 36 0 0.6 -0.45
144208 1.00252 6 80 1 0
144172 1.00095 6 65 0.6 -10
144172 1.00095 6 65 0.6 -0.3
144008 1.00168 6 75 1.4 0
144008 1.00168 6 75 10 0
143986 1.00306 12 82.5 1.4 -0.15
143986 1.00306 12 82.5 1.4 -10
143986 1.00306 48 82.5 10 -10
143986 1.00306 21 82.5 1.4 -0.45
143986 1.00306 48 82.5 10 -0.45
143986 1.00306 12 82.5 10 -0.3
143986 1.00306 15 82.5 1.4 -10
143986 1.00306 15 82.5 1.4 -0.45
143986 1.00306 15 82.5 1.4 -0.15
143986 1.00306 15 82.5 1.4 -0.3
143986 1.00306 100 82.5 1.4 -0.15
143986 1.00306 12 82.5 10 -10
143986 1.00306 48 82.5 10 -0.15
143986 1.00306 21 82.5 1.4 -10
143986 1.00306 100 82.5 1.4 -0.45
143986 1.00306 100 82.5 1.4 -10
143986 1.00306 21 82.5 1.4 -0.15
143986 1.00306 60 82.5 10 -0.15
143986 1.00306 36 82.5 10 -0.15
143986 1.00306 36 82.5 1.4 -10
143986 1.00306 36 82.5 10 -0.45
143986 1.00306 36 82.5 10 -10
143986 1.00306 100 82.5 1.4 -0.3
143986 1.00306 48 82.5 10 -0.3
143986 1.00306 60 82.5 1.4 -0.15
143986 1.00306 60 82.5 10 -0.3
143986 1.00306 24 82.5 10 -10
143986 1.00306 18 82.5 10 -0.3
143986 1.00306 60 82.5 1.4 -0.3
143986 1.00306 36 82.5 1.4 -0.45
143986 1.00306 24 82.5 10 -0.45
143986 1.00306 15 82.5 10 -0.3
143986 1.00306 100 82.5 10 -10
143986 1.00306 24 82.5 10 -0.15
143986 1.00306 24 82.5 10 -0.3
143986 1.00306 36 82.5 1.4 -0.15
143986 1.00306 100 82.5 10 -0.45
143986 1.00306 36 82.5 1.4 -0.3
143986 1.00306 18 82.5 10 -0.15
143986 1.00306 15 82.5 10 -0.15
143986 1.00306 15 82.5 10 -0.45
143986 1.00306 15 82.5 10 -10
143986 1.00306 18 82.5 10 -0.45
143986 1.00306 100 82.5 10 -0.15
143986 1.00306 48 82.5 1.4 -10
143986 1.00306 48 82.5 1.4 -0.45
143986 1.00306 18 82.5 10 -10
143986 1.00306 100 82.5 10 -0.3
143986 1.00306 48 82.5 1.4 -0.15
143986 1.00306 12 82.5 1.4 -0.45
143986 1.00306 48 82.5 1.4 -0.3
143986 1.00306 60 82.5 10 -0.45
143986 1.00306 12 82.5 10 -0.15
143986 1.00306 60 82.5 10 -10
143986 1.00306 12 82.5 10 -0.45
143986 1.00306 21 82.5 10 -10
143986 1.00306 21 82.5 10 -0.45
143986 1.00306 21 82.5 10 -0.15
143986 1.00306 21 82.5 10 -0.3
143986 1.00306 24 82.5 1.4 -0.3
143986 1.00306 24 82.5 1.4 -0.15
143986 1.00306 24 82.5 1.4 -0.45
143986 1.00306 18 82.5 1.4 -0.3
143986 1.00306 18 82.5 1.4 -0.15
143986 1.00306 36 82.5 10 -0.3
143986 1.00306 18 82.5 1.4 -0.45
143986 1.00306 60 82.5 1.4 -10
143986 1.00306 18 82.5 1.4 -10
143986 1.00306 24 82.5 1.4 -10
143986 1.00306 60 82.5 1.4 -0.45
143986 1.00306 12 82.5 1.4 -0.3
143986 1.00306 21 82.5 1.4 -0.3
143931 1.0048 18 45 -0.8 -0.3
143931 1.0048 60 45 -0.8 -0.3
143931 1.0048 21 45 -0.8 -0.3
143931 1.0048 36 45 -0.8 -0.3
143931 1.0048 100 45 -0.8 -0.3
143931 1.0048 15 45 -0.8 -0.3
143931 1.0048 48 45 -0.8 -0.3
143931 1.0048 24 45 -0.8 -0.3
143754 1.00111 6 65 1.4 0
143747 1.00483 6 85 1 -0.15
143747 1.00483 6 85 1 -0.45
143747 1.00483 6 85 1 -10
143747 1.00483 6 85 1 -0.3
143367 1.0048 6 85 0.6 -10
143367 1.0048 6 85 0.6 -0.3
143367 1.0048 6 85 0.6 -0.15
143367 1.0048 6 85 0.6 -0.45
143213 1.00677 15 77.5 -0.6 -10
143213 1.00677 100 77.5 -0.6 -0.3
143213 1.00677 24 77.5 -0.6 -0.3
143213 1.00677 21 77.5 -0.6 -10
143213 1.00677 36 77.5 -0.6 -0.3
143213 1.00677 100 77.5 -0.6 -0.15
143213 1.00677 100 77.5 -0.6 -10
143213 1.00677 18 77.5 -0.6 -0.15
143213 1.00677 12 77.5 -0.6 -0.15
143213 1.00677 100 77.5 -0.6 -0.45
143213 1.00677 48 77.5 -0.6 -0.15
143213 1.00677 60 77.5 -0.6 -10
143213 1.00677 24 77.5 -0.6 -0.45
143213 1.00677 48 77.5 -0.6 -0.3
143213 1.00677 15 77.5 -0.6 -0.3
143213 1.00677 18 77.5 -0.6 -0.45
143213 1.00677 12 77.5 -0.6 -0.3
143213 1.00677 48 77.5 -0.6 -0.45
143213 1.00677 15 77.5 -0.6 -0.45
143213 1.00677 60 77.5 -0.6 -0.45
143213 1.00677 48 77.5 -0.6 -10
143213 1.00677 24 77.5 -0.6 -0.15
143213 1.00677 12 77.5 -0.6 -10
143213 1.00677 12 77.5 -0.6 -0.45
143213 1.00677 60 77.5 -0.6 -0.15
143213 1.00677 15 77.5 -0.6 -0.15
143213 1.00677 24 77.5 -0.6 -10
143213 1.00677 21 77.5 -0.6 -0.45
143213 1.00677 18 77.5 -0.6 -0.3
143213 1.00677 36 77.5 -0.6 -10
143213 1.00677 60 77.5 -0.6 -0.3
143213 1.00677 21 77.5 -0.6 -0.3
143213 1.00677 36 77.5 -0.6 -0.45
143213 1.00677 36 77.5 -0.6 -0.15
143213 1.00677 21 77.5 -0.6 -0.15
143213 1.00677 18 77.5 -0.6 -10
143177 1.00335 6 82.5 0.6 0
143125 1.00071 6 0 1 0
143075 1.00109 6 65 10 0
143068 1.00477 6 85 10 -0.15
143068 1.00477 6 85 1.4 -0.15
143068 1.00477 6 85 10 -10
143068 1.00477 6 85 10 -0.3
143068 1.00477 6 85 1.4 -10
143068 1.00477 6 85 1.4 -0.45
143068 1.00477 6 85 10 -0.45
143068 1.00477 6 85 1.4 -0.3
142997 1.02093 18 45 -1.2 -10
142997 1.02093 100 45 -1.2 -10
142997 1.02093 15 45 -1.2 -10
142997 1.02093 48 45 -1.2 -10
142997 1.02093 24 45 -1.2 -10
142997 1.02093 21 45 -1.2 -10
142997 1.02093 60 45 -1.2 -10
142997 1.02093 36 45 -1.2 -10
142907 1.00334 6 82.5 1 0
142832 1.00246 6 80 10 0
142832 1.00246 6 80 1.4 0
142462 1.00168 36 77.5 1 -0.3
142462 1.00168 21 77.5 1 -0.3
142462 1.00168 15 77.5 1 -0.3
142462 1.00168 12 77.5 1 -0.15
142462 1.00168 12 77.5 1 -10
142462 1.00168 21 77.5 1 -0.15
142462 1.00168 21 77.5 1 -0.45
142462 1.00168 21 77.5 1 -10
142462 1.00168 24 77.5 1 -10
142462 1.00168 48 77.5 1 -0.15
142462 1.00168 24 77.5 1 -0.45
142462 1.00168 24 77.5 1 -0.15
142462 1.00168 24 77.5 1 -0.3
142462 1.00168 100 77.5 1 -10
142462 1.00168 18 77.5 1 -10
142462 1.00168 18 77.5 1 -0.45
142462 1.00168 60 77.5 1 -0.15
142462 1.00168 60 77.5 1 -0.3
142462 1.00168 100 77.5 1 -0.45
142462 1.00168 100 77.5 1 -0.15
142462 1.00168 15 77.5 1 -0.45
142462 1.00168 12 77.5 1 -0.45
142462 1.00168 15 77.5 1 -0.15
142462 1.00168 48 77.5 1 -0.45
142462 1.00168 36 77.5 1 -10
142462 1.00168 36 77.5 1 -0.45
142462 1.00168 36 77.5 1 -0.15
142462 1.00168 60 77.5 1 -10
142462 1.00168 48 77.5 1 -0.3
142462 1.00168 12 77.5 1 -0.3
142462 1.00168 18 77.5 1 -0.3
142462 1.00168 100 77.5 1 -0.3
142462 1.00168 15 77.5 1 -10
142462 1.00168 18 77.5 1 -0.15
142462 1.00168 48 77.5 1 -10
142462 1.00168 60 77.5 1 -0.45
142433 1.00075 6 0 0.6 0
142408 1.00068 6 0 10 0
142294 1.00145 6 75 1 -0.3
142294 1.00145 6 75 1 -0.45
142294 1.00145 6 75 1 -0.15
142294 1.00145 6 75 1 -10
142247 1.0119 12 85 -0.6 -0.3
142247 1.0119 100 85 -0.6 -10
142247 1.0119 60 85 -0.6 -0.15
142247 1.0119 100 85 -0.6 -0.45
142247 1.0119 60 85 -0.6 -0.45
142247 1.0119 36 85 -0.6 -10
142247 1.0119 12 85 -0.6 -0.15
142247 1.0119 100 85 -0.6 -0.15
142247 1.0119 24 85 -0.6 -0.3
142247 1.0119 48 85 -0.6 -10
142247 1.0119 12 85 -0.6 -10
142247 1.0119 48 85 -0.6 -0.15
142247 1.0119 15 85 -0.6 -0.3
142247 1.0119 100 85 -0.6 -0.3
142247 1.0119 60 85 -0.6 -10
142247 1.0119 18 85 -0.6 -10
142247 1.0119 48 85 -0.6 -0.3
142247 1.0119 12 85 -0.6 -0.45
142247 1.0119 15 85 -0.6 -0.15
142247 1.0119 15 85 -0.6 -0.45
142247 1.0119 18 85 -0.6 -0.15
142247 1.0119 18 85 -0.6 -0.45
142247 1.0119 36 85 -0.6 -0.45
142247 1.0119 36 85 -0.6 -0.15
142247 1.0119 24 85 -0.6 -0.15
142247 1.0119 36 85 -0.6 -0.3
142247 1.0119 21 85 -0.6 -10
142247 1.0119 21 85 -0.6 -0.45
142247 1.0119 18 85 -0.6 -0.3
142247 1.0119 21 85 -0.6 -0.15
142247 1.0119 21 85 -0.6 -0.3
142247 1.0119 24 85 -0.6 -0.45
142247 1.0119 24 85 -0.6 -10
142247 1.0119 60 85 -0.6 -0.3
142247 1.0119 15 85 -0.6 -10
142247 1.0119 48 85 -0.6 -0.45
142047 1.00651 100 75 -0.6 0
142047 1.00651 36 75 -0.6 0
142047 1.00651 24 75 -0.6 0
142047 1.00651 48 75 -0.6 0
142047 1.00651 12 75 -0.6 0
142047 1.00651 15 75 -0.6 0
142047 1.00651 60 75 -0.6 0
142047 1.00651 21 75 -0.6 0
142047 1.00651 18 75 -0.6 0
141894 1.01056 12 45 -0.8 0
141826 1.00183 60 77.5 1 0
141826 1.00183 12 77.5 1 0
141826 1.00183 36 77.5 1 0
141826 1.00183 24 77.5 1 0
141826 1.00183 48 77.5 1 0
141826 1.00183 100 77.5 1 0
141826 1.00183 21 77.5 1 0
141826 1.00183 15 77.5 1 0
141826 1.00183 18 77.5 1 0
141533 1.00326 6 82.5 1.4 0
141533 1.00326 6 82.5 10 0
141463 1.00144 6 75 0.6 -0.3
141463 1.00144 6 75 0.6 -0.45
141463 1.00144 6 75 0.6 -10
141463 1.00144 6 75 0.6 -0.15
141452 1.00073 18 45 10 0
141452 1.00073 21 45 10 0
141452 1.00073 60 45 10 0
141452 1.00073 100 45 10 0
141452 1.00073 12 45 10 0
141452 1.00073 48 45 10 0
141452 1.00073 15 45 10 0
141452 1.00073 24 45 10 0
141452 1.00073 36 45 10 0
141293 1.00085 48 65 10 -10
141293 1.00085 100 65 10 -10
141293 1.00085 60 65 10 -10
141293 1.00085 18 65 10 -0.3
141293 1.00085 100 65 10 -0.3
141293 1.00085 36 65 10 -0.3
141293 1.00085 21 65 10 -10
141293 1.00085 15 65 10 -10
141293 1.00085 12 65 10 -0.3
141293 1.00085 12 65 10 -10
141293 1.00085 24 65 10 -10
141293 1.00085 18 65 10 -10
141293 1.00085 36 65 10 -10
141293 1.00085 60 65 10 -0.3
141293 1.00085 15 65 10 -0.3
141293 1.00085 48 65 10 -0.3
141293 1.00085 21 65 10 -0.3
141293 1.00085 24 65 10 -0.3
141019 1.00443 12 45 -0.8 -0.45
141010 1.04628 12 77.5 1 0.3
141010 1.04628 36 77.5 1 0.3
141010 1.04628 21 77.5 1 0.3
141010 1.04628 24 77.5 1 0.3
141010 1.04628 48 77.5 1 0.3
141010 1.04628 18 77.5 1 0.3
141010 1.04628 100 77.5 1 0.3
141010 1.04628 15 77.5 1 0.3
141010 1.04628 60 77.5 1 0.3
140465 1.00086 6 65 1 -0.3
140465 1.00086 6 65 1 -10
140402 1.00066 6 0 1.4 0
140341 1.00538 12 45 -0.8 -0.15
140307 1.00981 60 82.5 -0.6 0
140307 1.00981 24 82.5 -0.6 0
140307 1.00981 18 82.5 -0.6 0
140307 1.00981 21 82.5 -0.6 0
140307 1.00981 15 82.5 -0.6 0
140307 1.00981 12 82.5 -0.6 0
140307 1.00981 100 82.5 -0.6 0
140307 1.00981 48 82.5 -0.6 0
140307 1.00981 36 82.5 -0.6 0
140291 1.00082 6 55 10 0
140183 1.00419 12 45 -0.8 -10
140133 1.00063 18 0 10 0
140133 1.00063 12 0 10 0
140133 1.00063 48 0 10 0
140133 1.00063 21 0 10 0
140133 1.00063 60 0 10 0
140133 1.00063 24 0 10 0
140133 1.00063 15 0 10 0
140133 1.00063 36 0 10 0
140133 1.00063 100 0 10 0
140115 1.00803 12 80 -0.6 0
140115 1.00803 21 80 -0.6 0
140115 1.00803 60 80 -0.6 0
140115 1.00803 18 80 -0.6 0
140115 1.00803 36 80 -0.6 0
140115 1.00803 48 80 -0.6 0
140115 1.00803 15 80 -0.6 0
140115 1.00803 24 80 -0.6 0
140115 1.00803 100 80 -0.6 0
140024 1.02817 12 0 10 0.3
140024 1.02817 21 0 10 0.3
140024 1.02817 18 45 10 0.3
140024 1.02817 36 45 10 0.3
140024 1.02817 15 55 10 0.3
140024 1.02817 60 55 10 0.3
140024 1.02817 21 55 10 0.3
140024 1.02817 24 0 10 0.3
140024 1.02817 24 55 10 0.3
140024 1.02817 100 0 10 0.3
140024 1.02817 18 55 10 0.3
140024 1.02817 21 45 10 0.3
140024 1.02817 100 45 10 0.3
140024 1.02817 48 55 10 0.3
140024 1.02817 60 0 10 0.3
140024 1.02817 100 55 10 0.3
140024 1.02817 48 0 10 0.3
140024 1.02817 24 45 10 0.3
140024 1.02817 48 45 10 0.3
140024 1.02817 12 55 10 0.3
140024 1.02817 15 0 10 0.3
140024 1.02817 36 55 10 0.3
140024 1.02817 12 45 10 0.3
140024 1.02817 18 0 10 0.3
140024 1.02817 36 0 10 0.3
140024 1.02817 60 45 10 0.3
140024 1.02817 15 45 10 0.3
139977 1.04533 24 75 0.6 0.3
139977 1.04533 18 75 0.6 0.3
139977 1.04533 100 75 0.6 0.3
139977 1.04533 21 75 0.6 0.3
139977 1.04533 36 75 0.6 0.3
139977 1.04533 12 75 0.6 0.3
139977 1.04533 15 75 0.6 0.3
139977 1.04533 60 75 0.6 0.3
139977 1.04533 48 75 0.6 0.3
139882 1.00543 100 75 -0.6 -10
139882 1.00543 60 75 -0.6 -0.45
139882 1.00543 12 75 -0.6 -10
139882 1.00543 60 75 -0.6 -0.15
139882 1.00543 36 75 -0.6 -10
139882 1.00543 60 75 -0.6 -10
139882 1.00543 21 75 -0.6 -10
139882 1.00543 24 75 -0.6 -0.15
139882 1.00543 60 75 -0.6 -0.3
139882 1.00543 18 75 -0.6 -0.3
139882 1.00543 21 75 -0.6 -0.45
139882 1.00543 21 75 -0.6 -0.15
139882 1.00543 100 75 -0.6 -0.45
139882 1.00543 36 75 -0.6 -0.45
139882 1.00543 21 75 -0.6 -0.3
139882 1.00543 36 75 -0.6 -0.15
139882 1.00543 15 75 -0.6 -10
139882 1.00543 36 75 -0.6 -0.3
139882 1.00543 15 75 -0.6 -0.45
139882 1.00543 18 75 -0.6 -0.45
139882 1.00543 24 75 -0.6 -0.3
139882 1.00543 12 75 -0.6 -0.3
139882 1.00543 48 75 -0.6 -10
139882 1.00543 18 75 -0.6 -10
139882 1.00543 12 75 -0.6 -0.15
139882 1.00543 12 75 -0.6 -0.45
139882 1.00543 48 75 -0.6 -0.45
139882 1.00543 18 75 -0.6 -0.15
139882 1.00543 15 75 -0.6 -0.15
139882 1.00543 100 75 -0.6 -0.15
139882 1.00543 15 75 -0.6 -0.3
139882 1.00543 48 75 -0.6 -0.3
139882 1.00543 100 75 -0.6 -0.3
139882 1.00543 24 75 -0.6 -0.45
139882 1.00543 24 75 -0.6 -10
139882 1.00543 48 75 -0.6 -0.15
139717 1.04002 36 75 1 0.3
139717 1.04002 48 75 1 0.3
139717 1.04002 100 75 1 0.3
139717 1.04002 24 75 1 0.3
139717 1.04002 21 75 1 0.3
139717 1.04002 18 75 1 0.3
139717 1.04002 12 75 1 0.3
139717 1.04002 15 75 1 0.3
139717 1.04002 60 75 1 0.3
139704 1.04509 15 77.5 10 0.3
139704 1.04509 60 77.5 10 0.3
139704 1.04509 21 77.5 10 0.3
139704 1.04509 12 77.5 10 0.3
139704 1.04509 100 77.5 10 0.3
139704 1.04509 48 77.5 10 0.3
139704 1.04509 24 77.5 10 0.3
139704 1.04509 36 77.5 10 0.3
139704 1.04509 18 77.5 10 0.3
139672 1.02509 60 77.5 -1 0
139672 1.02509 21 77.5 -1 0
139672 1.02509 48 77.5 -1 0
139672 1.02509 36 77.5 -1 0
139672 1.02509 24 77.5 -1 0
139672 1.02509 100 77.5 -1 0
139672 1.02509 18 77.5 -1 0
139672 1.02509 15 77.5 -1 0
139574 1.0024 60 45 -0.4 0
139574 1.0024 48 45 -0.4 0
139574 1.0024 36 45 -0.4 0
139574 1.0024 15 45 -0.4 0
139574 1.0024 18 45 -0.4 0
139574 1.0024 12 45 -0.4 0
139574 1.0024 100 45 -0.4 0
139574 1.0024 24 45 -0.4 0
139574 1.0024 21 45 -0.4 0
139562 1.0087 24 82.5 -0.6 -0.15
139562 1.0087 24 82.5 -0.6 -0.45
139562 1.0087 24 82.5 -0.6 -10
139562 1.0087 21 82.5 -0.6 -0.45
139562 1.0087 21 82.5 -0.6 -0.15
139562 1.0087 21 82.5 -0.6 -0.3
139562 1.0087 21 82.5 -0.6 -10
139562 1.0087 100 82.5 -0.6 -10
139562 1.0087 36 82.5 -0.6 -0.3
139562 1.0087 100 82.5 -0.6 -0.15
139562 1.0087 12 82.5 -0.6 -0.45
139562 1.0087 100 82.5 -0.6 -0.3
139562 1.0087 36 82.5 -0.6 -0.15
139562 1.0087 12 82.5 -0.6 -10
139562 1.0087 36 82.5 -0.6 -0.45
139562 1.0087 36 82.5 -0.6 -10
139562 1.0087 18 82.5 -0.6 -10
139562 1.0087 48 82.5 -0.6 -10
139562 1.0087 48 82.5 -0.6 -0.45
139562 1.0087 48 82.5 -0.6 -0.15
139562 1.0087 48 82.5 -0.6 -0.3
139562 1.0087 18 82.5 -0.6 -0.45
139562 1.0087 18 82.5 -0.6 -0.15
139562 1.0087 18 82.5 -0.6 -0.3
139562 1.0087 24 82.5 -0.6 -0.3
139562 1.0087 100 82.5 -0.6 -0.45
139562 1.0087 15 82.5 -0.6 -0.3
139562 1.0087 60 82.5 -0.6 -0.3
139562 1.0087 60 82.5 -0.6 -0.15
139562 1.0087 60 82.5 -0.6 -10
139562 1.0087 15 82.5 -0.6 -0.15
139562 1.0087 60 82.5 -0.6 -0.45
139562 1.0087 15 82.5 -0.6 -0.45
139562 1.0087 15 82.5 -0.6 -10
139562 1.0087 12 82.5 -0.6 -0.3
139562 1.0087 12 82.5 -0.6 -0.15
139556 1.00292 6 82.5 0.6 -10
139556 1.00292 6 82.5 0.6 -0.3
139556 1.00292 6 82.5 0.6 -0.15
139556 1.00292 6 82.5 0.6 -0.45
139537 1.05209 100 80 1 0.3
139537 1.05209 18 80 1 0.3
139537 1.05209 36 82.5 1 0.3
139537 1.05209 24 80 1 0.3
139537 1.05209 24 82.5 1 0.3
139537 1.05209 15 80 1 0.3
139537 1.05209 60 82.5 1 0.3
139537 1.05209 36 80 1 0.3
139537 1.05209 12 80 1 0.3
139537 1.05209 60 80 1 0.3
139537 1.05209 18 82.5 1 0.3
139537 1.05209 48 82.5 1 0.3
139537 1.05209 100 82.5 1 0.3
139537 1.05209 12 82.5 1 0.3
139537 1.05209 48 80 1 0.3
139537 1.05209 15 82.5 1 0.3
139537 1.05209 21 82.5 1 0.3
139537 1.05209 21 80 1 0.3
139516 1.00165 18 65 -0.2 0
139516 1.00165 21 65 -0.2 0
139516 1.00165 60 65 -0.2 0
139516 1.00165 15 65 -0.2 0
139516 1.00165 12 65 -0.2 0
139516 1.00165 24 65 -0.2 0
139516 1.00165 36 65 -0.2 0
139516 1.00165 100 65 -0.2 0
139516 1.00165 48 65 -0.2 0
139498 1.05209 24 82.5 0.6 0.3
139498 1.05209 60 82.5 0.6 0.3
139498 1.05209 48 82.5 0.6 0.3
139498 1.05209 15 82.5 0.6 0.3
139498 1.05209 36 82.5 0.6 0.3
139498 1.05209 18 82.5 0.6 0.3
139498 1.05209 24 80 0.6 0.3
139498 1.05209 12 82.5 0.6 0.3
139498 1.05209 100 82.5 0.6 0.3
139498 1.05209 36 80 0.6 0.3
139498 1.05209 18 80 0.6 0.3
139498 1.05209 60 80 0.6 0.3
139498 1.05209 15 80 0.6 0.3
139498 1.05209 21 82.5 0.6 0.3
139498 1.05209 12 80 0.6 0.3
139498 1.05209 21 80 0.6 0.3
139498 1.05209 100 80 0.6 0.3
139498 1.05209 48 80 0.6 0.3
139402 1.01919 21 65 -1 0
139402 1.01919 15 65 -1 0
139402 1.01919 100 65 -1 0
139402 1.01919 36 65 -1 0
139402 1.01919 24 65 -1 0
139402 1.01919 60 65 -1 0
139402 1.01919 48 65 -1 0
139402 1.01919 18 65 -1 0
139384 1.00037 6 0 10 -10
139273 1.0029 6 82.5 1 -0.3
139273 1.0029 6 82.5 1 -10
139273 1.0029 6 82.5 1 -0.45
139273 1.0029 6 82.5 1 -0.15
139187 1.00158 100 77.5 10 -0.3
139187 1.00158 21 77.5 10 -10
139187 1.00158 48 77.5 10 -0.3
139187 1.00158 21 77.5 10 -0.3
139187 1.00158 60 77.5 10 -10
139187 1.00158 48 77.5 10 -10
139187 1.00158 18 77.5 10 -10
139187 1.00158 60 77.5 10 -0.3
139187 1.00158 12 77.5 10 -10
139187 1.00158 24 77.5 10 -0.3
139187 1.00158 24 77.5 10 -10
139187 1.00158 100 77.5 10 -10
139187 1.00158 36 77.5 10 -0.3
139187 1.00158 36 77.5 10 -10
139187 1.00158 15 77.5 10 -0.3
139187 1.00158 15 77.5 10 -10
139187 1.00158 12 77.5 10 -0.3
139187 1.00158 18 77.5 10 -0.3
139133 1.03602 100 45 0.8 0.3
139133 1.03602 48 45 0.8 0.3
139133 1.03602 18 45 0.8 0.3
139133 1.03602 21 45 0.8 0.3
139133 1.03602 15 45 0.8 0.3
139133 1.03602 12 45 0.8 0.3
139133 1.03602 60 45 0.8 0.3
139133 1.03602 36 45 0.8 0.3
139133 1.03602 24 45 0.8 0.3
139126 1.00434 12 45 -0.8 -0.3
139031 1.00136 6 75 1.4 -0.45
139031 1.00136 6 75 1.4 -0.3
139031 1.00136 6 75 1.4 -0.15
139031 1.00136 6 75 10 -0.45
139031 1.00136 6 75 10 -0.15
139031 1.00136 6 75 1.4 -10
139031 1.00136 6 75 10 -0.3
139031 1.00136 6 75 10 -10
138870 1.0514 48 82.5 1.4 0.3
138870 1.0514 100 82.5 10 0.3
138870 1.0514 100 80 1.4 0.3
138870 1.0514 21 80 10 0.3
138870 1.0514 18 80 1.4 0.3
138870 1.0514 36 80 1.4 0.3
138870 1.0514 21 80 1.4 0.3
138870 1.0514 15 82.5 1.4 0.3
138870 1.0514 12 80 10 0.3
138870 1.0514 60 80 10 0.3
138870 1.0514 60 82.5 10 0.3
138870 1.0514 21 82.5 10 0.3
138870 1.0514 18 82.5 1.4 0.3
138870 1.0514 24 80 1.4 0.3
138870 1.0514 100 82.5 1.4 0.3
138870 1.0514 15 80 10 0.3
138870 1.0514 12 82.5 10 0.3
138870 1.0514 24 82.5 10 0.3
138870 1.0514 15 82.5 10 0.3
138870 1.0514 100 80 10 0.3
138870 1.0514 48 80 10 0.3
138870 1.0514 36 82.5 10 0.3
138870 1.0514 48 82.5 10 0.3
138870 1.0514 12 82.5 1.4 0.3
138870 1.0514 36 82.5 1.4 0.3
138870 1.0514 60 82.5 1.4 0.3
138870 1.0514 36 80 10 0.3
138870 1.0514 18 82.5 10 0.3
138870 1.0514 48 80 1.4 0.3
138870 1.0514 21 82.5 1.4 0.3
138870 1.0514 60 80 1.4 0.3
138870 1.0514 24 80 10 0.3
138870 1.0514 15 80 1.4 0.3
138870 1.0514 12 80 1.4 0.3
138870 1.0514 24 82.5 1.4 0.3
138870 1.0514 18 80 10 0.3
138708 1.00037 6 0 1 -10
138567 1.00171 36 77.5 10 0
138567 1.00171 21 77.5 10 0
138567 1.00171 100 77.5 10 0
138567 1.00171 60 77.5 10 0
138567 1.00171 15 77.5 10 0
138567 1.00171 12 77.5 10 0
138567 1.00171 24 77.5 10 0
138567 1.00171 48 77.5 10 0
138567 1.00171 18 77.5 10 0
138458 1.01045 36 65 -1 -0.15
138458 1.01045 48 65 -1 -0.15
138458 1.01045 100 65 -1 -0.15
138458 1.01045 21 65 -1 -0.15
138458 1.01045 18 65 -1 -0.15
138458 1.01045 24 65 -1 -0.15
138458 1.01045 15 65 -1 -0.15
138458 1.01045 60 65 -1 -0.15
138419 1.03546 100 0 0.6 0.3
138419 1.03546 18 0 0.6 0.3
138419 1.03546 24 0 0.6 0.3
138419 1.03546 15 0 0.6 0.3
138419 1.03546 12 0 0.6 0.3
138419 1.03546 36 0 0.6 0.3
138419 1.03546 21 0 0.6 0.3
138419 1.03546 48 0 0.6 0.3
138419 1.03546 60 0 0.6 0.3
138412 1.03898 100 75 1.4 0.3
138412 1.03898 24 75 10 0.3
138412 1.03898 60 75 10 0.3
138412 1.03898 60 75 1.4 0.3
138412 1.03898 15 75 10 0.3
138412 1.03898 24 75 1.4 0.3
138412 1.03898 18 75 10 0.3
138412 1.03898 12 75 10 0.3
138412 1.03898 21 75 1.4 0.3
138412 1.03898 12 75 1.4 0.3
138412 1.03898 100 75 10 0.3
138412 1.03898 15 75 1.4 0.3
138412 1.03898 48 75 1.4 0.3
138412 1.03898 48 75 10 0.3
138412 1.03898 36 75 10 0.3
138412 1.03898 36 75 1.4 0.3
138412 1.03898 21 75 10 0.3
138412 1.03898 18 75 1.4 0.3
138374 1.01881 21 77.5 -1 -0.3
138374 1.01881 60 77.5 -1 -0.15
138374 1.01881 100 77.5 -1 -0.45
138374 1.01881 24 77.5 -1 -10
138374 1.01881 100 77.5 -1 -0.15
138374 1.01881 24 77.5 -1 -0.45
138374 1.01881 100 77.5 -1 -0.3
138374 1.01881 60 77.5 -1 -0.45
138374 1.01881 60 77.5 -1 -10
138374 1.01881 48 77.5 -1 -0.3
138374 1.01881 48 77.5 -1 -0.15
138374 1.01881 15 77.5 -1 -10
138374 1.01881 48 77.5 -1 -0.45
138374 1.01881 18 77.5 -1 -0.3
138374 1.01881 36 77.5 -1 -0.3
138374 1.01881 100 77.5 -1 -10
138374 1.01881 18 77.5 -1 -0.15
138374 1.01881 48 77.5 -1 -10
138374 1.01881 36 77.5 -1 -0.15
138374 1.01881 36 77.5 -1 -0.45
138374 1.01881 24 77.5 -1 -0.15
138374 1.01881 15 77.5 -1 -0.45
138374 1.01881 15 77.5 -1 -0.15
138374 1.01881 15 77.5 -1 -0.3
138374 1.01881 21 77.5 -1 -0.15
138374 1.01881 24 77.5 -1 -0.3
138374 1.01881 18 77.5 -1 -0.45
138374 1.01881 18 77.5 -1 -10
138374 1.01881 21 77.5 -1 -10
138374 1.01881 36 77.5 -1 -10
138374 1.01881 21 77.5 -1 -0.45
138374 1.01881 60 77.5 -1 -0.3
138302 1.01873 15 55 -1 0
138302 1.01873 48 55 -1 0
138302 1.01873 24 55 -1 0
138302 1.01873 36 55 -1 0
138302 1.01873 60 55 -1 0
138302 1.01873 18 55 -1 0
138302 1.01873 21 55 -1 0
138302 1.01873 100 55 -1 0
138177 1.0005 18 45 0.8 -0.3
138177 1.0005 36 45 0.8 -0.3
138177 1.0005 100 45 0.8 -0.3
138177 1.0005 12 45 0.8 -0.3
138177 1.0005 60 45 0.8 -0.3
138177 1.0005 48 45 0.8 -0.3
138177 1.0005 15 45 0.8 -0.3
138177 1.0005 24 45 0.8 -0.3
138177 1.0005 21 45 0.8 -0.3
138130 1.00976 18 65 -1 -0.45
138130 1.00976 15 65 -1 -10
138130 1.00976 100 65 -1 -10
138130 1.00976 15 65 -1 -0.45
138130 1.00976 21 65 -1 -10
138130 1.00976 18 65 -1 -0.3
138130 1.00976 48 65 -1 -10
138130 1.00976 48 65 -1 -0.45
138130 1.00976 100 65 -1 -0.3
138130 1.00976 18 65 -1 -10
138130 1.00976 36 65 -1 -0.3
138130 1.00976 36 65 -1 -0.45
138130 1.00976 36 65 -1 -10
138130 1.00976 24 65 -1 -10
138130 1.00976 48 65 -1 -0.3
138130 1.00976 24 65 -1 -0.45
138130 1.00976 15 65 -1 -0.3
138130 1.00976 24 65 -1 -0.3
138130 1.00976 100 65 -1 -0.45
138130 1.00976 60 65 -1 -0.3
138130 1.00976 60 65 -1 -0.45
138130 1.00976 21 65 -1 -0.45
138130 1.00976 21 65 -1 -0.3
138130 1.00976 60 65 -1 -10
138084 1.0072 100 80 -0.6 -10
138084 1.0072 12 80 -0.6 -10
138084 1.0072 12 80 -0.6 -0.3
138084 1.0072 48 80 -0.6 -0.15
138084 1.0072 48 80 -0.6 -0.45
138084 1.0072 48 80 -0.6 -0.3
138084 1.0072 48 80 -0.6 -10
138084 1.0072 18 80 -0.6 -0.15
138084 1.0072 18 80 -0.6 -0.45
138084 1.0072 18 80 -0.6 -10
138084 1.0072 60 80 -0.6 -0.3
138084 1.0072 12 80 -0.6 -0.45
138084 1.0072 100 80 -0.6 -0.45
138084 1.0072 100 80 -0.6 -0.15
138084 1.0072 15 80 -0.6 -10
138084 1.0072 15 80 -0.6 -0.45
138084 1.0072 15 80 -0.6 -0.15
138084 1.0072 15 80 -0.6 -0.3
138084 1.0072 60 80 -0.6 -0.15
138084 1.0072 60 80 -0.6 -0.45
138084 1.0072 60 80 -0.6 -10
138084 1.0072 24 80 -0.6 -10
138084 1.0072 24 80 -0.6 -0.45
138084 1.0072 24 80 -0.6 -0.15
138084 1.0072 100 80 -0.6 -0.3
138084 1.0072 24 80 -0.6 -0.3
138084 1.0072 21 80 -0.6 -0.3
138084 1.0072 36 80 -0.6 -0.3
138084 1.0072 12 80 -0.6 -0.15
138084 1.0072 21 80 -0.6 -0.15
138084 1.0072 36 80 -0.6 -0.15
138084 1.0072 21 80 -0.6 -0.45
138084 1.0072 21 80 -0.6 -10
138084 1.0072 36 80 -0.6 -0.45
138084 1.0072 36 80 -0.6 -10
138084 1.0072 18 80 -0.6 -0.3
138042 1.0005 60 45 0.8 -10
138042 1.0005 15 45 0.8 -10
138042 1.0005 18 45 0.8 -10
138042 1.0005 12 45 0.8 -10
138042 1.0005 100 45 0.8 -10
138042 1.0005 24 45 0.8 -10
138042 1.0005 48 45 0.8 -10
138042 1.0005 36 45 0.8 -10
138042 1.0005 21 45 0.8 -10
138002 1.03192 21 0 1 0.3
138002 1.03192 100 0 1 0.3
138002 1.03192 60 55 1 0.3
138002 1.03192 24 55 1 0.3
138002 1.03192 18 0 1 0.3
138002 1.03192 48 0 1 0.3
138002 1.03192 48 55 1 0.3
138002 1.03192 12 0 1 0.3
138002 1.03192 60 0 1 0.3
138002 1.03192 21 55 1 0.3
138002 1.03192 100 55 1 0.3
138002 1.03192 12 55 1 0.3
138002 1.03192 36 55 1 0.3
138002 1.03192 36 0 1 0.3
138002 1.03192 15 55 1 0.3
138002 1.03192 15 0 1 0.3
138002 1.03192 18 55 1 0.3
138002 1.03192 24 0 1 0.3
137948 1.00073 6 45 0.8 0
137944 1.00283 6 82.5 10 -10
137944 1.00283 6 82.5 10 -0.3
137944 1.00283 6 82.5 1.4 -0.3
137944 1.00283 6 82.5 1.4 -0.15
137944 1.00283 6 82.5 10 -0.15
137944 1.00283 6 82.5 1.4 -0.45
137944 1.00283 6 82.5 1.4 -10
137944 1.00283 6 82.5 10 -0.45
137627 1.00146 21 55 -0.2 0
137627 1.00146 100 55 -0.2 0
137627 1.00146 60 55 -0.2 0
137627 1.00146 36 55 -0.2 0
137627 1.00146 15 55 -0.2 0
137627 1.00146 12 55 -0.2 0
137627 1.00146 24 55 -0.2 0
137627 1.00146 18 55 -0.2 0
137627 1.00146 48 55 -0.2 0
137560 1.00081 6 65 1.4 -0.3
137560 1.00081 6 65 1.4 -10
137421 1.00036 6 0 1.4 -10
137378 1.02889 100 0 1.4 0.3
137378 1.02889 15 0 1.4 0.3
137378 1.02889 21 0 1.4 0.3
137378 1.02889 60 0 1.4 0.3
137378 1.02889 36 0 1.4 0.3
137378 1.02889 18 0 1.4 0.3
137378 1.02889 48 0 1.4 0.3
137378 1.02889 12 0 1.4 0.3
137378 1.02889 24 0 1.4 0.3
136909 1.0008 6 65 10 -10
136909 1.0008 6 65 10 -0.3
136750 1.00922 18 55 -1 -0.15
136750 1.00922 100 55 -1 -0.15
136750 1.00922 36 55 -1 -0.15
136750 1.00922 60 55 -1 -0.15
136750 1.00922 21 55 -1 -0.15
136750 1.00922 48 55 -1 -0.15
136750 1.00922 15 55 -1 -0.15
136750 1.00922 24 55 -1 -0.15
136691 1.05944 15 85 1 0.3
136691 1.05944 18 85 1 0.3
136691 1.05944 60 85 1 0.3
136691 1.05944 24 85 1 0.3
136691 1.05944 100 85 1 0.3
136691 1.05944 36 85 1 0.3
136691 1.05944 12 85 1 0.3
136691 1.05944 48 85 1 0.3
136691 1.05944 21 85 1 0.3
136235 1.00209 24 77.5 -0.2 -10
136235 1.00209 100 77.5 -0.2 -0.15
136235 1.00209 24 77.5 -0.2 -0.45
136235 1.00209 15 77.5 -0.2 -10
136235 1.00209 100 77.5 -0.2 -0.3
136235 1.00209 15 77.5 -0.2 -0.45
136235 1.00209 12 77.5 -0.2 -10
136235 1.00209 12 77.5 -0.2 -0.3
136235 1.00209 100 77.5 -0.2 -0.45
136235 1.00209 36 77.5 -0.2 -10
136235 1.00209 60 77.5 -0.2 -10
136235 1.00209 36 77.5 -0.2 -0.45
136235 1.00209 60 77.5 -0.2 -0.45
136235 1.00209 15 77.5 -0.2 -0.15
136235 1.00209 12 77.5 -0.2 -0.15
136235 1.00209 21 77.5 -0.2 -0.15
136235 1.00209 21 77.5 -0.2 -0.45
136235 1.00209 24 77.5 -0.2 -0.15
136235 1.00209 12 77.5 -0.2 -0.45
136235 1.00209 21 77.5 -0.2 -10
136235 1.00209 24 77.5 -0.2 -0.3
136235 1.00209 60 77.5 -0.2 -0.15
136235 1.00209 18 77.5 -0.2 -10
136235 1.00209 60 77.5 -0.2 -0.3
136235 1.00209 18 77.5 -0.2 -0.45
136235 1.00209 21 77.5 -0.2 -0.3
136235 1.00209 100 77.5 -0.2 -10
136235 1.00209 18 77.5 -0.2 -0.3
136235 1.00209 48 77.5 -0.2 -0.3
136235 1.00209 48 77.5 -0.2 -10
136235 1.00209 36 77.5 -0.2 -0.15
136235 1.00209 18 77.5 -0.2 -0.15
136235 1.00209 15 77.5 -0.2 -0.3
136235 1.00209 48 77.5 -0.2 -0.45
136235 1.00209 36 77.5 -0.2 -0.3
136235 1.00209 48 77.5 -0.2 -0.15
136148 1.00058 18 0 1.4 0
136148 1.00058 24 0 1.4 0
136148 1.00058 21 0 1.4 0
136148 1.00058 60 0 1.4 0
136148 1.00058 12 0 1.4 0
136148 1.00058 36 0 1.4 0
136148 1.00058 100 0 1.4 0
136148 1.00058 15 0 1.4 0
136148 1.00058 48 0 1.4 0
136097 1.00151 6 77.5 1 -0.15
136097 1.00151 6 77.5 1 -10
136097 1.00151 6 77.5 1 -0.45
136097 1.00151 6 77.5 1 -0.3
136033 1.05864 24 85 10 0.3
136033 1.05864 15 85 10 0.3
136033 1.05864 100 85 1.4 0.3
136033 1.05864 48 85 10 0.3
136033 1.05864 36 85 1.4 0.3
136033 1.05864 18 85 10 0.3
136033 1.05864 60 85 1.4 0.3
136033 1.05864 60 85 10 0.3
136033 1.05864 15 85 0.6 0.3
136033 1.05864 18 85 1.4 0.3
136033 1.05864 15 85 1.4 0.3
136033 1.05864 36 85 0.6 0.3
136033 1.05864 60 85 0.6 0.3
136033 1.05864 24 85 0.6 0.3
136033 1.05864 24 85 1.4 0.3
136033 1.05864 100 85 0.6 0.3
136033 1.05864 100 85 10 0.3
136033 1.05864 18 85 0.6 0.3
136033 1.05864 21 85 1.4 0.3
136033 1.05864 21 85 10 0.3
136033 1.05864 48 85 0.6 0.3
136033 1.05864 36 85 10 0.3
136033 1.05864 48 85 1.4 0.3
136033 1.05864 12 85 10 0.3
136033 1.05864 12 85 1.4 0.3
136033 1.05864 21 85 0.6 0.3
136033 1.05864 12 85 0.6 0.3
135705 1.00769 18 55 -1 -10
135705 1.00769 21 55 -1 -10
135705 1.00769 36 55 -1 -10
135705 1.00769 60 55 -1 -10
135705 1.00769 15 55 -1 -10
135705 1.00769 100 55 -1 -10
135705 1.00769 24 55 -1 -10
135705 1.00769 48 55 -1 -10
135634 1.00236 100 77.5 -0.2 0
135634 1.00236 24 77.5 -0.2 0
135634 1.00236 48 77.5 -0.2 0
135634 1.00236 12 77.5 -0.2 0
135634 1.00236 18 77.5 -0.2 0
135634 1.00236 36 77.5 -0.2 0
135634 1.00236 15 77.5 -0.2 0
135634 1.00236 60 77.5 -0.2 0
135634 1.00236 21 77.5 -0.2 0
135557 1.07978 15 90 1 0.3
135557 1.07978 24 90 1 0.3
135557 1.07978 60 90 1 0.3
135557 1.07978 18 90 1 0.3
135557 1.07978 48 90 1 0.3
135557 1.07978 21 90 1 0.3
135557 1.07978 100 90 1 0.3
135557 1.07978 36 90 1 0.3
135557 1.07978 12 90 1 0.3
134951 1.00149 6 77.5 0.6 -0.15
134951 1.00149 6 77.5 0.6 -0.45
134951 1.00149 6 77.5 0.6 -10
134951 1.00149 6 77.5 0.6 -0.3
134903 1.07842 48 90 1.4 0.3
134903 1.07842 100 90 10 0.3
134903 1.07842 15 90 1.4 0.3
134903 1.07842 60 90 10 0.3
134903 1.07842 100 90 1.4 0.3
134903 1.07842 48 90 10 0.3
134903 1.07842 12 90 1.4 0.3
134903 1.07842 12 90 0.6 0.3
134903 1.07842 48 90 0.6 0.3
134903 1.07842 12 90 10 0.3
134903 1.07842 18 90 0.6 0.3
134903 1.07842 100 90 0.6 0.3
134903 1.07842 24 90 10 0.3
134903 1.07842 15 90 0.6 0.3
134903 1.07842 21 90 1.4 0.3
134903 1.07842 18 90 10 0.3
134903 1.07842 36 90 1.4 0.3
134903 1.07842 18 90 1.4 0.3
134903 1.07842 24 90 0.6 0.3
134903 1.07842 60 90 1.4 0.3
134903 1.07842 15 90 10 0.3
134903 1.07842 36 90 10 0.3
134903 1.07842 60 90 0.6 0.3
134903 1.07842 24 90 1.4 0.3
134903 1.07842 21 90 0.6 0.3
134903 1.07842 21 90 10 0.3
134903 1.07842 36 90 0.6 0.3
134889 1.00162 6 77.5 1 0
134859 1.01976 12 45 -1.2 -10
134793 1.03153 60 90 -0.6 -0.45
134793 1.03153 24 90 -0.6 -10
134793 1.03153 24 90 -0.6 -0.45
134793 1.03153 24 90 -0.6 -0.15
134793 1.03153 24 90 -0.6 -0.3
134793 1.03153 24 90 -0.6 0
134793 1.03153 60 90 -0.6 0
134793 1.03153 60 90 -0.6 -0.3
134793 1.03153 60 90 -0.6 -0.15
134793 1.03153 60 90 -0.6 -10
134793 1.03153 36 90 -0.6 -10
134793 1.03153 36 90 -0.6 -0.45
134793 1.03153 15 90 -0.6 0
134793 1.03153 15 90 -0.6 -0.3
134793 1.03153 15 90 -0.6 -0.15
134793 1.03153 36 90 -0.6 -0.15
134793 1.03153 15 90 -0.6 -0.45
134793 1.03153 15 90 -0.6 -10
134793 1.03153 36 90 -0.6 -0.3
134793 1.03153 100 90 -0.6 0
134793 1.03153 18 90 -0.6 0
134793 1.03153 36 90 -0.6 0
134793 1.03153 48 90 -0.6 0
134793 1.03153 48 90 -0.6 -0.3
134793 1.03153 48 90 -0.6 -0.15
134793 1.03153 48 90 -0.6 -0.45
134793 1.03153 48 90 -0.6 -10
134793 1.03153 12 90 -0.6 0
134793 1.03153 100 90 -0.6 -10
134793 1.03153 21 90 -0.6 0
134793 1.03153 12 90 -0.6 -0.3
134793 1.03153 18 90 -0.6 -0.3
134793 1.03153 21 90 -0.6 -0.3
134793 1.03153 18 90 -0.6 -0.15
134793 1.03153 12 90 -0.6 -0.15
134793 1.03153 21 90 -0.6 -0.15
134793 1.03153 21 90 -0.6 -0.45
134793 1.03153 100 90 -0.6 -0.15
134793 1.03153 12 90 -0.6 -0.45
134793 1.03153 21 90 -0.6 -10
134793 1.03153 100 90 -0.6 -0.3
134793 1.03153 18 90 -0.6 -0.45
134793 1.03153 100 90 -0.6 -0.45
134793 1.03153 18 90 -0.6 -10
134793 1.03153 12 90 -0.6 -10
134620 1.00768 15 55 -1 -0.45
134620 1.00787 36 55 -1 -0.3
134620 1.00787 15 55 -1 -0.3
134620 1.00768 18 55 -1 -0.45
134620 1.00787 100 55 -1 -0.3
134620 1.00768 100 55 -1 -0.45
134620 1.00787 18 55 -1 -0.3
134620 1.00768 24 55 -1 -0.45
134620 1.00768 48 55 -1 -0.45
134620 1.00787 21 55 -1 -0.3
134620 1.00768 36 55 -1 -0.45
134620 1.00768 21 55 -1 -0.45
134620 1.00787 48 55 -1 -0.3
134620 1.00787 24 55 -1 -0.3
134620 1.00768 60 55 -1 -0.45
134620 1.00787 60 55 -1 -0.3
134374 1.00064 6 45 10 0
134366 1.00044 60 45 10 -10
134366 1.00044 12 45 10 -10
134366 1.00044 100 45 10 -10
134366 1.00044 21 45 10 -10
134366 1.00044 24 45 10 -10
134366 1.00044 36 45 10 -10
134366 1.00044 48 45 10 -10
134366 1.00044 15 45 10 -10
134366 1.00044 18 45 10 -10
134237 1.01321 6 85 -0.6 0
134185 1.03433 6 90 -0.6 0
134185 1.03433 6 90 -0.6 -0.15
134185 1.03433 6 90 -0.6 -10
134185 1.03433 6 90 -0.6 -0.45
134185 1.03433 6 90 -0.6 -0.3
133923 1.00109 21 65 -0.2 -0.15
133923 1.00109 60 65 -0.2 -0.15
133923 1.00109 18 65 -0.2 -0.15
133923 1.00109 15 65 -0.2 -0.15
133923 1.00109 12 65 -0.2 -0.15
133923 1.00109 48 65 -0.2 -0.15
133923 1.00109 100 65 -0.2 -0.15
133923 1.00109 36 65 -0.2 -0.15
133923 1.00109 24 65 -0.2 -0.15
133730 1.0016 6 77.5 0.6 0
133419 1.00044 60 45 10 -0.3
133419 1.00044 12 45 10 -0.3
133419 1.00044 36 45 10 -0.3
133419 1.00044 24 45 10 -0.3
133419 1.00044 15 45 10 -0.3
133419 1.00044 48 45 10 -0.3
133419 1.00044 100 45 10 -0.3
133419 1.00044 18 45 10 -0.3
133419 1.00044 21 45 10 -0.3
133399 1.00035 6 0 0.6 -10
132956 1.00141 6 77.5 1.4 -10
132956 1.00141 6 77.5 10 -0.3
132956 1.00141 6 77.5 10 -10
132956 1.00141 6 77.5 1.4 -0.45
132956 1.00141 6 77.5 10 -0.45
132956 1.00141 6 77.5 10 -0.15
132956 1.00141 6 77.5 1.4 -0.3
132956 1.00141 6 77.5 1.4 -0.15
132702 1.0028 6 55 -0.6 -0.15
132395 1.01074 6 45 -0.8 0
132282 1.01111 6 85 -0.6 -0.15
132282 1.01111 6 85 -0.6 -10
132282 1.01111 6 85 -0.6 -0.45
132282 1.01111 6 85 -0.6 -0.3
132252 1.00134 6 55 -0.2 0
131822 1.00244 6 0 -0.6 -0.15
131762 1.00151 6 77.5 1.4 0
131762 1.00151 6 77.5 10 0
131725 1.0224 12 77.5 -1 0
131512 1.00257 6 55 -0.6 -0.3
131511 1.00257 6 55 -0.6 -10
131511 1.00257 6 55 -0.6 -0.45
131472 1.01678 12 65 -1 0
131063 1.00211 6 45 -0.4 0
130872 1.00629 6 77.5 -0.6 0
130588 1.00869 12 65 -1 -0.15
130498 1.01638 12 77.5 -1 -0.3
130498 1.01638 12 77.5 -1 -10
130498 1.01638 12 77.5 -1 -0.45
130498 1.01638 12 77.5 -1 -0.15
130432 1.01629 12 55 -1 0
130273 1.00808 12 65 -1 -0.45
130273 1.00808 12 65 -1 -10
130273 1.00808 12 65 -1 -0.3
130243 1.00097 21 45 -0.4 -10
130243 1.00097 48 45 -0.4 -10
130243 1.00097 36 45 -0.4 -10
130243 1.00097 12 45 -0.4 -10
130243 1.00097 100 45 -0.4 -10
130243 1.00097 18 45 -0.4 -10
130243 1.00097 15 45 -0.4 -10
130243 1.00097 24 45 -0.4 -10
130243 1.00097 60 45 -0.4 -10
130191 1.00031 6 0 10 -0.3
130047 1.00106 60 45 -0.4 -0.15
130047 1.00106 48 45 -0.4 -0.15
130047 1.00106 21 45 -0.4 -0.15
130047 1.00106 12 45 -0.4 -0.15
130047 1.00106 15 45 -0.4 -0.15
130047 1.00106 36 45 -0.4 -0.15
130047 1.00106 100 45 -0.4 -0.15
130047 1.00106 24 45 -0.4 -0.15
130047 1.00106 18 45 -0.4 -0.15
129720 1.00685 6 80 -0.6 0
129688 1.00097 15 65 -0.2 -0.45
129688 1.00097 15 65 -0.2 -10
129688 1.00097 48 65 -0.2 -0.45
129688 1.00097 36 65 -0.2 -0.45
129688 1.00097 36 65 -0.2 -10
129688 1.00097 21 65 -0.2 -0.3
129688 1.00097 48 65 -0.2 -0.3
129688 1.00097 24 65 -0.2 -10
129688 1.00097 48 65 -0.2 -10
129688 1.00097 12 65 -0.2 -0.3
129688 1.00097 12 65 -0.2 -0.45
129688 1.00097 12 65 -0.2 -10
129688 1.00097 15 65 -0.2 -0.3
129688 1.00097 21 65 -0.2 -0.45
129688 1.00097 24 65 -0.2 -0.3
129688 1.00097 60 65 -0.2 -10
129688 1.00097 24 65 -0.2 -0.45
129688 1.00097 18 65 -0.2 -10
129688 1.00097 21 65 -0.2 -10
129688 1.00097 18 65 -0.2 -0.45
129688 1.00097 60 65 -0.2 -0.3
129688 1.00097 36 65 -0.2 -0.3
129688 1.00097 18 65 -0.2 -0.3
129688 1.00097 100 65 -0.2 -0.3
129688 1.00097 60 65 -0.2 -0.45
129688 1.00097 100 65 -0.2 -0.45
129688 1.00097 100 65 -0.2 -10
129601 1.04031 6 77.5 1 0.3
129582 1.00544 6 77.5 -0.6 -0.15
129582 1.00544 6 77.5 -0.6 -10
129582 1.00544 6 77.5 -0.6 -0.45
129582 1.00544 6 77.5 -0.6 -0.3
129579 1.0003 6 0 1 -0.3
129540 1.00096 12 45 -0.4 -0.45
129540 1.00096 48 45 -0.4 -0.45
129540 1.00096 100 45 -0.4 -0.45
129540 1.00096 21 45 -0.4 -0.45
129540 1.00096 18 45 -0.4 -0.45
129540 1.00096 36 45 -0.4 -0.45
129540 1.00096 60 45 -0.4 -0.45
129540 1.00096 15 45 -0.4 -0.45
129540 1.00096 24 45 -0.4 -0.45
129458 1.00881 6 82.5 -0.6 0
129386 1.00472 6 45 -0.8 -0.15
129265 1.05392 24 45 -1.2 0
129265 1.05392 15 45 -1.2 0
129265 1.05392 48 45 -1.2 0
129265 1.05392 60 45 -1.2 0
129265 1.05392 18 45 -1.2 0
129265 1.05392 36 45 -1.2 0
129265 1.05392 21 45 -1.2 0
129265 1.05392 100 45 -1.2 0
129147 1.00096 24 45 -0.4 -0.3
129147 1.00096 12 45 -0.4 -0.3
129147 1.00096 36 45 -0.4 -0.3
129147 1.00096 18 45 -0.4 -0.3
129147 1.00096 48 45 -0.4 -0.3
129147 1.00096 21 45 -0.4 -0.3
129147 1.00096 100 45 -0.4 -0.3
129147 1.00096 60 45 -0.4 -0.3
129147 1.00096 15 45 -0.4 -0.3
129069 1.00473 6 65 -0.6 0
129034 1.02498 6 55 -1 0
128957 1.00757 12 55 -1 -0.15
128925 1.00524 6 75 -0.6 0
128789 1.00762 6 82.5 -0.6 -0.15
128789 1.00762 6 82.5 -0.6 -0.45
128789 1.00762 6 82.5 -0.6 -10
128789 1.00762 6 82.5 -0.6 -0.3
128775 1.00979 6 55 -1 -0.15
128692 1.02949 60 45 -1.2 -0.15
128692 1.02949 100 45 -1.2 -0.15
128692 1.02949 18 45 -1.2 -0.15
128692 1.02949 48 45 -1.2 -0.15
128692 1.02949 24 45 -1.2 -0.15
128692 1.02949 21 45 -1.2 -0.15
128692 1.02949 36 45 -1.2 -0.15
128692 1.02949 15 45 -1.2 -0.15
128647 1.03922 6 75 0.6 0.3
128647 1.03922 6 77.5 0.6 0.3
128549 1.00458 6 0 -0.6 0
128549 1.00458 6 55 -0.6 0
128407 1.03401 6 75 1 0.3
128394 1.03894 6 77.5 1.4 0.3
128394 1.03894 6 77.5 10 0.3
128335 1.00029 6 0 1.4 -0.3
127989 1.0064 12 55 -1 -10
127979 1.0018 6 0 -0.6 -0.3
127971 1.00176 6 0 -0.6 -0.45
127885 1.00173 6 0 -0.6 -10
127859 1.00601 6 80 -0.6 -0.15
127859 1.00601 6 80 -0.6 -0.45
127859 1.00601 6 80 -0.6 -0.3
127859 1.00601 6 80 -0.6 -10
127541 1.00434 6 75 -0.6 -0.3
127541 1.00434 6 75 -0.6 -0.45
127541 1.00434 6 75 -0.6 -10
127541 1.00434 6 75 -0.6 -0.15
127213 1.03283 6 75 10 0.3
127213 1.03283 6 75 1.4 0.3
127027 1.0086 6 55 -1 -0.45
127027 1.0086 6 55 -1 -10
127027 1.0086 6 55 -1 -0.3
126967 1.00636 12 55 -1 -0.3
126967 1.00636 12 55 -1 -0.45
126864 1.00281 6 65 -0.6 -0.15
126306 1.00273 6 65 -0.6 -0.3
126306 1.00272 6 65 -0.6 -0.45
126306 1.00272 6 65 -0.6 -10
126078 1.04792 6 80 1 0.3
126078 1.04792 6 82.5 1 0.3
126040 1.04792 6 82.5 0.6 0.3
126040 1.04792 6 80 0.6 0.3
126036 1.00356 6 45 -0.8 -10
126036 1.00356 6 45 -0.8 -0.45
125468 1.04697 6 80 1.4 0.3
125468 1.04697 6 82.5 1.4 0.3
125468 1.04697 6 80 10 0.3
125468 1.04697 6 82.5 10 0.3
124996 1.00028 12 0 1 -0.15
124996 1.00028 36 0 1 -0.15
124996 1.00028 24 0 1 -0.15
124996 1.00028 15 0 1 -0.15
124996 1.00028 48 0 1 -0.15
124996 1.00028 21 0 1 -0.15
124996 1.00028 60 0 1 -0.15
124996 1.00028 18 0 1 -0.15
124996 1.00028 100 0 1 -0.15
124623 1.00028 6 0 0.6 -0.3
124587 1.077 6 90 1 0.3
124342 1.00343 6 45 -0.8 -0.3
124028 1.05655 6 85 1 0.3
123984 1.07519 6 90 10 0.3
123984 1.07519 6 90 1.4 0.3
123984 1.07519 6 90 0.6 0.3
123656 1.01481 100 45 -1.2 -0.3
123656 1.01388 21 45 -1.2 -0.45
123656 1.01388 60 45 -1.2 -0.45
123656 1.01481 18 45 -1.2 -0.3
123656 1.01388 36 45 -1.2 -0.45
123656 1.01481 21 45 -1.2 -0.3
123656 1.01481 15 45 -1.2 -0.3
123656 1.01388 100 45 -1.2 -0.45
123656 1.01481 60 45 -1.2 -0.3
123656 1.01481 36 45 -1.2 -0.3
123656 1.01388 48 45 -1.2 -0.45
123656 1.01481 48 45 -1.2 -0.3
123656 1.01388 18 45 -1.2 -0.45
123656 1.01388 24 45 -1.2 -0.45
123656 1.01388 15 45 -1.2 -0.45
123656 1.01481 24 45 -1.2 -0.3
123430 1.05536 6 85 1.4 0.3
123430 1.05536 6 85 0.6 0.3
123430 1.05536 6 85 10 0.3
122305 1.00034 6 45 0.8 -10
121916 1.05222 12 45 -1.2 0
121911 1.00025 21 0 10 -0.15
121911 1.00025 18 0 10 -0.15
121911 1.00025 60 0 10 -0.15
121911 1.00025 24 0 10 -0.15
121911 1.00025 15 0 10 -0.15
121911 1.00025 12 0 10 -0.15
121911 1.00025 100 0 10 -0.15
121911 1.00025 48 0 10 -0.15
121911 1.00025 36 0 10 -0.15
121375 1.02558 12 45 -1.2 -0.15
120290 1.00031 6 45 0.8 -0.3
120133 1.00079 6 45 -0.4 -0.15
119190 1.00056 36 55 -0.2 -0.15
119190 1.00056 15 55 -0.2 -0.15
119190 1.00056 18 55 -0.2 -0.15
119190 1.00056 60 55 -0.2 -0.15
119190 1.00056 100 55 -0.2 -0.15
119190 1.00056 21 55 -0.2 -0.15
119190 1.00056 24 55 -0.2 -0.15
119190 1.00056 48 55 -0.2 -0.15
119190 1.00056 12 55 -0.2 -0.15
119042 1.00022 60 0 1.4 -0.15
119042 1.00022 15 0 1.4 -0.15
119042 1.00022 100 0 1.4 -0.15
119042 1.00022 18 0 1.4 -0.15
119042 1.00022 24 0 1.4 -0.15
119042 1.00022 36 0 1.4 -0.15
119042 1.00022 48 0 1.4 -0.15
119042 1.00022 21 0 1.4 -0.15
118470 1.00028 6 45 10 -10
118461 1.00022 12 0 1.4 -0.15
117613 1.00051 60 55 -0.2 -0.45
117613 1.00051 15 55 -0.2 -0.45
117613 1.00051 36 55 -0.2 -0.45
117613 1.00051 12 55 -0.2 -0.45
117613 1.00051 100 55 -0.2 -0.45
117613 1.00051 24 55 -0.2 -0.45
117613 1.00051 18 55 -0.2 -0.45
117613 1.00051 21 55 -0.2 -0.45
117613 1.00051 48 55 -0.2 -0.45
117425 1.00065 6 45 -0.4 -0.45
117425 1.00065 6 45 -0.4 -10
117266 1.00051 36 55 -0.2 -0.3
117266 1.00051 12 55 -0.2 -0.3
117266 1.00051 60 55 -0.2 -0.3
117266 1.00051 24 55 -0.2 -0.3
117266 1.00051 15 55 -0.2 -0.3
117266 1.00051 100 55 -0.2 -0.3
117266 1.00051 18 55 -0.2 -0.3
117266 1.00051 21 55 -0.2 -0.3
117266 1.00051 48 55 -0.2 -0.3
116625 1.01154 12 45 -1.2 -0.45
116625 1.01154 12 45 -1.2 -0.3
116618 1.00026 6 45 10 -0.3
116218 1.00048 12 55 -0.2 -10
116218 1.00048 36 55 -0.2 -10
116218 1.00048 21 55 -0.2 -10
116218 1.00048 48 55 -0.2 -10
116218 1.00048 60 55 -0.2 -10
116218 1.00048 18 55 -0.2 -10
116218 1.00048 24 55 -0.2 -10
116218 1.00048 100 55 -0.2 -10
116218 1.00048 15 55 -0.2 -10
115851 1.0006 6 45 -0.4 -0.3
114609 1.00045 6 55 -0.2 -0.45
114609 1.00045 6 55 -0.2 -10
114471 1.00045 6 55 -0.2 -0.15
114170 1.00019 60 0 0.6 -0.15
114170 1.00019 48 0 0.6 -0.15
114170 1.00019 36 0 0.6 -0.15
114170 1.00019 100 0 0.6 -0.15
114170 1.00019 21 0 0.6 -0.15
114170 1.00019 12 0 0.6 -0.15
114170 1.00019 24 0 0.6 -0.15
114170 1.00019 18 0 0.6 -0.15
114170 1.00019 15 0 0.6 -0.15
113131 1.0265 6 45 -1.2 -10
113047 1.00042 6 55 -0.2 -0.3
111559 1.00023 12 55 1 -0.3
111559 1.00023 15 55 1 -0.3
111559 1.00023 21 55 1 -0.3
111559 1.00023 36 55 1 -0.3
111559 1.00023 24 55 1 -0.3
111559 1.00023 18 55 1 -0.3
111559 1.00023 100 55 1 -0.3
111559 1.00023 60 55 1 -0.3
111559 1.00023 48 55 1 -0.3
110639 1.00022 15 55 1 -10
110639 1.00022 12 55 1 -10
110639 1.00022 21 55 1 -10
110639 1.00022 48 55 1 -10
110639 1.00022 24 55 1 -10
110639 1.00022 18 55 1 -10
110639 1.00022 100 55 1 -10
110639 1.00022 60 55 1 -10
110639 1.00022 36 55 1 -10
109770 1.00021 6 55 1 -10
108293 1.00018 6 55 1 -0.3
108137 1.00017 15 55 10 -0.3
108137 1.00017 60 55 10 -0.3
108137 1.00017 24 55 10 -0.3
108137 1.00017 100 55 10 -0.3
108137 1.00017 12 55 10 -0.3
108137 1.00017 36 55 10 -0.3
108137 1.00017 18 55 10 -0.3
108137 1.00017 21 55 10 -0.3
108137 1.00017 48 55 10 -0.3
108126 1.08134 12 95 1.4 -10
108126 1.08134 6 95 10 0
108126 1.08134 18 95 10 -0.15
108126 1.08134 6 95 1.4 -10
108126 1.08134 18 95 10 -0.45
108126 1.08134 18 95 1 -10
108126 1.08134 18 95 1 -0.45
108126 1.08134 18 95 1 -0.15
108126 1.08134 18 95 1 -0.3
108126 1.08134 18 95 1 0.3
108126 1.08134 18 95 10 -10
108126 1.08134 6 95 1.4 -0.45
108126 1.08134 6 95 1.4 -0.15
108126 1.08134 6 95 1.4 -0.3
108126 1.08134 6 95 1.4 0.3
108126 1.08134 18 95 1 0
108126 1.08134 6 95 1.4 0
108126 1.08134 6 95 1 -10
108126 1.08134 6 95 1 -0.45
108126 1.08134 6 95 1 -0.15
108126 1.08134 21 95 1.4 -0.45
108126 1.08134 15 95 10 -10
108126 1.08134 15 95 10 -0.45
108126 1.08134 15 95 10 -0.15
108126 1.08134 15 95 10 -0.3
108126 1.08134 15 95 10 0.3
108126 1.08134 6 95 1 -0.3
108126 1.08134 6 95 1 0.3
108126 1.08134 18 95 10 -0.3
108126 1.08134 15 95 10 0
108126 1.08134 6 95 1 0
108126 1.08134 15 95 1.4 -10
108126 1.08134 21 95 1.4 -10
108126 1.08134 15 95 1.4 -0.45
108126 1.08134 21 95 10 0
108126 1.08134 15 95 1.4 -0.15
108126 1.08134 15 95 1.4 -0.3
108126 1.08134 15 95 1.4 0.3
108126 1.08134 15 95 1.4 0
108126 1.08134 18 95 10 0.3
108126 1.08134 15 95 1 -10
108126 1.08134 15 95 1 -0.45
108126 1.08134 6 95 10 0.3
108126 1.08134 6 95 10 -0.3
108126 1.08134 12 95 1.4 -0.45
108126 1.08134 15 95 1 -0.15
108126 1.08134 15 95 1 -0.3
108126 1.08134 15 95 1 0.3
108126 1.08134 15 95 1 0
108126 1.08134 48 95 1 0
108126 1.08134 24 95 1 0
108126 1.08134 48 95 1 0.3
108126 1.08134 24 95 1 0.3
108126 1.08134 48 95 1 -0.3
108126 1.08134 48 95 1 -0.15
108126 1.08134 24 95 1 -0.3
108126 1.08134 24 95 1 -0.15
108126 1.08134 24 95 1 -0.45
108126 1.08134 12 95 10 0
108126 1.08134 6 95 10 -0.15
108126 1.08134 6 95 10 -0.45
108126 1.08134 24 95 1 -10
108126 1.08134 12 95 10 0.3
108126 1.08134 24 95 1.4 0
108126 1.08134 24 95 1.4 0.3
108126 1.08134 24 95 1.4 -0.3
108126 1.08134 24 95 1.4 -0.15
108126 1.08134 24 95 1.4 -0.45
108126 1.08134 24 95 1.4 -10
108126 1.08134 24 95 10 0
108126 1.08134 48 95 1 -0.45
108126 1.08134 24 95 10 0.3
108126 1.08134 24 95 10 -0.3
108126 1.08134 48 95 1 -10
108126 1.08134 24 95 10 -0.15
108126 1.08134 24 95 10 -0.45
108126 1.08134 24 95 10 -10
108126 1.08134 48 95 1.4 0
108126 1.08134 48 95 1.4 0.3
108126 1.08134 48 95 1.4 -0.3
108126 1.08134 48 95 1.4 -0.15
108126 1.08134 48 95 1.4 -0.45
108126 1.08134 48 95 1.4 -10
108126 1.08134 100 95 1 -10
108126 1.08134 48 95 10 0
108126 1.08134 18 95 1.4 0
108126 1.08134 48 95 10 0.3
108126 1.08134 48 95 10 -0.3
108126 1.08134 48 95 10 -0.15
108126 1.08134 6 95 10 -10
108126 1.08134 60 95 1 0
108126 1.08134 60 95 1 0.3
108126 1.08134 48 95 10 -0.45
108126 1.08134 48 95 10 -10
108126 1.08134 100 95 1 -0.45
108126 1.08134 36 95 10 -10
108126 1.08134 36 95 10 -0.45
108126 1.08134 18 95 10 0
108126 1.08134 60 95 1 -0.3
108126 1.08134 60 95 1 -0.15
108126 1.08134 60 95 1 -0.45
108126 1.08134 60 95 1 -10
108126 1.08134 60 95 1.4 0
108126 1.08134 36 95 10 -0.15
108126 1.08134 36 95 10 -0.3
108126 1.08134 36 95 10 0.3
108126 1.08134 36 95 10 0
108126 1.08134 100 95 1 -0.15
108126 1.08134 36 95 1.4 -10
108126 1.08134 60 95 1.4 0.3
108126 1.08134 60 95 1.4 -0.3
108126 1.08134 60 95 1.4 -0.15
108126 1.08134 60 95 1.4 -0.45
108126 1.08134 60 95 1.4 -10
108126 1.08134 36 95 1.4 -0.45
108126 1.08134 36 95 1.4 -0.15
108126 1.08134 100 95 1 -0.3
108126 1.08134 36 95 1.4 -0.3
108126 1.08134 100 95 1 0.3
108126 1.08134 36 95 1.4 0.3
108126 1.08134 60 95 10 0
108126 1.08134 60 95 10 0.3
108126 1.08134 60 95 10 -0.3
108126 1.08134 60 95 10 -0.15
108126 1.08134 60 95 10 -0.45
108126 1.08134 36 95 1.4 0
108126 1.08134 36 95 1 -10
108126 1.08134 36 95 1 -0.45
108126 1.08134 36 95 1 -0.15
108126 1.08134 36 95 1 -0.3
108126 1.08134 100 95 10 -10
108126 1.08134 60 95 10 -10
108126 1.08134 100 95 10 -0.45
108126 1.08134 18 95 1.4 -10
108126 1.08134 100 95 10 -0.15
108126 1.08134 36 95 1 0.3
108126 1.08134 100 95 10 -0.3
108126 1.08134 36 95 1 0
108126 1.08134 100 95 10 0.3
108126 1.08134 100 95 10 0
108126 1.08134 21 95 1 0
108126 1.08134 100 95 1.4 -10
108126 1.08134 21 95 1 0.3
108126 1.08134 21 95 1 -0.3
108126 1.08134 100 95 1.4 -0.45
108126 1.08134 12 95 1.4 -0.15
108126 1.08134 100 95 1.4 -0.15
108126 1.08134 12 95 10 -0.3
108126 1.08134 100 95 1.4 -0.3
108126 1.08134 100 95 1.4 0.3
108126 1.08134 12 95 1 0
108126 1.08134 12 95 1 0.3
108126 1.08134 12 95 1 -0.3
108126 1.08134 100 95 1.4 0
108126 1.08134 18 95 1.4 0.3
108126 1.08134 12 95 1 -0.15
108126 1.08134 12 95 1 -0.45
108126 1.08134 18 95 1.4 -0.3
108126 1.08134 12 95 1 -10
108126 1.08134 21 95 1 -0.15
108126 1.08134 21 95 1 -0.45
108126 1.08134 12 95 10 -0.15
108126 1.08134 21 95 1 -10
108126 1.08134 21 95 1.4 0
108126 1.08134 21 95 1.4 0.3
108126 1.08134 21 95 1.4 -0.3
108126 1.08134 21 95 1.4 -0.15
108126 1.08134 12 95 1.4 0
108126 1.08134 18 95 1.4 -0.15
108126 1.08134 18 95 1.4 -0.45
108126 1.08134 12 95 1.4 0.3
108126 1.08134 21 95 10 -10
108126 1.08134 21 95 10 0.3
108126 1.08134 12 95 1.4 -0.3
108126 1.08134 21 95 10 -0.45
108126 1.08134 21 95 10 -0.15
108126 1.08134 21 95 10 -0.3
108126 1.08134 100 95 1 0
108126 1.08134 12 95 10 -10
108126 1.08134 12 95 10 -0.45
107327 1.07328 18 45 -0.8 0.3
107327 1.07328 60 45 -0.8 0.3
107327 1.07328 24 45 -0.8 0.3
107327 1.07328 36 45 -0.8 0.3
107327 1.07328 21 45 -0.8 0.3
107327 1.07328 15 45 -0.8 0.3
107327 1.07328 100 45 -0.8 0.3
107327 1.07328 48 45 -0.8 0.3
107161 1.00016 36 55 10 -10
107161 1.00016 15 55 10 -10
107161 1.00016 24 55 10 -10
107161 1.00016 12 55 10 -10
107161 1.00016 100 55 10 -10
107161 1.00016 21 55 10 -10
107161 1.00016 48 55 10 -10
107161 1.00016 18 55 10 -10
107161 1.00016 60 55 10 -10
106464 1.06466 36 75 -0.6 0.3
106464 1.06466 18 82.5 -0.6 0.3
106464 1.06466 48 55 -0.6 0.3
106464 1.06466 15 82.5 -0.6 0.3
106464 1.06466 36 65 -0.2 0.3
106464 1.06466 36 65 -0.6 0.3
106464 1.06466 48 55 -0.2 0.3
106464 1.06466 48 80 -0.6 0.3
106464 1.06466 48 82.5 -0.6 0.3
106464 1.06466 18 65 -0.6 0.3
106464 1.06466 18 55 -0.2 0.3
106464 1.06466 60 80 -0.6 0.3
106464 1.06466 100 85 -0.6 0.3
106464 1.06466 48 45 -0.4 0.3
106464 1.06466 60 75 -0.6 0.3
106464 1.06466 21 80 -0.6 0.3
106464 1.06466 60 55 -0.2 0.3
106464 1.06466 12 80 -0.6 0.3
106464 1.06466 36 55 -0.2 0.3
106464 1.06466 36 55 -0.6 0.3
106464 1.06466 60 77.5 -0.2 0.3
106464 1.06466 18 55 -0.6 0.3
106464 1.06466 18 65 -0.2 0.3
106464 1.06466 21 82.5 -0.6 0.3
106464 1.06466 48 65 -0.6 0.3
106464 1.06466 48 77.5 -0.6 0.3
106464 1.06466 36 45 -0.4 0.3
106464 1.06466 21 77.5 -0.6 0.3
106464 1.06466 48 65 -0.2 0.3
106464 1.06466 21 77.5 -0.2 0.3
106464 1.06466 24 55 -0.2 0.3
106464 1.06466 48 77.5 -0.2 0.3
106464 1.06466 100 75 -0.6 0.3
106464 1.06466 12 45 -0.4 0.3
106464 1.06466 36 85 -0.6 0.3
106464 1.06466 18 0 -0.6 0.3
106464 1.06466 21 0 -0.6 0.3
106464 1.06466 21 85 -0.6 0.3
106464 1.06466 24 0 -0.6 0.3
106464 1.06466 48 0 -0.6 0.3
106464 1.06466 24 55 -0.6 0.3
106464 1.06466 24 65 -0.6 0.3
106464 1.06466 18 77.5 -0.2 0.3
106464 1.06466 24 77.5 -0.2 0.3
106464 1.06466 24 77.5 -0.6 0.3
106464 1.06466 15 45 -0.4 0.3
106464 1.06466 12 85 -0.6 0.3
106464 1.06466 18 77.5 -0.6 0.3
106464 1.06466 100 0 -0.6 0.3
106464 1.06466 100 65 -0.2 0.3
106464 1.06466 12 82.5 -0.6 0.3
106464 1.06466 100 65 -0.6 0.3
106464 1.06466 15 77.5 -0.6 0.3
106464 1.06466 24 65 -0.2 0.3
106464 1.06466 60 77.5 -0.6 0.3
106464 1.06466 60 65 -0.2 0.3
106464 1.06466 18 75 -0.6 0.3
106464 1.06466 15 55 -0.6 0.3
106464 1.06466 15 55 -0.2 0.3
106464 1.06466 24 82.5 -0.6 0.3
106464 1.06466 15 77.5 -0.2 0.3
106464 1.06466 15 80 -0.6 0.3
106464 1.06466 100 55 -0.2 0.3
106464 1.06466 21 75 -0.6 0.3
106464 1.06466 48 75 -0.6 0.3
106464 1.06466 18 45 -0.4 0.3
106464 1.06466 12 75 -0.6 0.3
106464 1.06466 100 80 -0.6 0.3
106464 1.06466 100 55 -0.6 0.3
106464 1.06466 12 77.5 -0.6 0.3
106464 1.06466 60 82.5 -0.6 0.3
106464 1.06466 60 0 -0.6 0.3
106464 1.06466 60 65 -0.6 0.3
106464 1.06466 36 0 -0.6 0.3
106464 1.06466 15 65 -0.6 0.3
106464 1.06466 12 77.5 -0.2 0.3
106464 1.06466 15 65 -0.2 0.3
106464 1.06466 24 75 -0.6 0.3
106464 1.06466 60 45 -0.4 0.3
106464 1.06466 24 80 -0.6 0.3
106464 1.06466 24 45 -0.4 0.3
106464 1.06466 15 75 -0.6 0.3
106464 1.06466 24 85 -0.6 0.3
106464 1.06466 15 85 -0.6 0.3
106464 1.06466 36 77.5 -0.2 0.3
106464 1.06466 36 77.5 -0.6 0.3
106464 1.06466 21 65 -0.2 0.3
106464 1.06466 12 65 -0.2 0.3
106464 1.06466 100 82.5 -0.6 0.3
106464 1.06466 12 65 -0.6 0.3
106464 1.06466 48 85 -0.6 0.3
106464 1.06466 15 0 -0.6 0.3
106464 1.06466 12 55 -0.6 0.3
106464 1.06466 100 45 -0.4 0.3
106464 1.06466 21 65 -0.6 0.3
106464 1.06466 21 45 -0.4 0.3
106464 1.06466 18 85 -0.6 0.3
106464 1.06466 12 0 -0.6 0.3
106464 1.06466 60 55 -0.6 0.3
106464 1.06466 36 82.5 -0.6 0.3
106464 1.06466 36 80 -0.6 0.3
106464 1.06466 21 55 -0.6 0.3
106464 1.06466 18 80 -0.6 0.3
106464 1.06466 100 77.5 -0.2 0.3
106464 1.06466 60 85 -0.6 0.3
106464 1.06466 100 77.5 -0.6 0.3
106464 1.06466 21 55 -0.2 0.3
106464 1.06466 12 55 -0.2 0.3
105872 1.00014 6 55 10 -10
105172 1.05172 21 55 10 0.45
105172 1.05172 21 55 1 0.45
105172 1.05172 21 45 10 0.45
105172 1.05172 21 65 1 0.45
105172 1.05172 100 45 0.8 0.45
105172 1.05172 12 55 10 0.45
105172 1.05172 60 55 1 0.45
105172 1.05172 12 55 1 0.45
105172 1.05172 24 45 0.8 0.45
105172 1.05172 12 65 1 0.45
105172 1.05172 21 45 0.8 0.45
105172 1.05172 18 45 0.8 0.45
105172 1.05172 60 45 10 0.45
105172 1.05172 18 55 10 0.45
105172 1.05172 60 55 10 0.45
105172 1.05172 15 65 10 0.45
105172 1.05172 100 45 10 0.45
105172 1.05172 60 65 1 0.45
105172 1.05172 12 45 10 0.45
105172 1.05172 24 65 10 0.45
105172 1.05172 12 65 10 0.45
105172 1.05172 15 65 1 0.45
105172 1.05172 100 55 1 0.45
105172 1.05172 21 65 10 0.45
105172 1.05172 15 55 10 0.45
105172 1.05172 60 45 0.8 0.45
105172 1.05172 15 55 1 0.45
105172 1.05172 15 45 10 0.45
105172 1.05172 100 55 10 0.45
105172 1.05172 100 65 1 0.45
105172 1.05172 48 65 10 0.45
105172 1.05172 24 45 10 0.45
105172 1.05172 18 65 10 0.45
105172 1.05172 18 45 10 0.45
105172 1.05172 24 55 1 0.45
105172 1.05172 15 45 0.8 0.45
105172 1.05172 24 65 1 0.45
105172 1.05172 100 65 10 0.45
105172 1.05172 18 55 1 0.45
105172 1.05172 36 45 0.8 0.45
105172 1.05172 36 45 10 0.45
105172 1.05172 48 45 0.8 0.45
105172 1.05172 36 55 1 0.45
105172 1.05172 48 65 1 0.45
105172 1.05172 12 45 0.8 0.45
105172 1.05172 36 55 10 0.45
105172 1.05172 24 55 10 0.45
105172 1.05172 48 55 1 0.45
105172 1.05172 36 65 10 0.45
105172 1.05172 48 55 10 0.45
105172 1.05172 60 65 10 0.45
105172 1.05172 36 65 1 0.45
105172 1.05172 48 45 10 0.45
105172 1.05172 18 65 1 0.45
104450 1.00012 6 55 10 -0.3
100000 1 60 77.5 -1 0.3
100000 1 60 77.5 -1 3
100000 1 60 77.5 -1 2.4
100000 1 60 77.5 -1 1.8
100000 1 60 77.5 -1 1.2
100000 1 60 77.5 -1 0.6
100000 1 60 77.5 10 0.6
100000 1 60 77.5 10 1.2
100000 1 60 77.5 10 1.8
100000 1 60 77.5 10 2.4
100000 1 60 77.5 10 3
100000 1 60 77.5 10 0.45
100000 1 60 77.5 -0.2 3
100000 1 60 77.5 -0.2 2.4
100000 1 60 77.5 -0.2 1.8
100000 1 60 77.5 -0.2 1.2
100000 1 60 77.5 -0.2 0.6
100000 1 60 0 1 0.6
100000 1 60 0 1 1.2
100000 1 60 0 1 1.8
100000 1 60 0 1 2.4
100000 1 60 0 1 3
100000 1 60 0 -0.6 0.6
100000 1 60 77.5 -0.6 3
100000 1 60 77.5 -0.6 2.4
100000 1 60 77.5 -0.6 1.8
100000 1 60 77.5 -0.6 1.2
100000 1 60 77.5 -0.6 0.6
100000 1 60 0 -0.6 1.2
100000 1 60 0 -0.6 1.8
100000 1 60 0 -0.6 2.4
100000 1 60 0 -0.6 3
100000 1 60 0 1.4 0.6
100000 1 60 0 1.4 1.2
100000 1 60 77.5 1 3
100000 1 60 77.5 1 2.4
100000 1 60 77.5 1 1.8
100000 1 60 77.5 1 1.2
100000 1 60 77.5 1 0.6
100000 1 60 0 1.4 1.8
100000 1 60 0 1.4 2.4
100000 1 60 0 1.4 3
100000 1 60 0 0.6 0.6
100000 1 60 0 0.6 1.2
100000 1 60 0 0.6 1.8
100000 1 60 82.5 10 3
100000 1 60 82.5 10 2.4
100000 1 60 82.5 10 1.8
100000 1 60 82.5 10 1.2
100000 1 60 82.5 10 0.6
100000 1 60 0 0.6 2.4
100000 1 60 0 0.6 3
100000 1 60 0 10 0.6
100000 1 60 0 10 1.2
100000 1 60 0 10 1.8
100000 1 60 0 10 2.4
100000 1 60 82.5 0.6 3
100000 1 60 82.5 0.6 2.4
100000 1 60 82.5 0.6 1.8
100000 1 60 82.5 0.6 1.2
100000 1 60 82.5 0.6 0.6
100000 1 60 0 10 3
100000 1 18 45 0.8 0.6
100000 1 18 45 0.8 1.2
100000 1 18 45 0.8 1.8
100000 1 18 45 0.8 2.4
100000 1 18 45 0.8 3
100000 1 60 82.5 1.4 3
100000 1 60 82.5 1.4 2.4
100000 1 60 82.5 1.4 1.8
100000 1 60 82.5 1.4 1.2
100000 1 60 82.5 1.4 0.6
100000 1 18 45 -0.8 0.6
100000 1 18 45 -0.8 1.2
100000 1 18 45 -0.8 1.8
100000 1 18 45 -0.8 2.4
100000 1 18 45 -0.8 3
100000 1 18 45 -0.4 0.6
100000 1 60 82.5 -0.6 3
100000 1 60 82.5 -0.6 2.4
100000 1 60 82.5 -0.6 1.8
100000 1 60 82.5 -0.6 1.2
100000 1 60 82.5 -0.6 0.6
100000 1 18 45 -0.4 1.2
100000 1 18 45 -0.4 1.8
100000 1 18 45 -0.4 2.4
100000 1 18 45 -0.4 3
100000 1 18 45 -1.2 0.6
100000 1 18 45 -1.2 1.2
100000 1 60 82.5 1 3
100000 1 60 82.5 1 2.4
100000 1 60 82.5 1 1.8
100000 1 60 82.5 1 1.2
100000 1 60 82.5 1 0.6
100000 1 18 45 -1.2 1.8
100000 1 18 45 -1.2 2.4
100000 1 18 45 -1.2 3
100000 1 18 45 -1.2 0.3
100000 1 18 45 10 0.6
100000 1 18 45 10 1.2
100000 1 60 80 10 3
100000 1 60 80 10 2.4
100000 1 60 80 10 1.8
100000 1 60 80 10 1.2
100000 1 60 80 10 0.6
100000 1 18 45 10 1.8
100000 1 18 45 10 2.4
100000 1 18 45 10 3
100000 1 18 55 1 0.6
100000 1 18 55 1 1.2
100000 1 18 55 1 1.8
100000 1 60 80 0.6 3
100000 1 60 80 0.6 2.4
100000 1 60 80 0.6 1.8
100000 1 60 80 0.6 1.2
100000 1 60 80 0.6 0.6
100000 1 18 55 1 2.4
100000 1 18 55 1 3
100000 1 18 55 -0.6 0.6
100000 1 18 55 -0.6 1.2
100000 1 18 55 -0.6 1.8
100000 1 18 55 -0.6 2.4
100000 1 60 80 1.4 3
100000 1 60 80 1.4 2.4
100000 1 60 80 1.4 1.8
100000 1 60 80 1.4 1.2
100000 1 60 80 1.4 0.6
100000 1 18 55 -0.6 3
100000 1 18 55 -0.2 0.6
100000 1 18 55 -0.2 1.2
100000 1 18 55 -0.2 1.8
100000 1 18 55 -0.2 2.4
100000 1 18 55 -0.2 3
100000 1 60 80 -0.6 3
100000 1 60 80 -0.6 2.4
100000 1 60 80 -0.6 1.8
100000 1 60 80 -0.6 1.2
100000 1 60 80 -0.6 0.6
100000 1 18 55 -1 0.6
100000 1 18 55 -1 1.2
100000 1 18 55 -1 1.8
100000 1 18 55 -1 2.4
100000 1 18 55 -1 3
100000 1 18 55 -1 0.3
100000 1 60 80 1 3
100000 1 60 80 1 2.4
100000 1 60 80 1 1.8
100000 1 60 80 1 1.2
100000 1 60 80 1 0.6
100000 1 18 55 10 0.6
100000 1 18 55 10 1.2
100000 1 18 55 10 1.8
100000 1 18 55 10 2.4
100000 1 18 55 10 3
100000 1 18 65 1 0.6
100000 1 60 90 10 3
100000 1 60 90 10 2.4
100000 1 60 90 10 1.8
100000 1 60 90 10 1.2
100000 1 60 90 10 0.6
100000 1 18 65 1 1.2
100000 1 18 65 1 1.8
100000 1 18 65 1 2.4
100000 1 18 65 1 3
100000 1 18 65 -0.6 0.6
100000 1 18 65 -0.6 1.2
100000 1 60 90 0.6 3
100000 1 60 90 0.6 2.4
100000 1 60 90 0.6 1.8
100000 1 60 90 0.6 1.2
100000 1 60 90 0.6 0.6
100000 1 18 65 -0.6 1.8
100000 1 18 65 -0.6 2.4
100000 1 18 65 -0.6 3
100000 1 18 65 -0.2 0.6
100000 1 18 65 -0.2 1.2
100000 1 18 65 -0.2 1.8
100000 1 60 90 1.4 3
100000 1 60 90 1.4 2.4
100000 1 60 90 1.4 1.8
100000 1 60 90 1.4 1.2
100000 1 60 90 1.4 0.6
100000 1 18 65 -0.2 2.4
100000 1 18 65 -0.2 3
100000 1 18 65 -1 0.6
100000 1 18 65 -1 1.2
100000 1 18 65 -1 1.8
100000 1 60 90 -0.6 0.3
100000 1 60 90 -0.6 3
100000 1 60 90 -0.6 2.4
100000 1 60 90 -0.6 1.8
100000 1 60 90 -0.6 1.2
100000 1 60 90 -0.6 0.6
100000 1 18 65 -1 2.4
100000 1 18 65 -1 3
100000 1 18 65 -1 0.3
100000 1 18 65 10 0.6
100000 1 18 65 10 1.2
100000 1 18 65 10 1.8
100000 1 60 90 1 3
100000 1 60 90 1 2.4
100000 1 60 90 1 1.8
100000 1 60 90 1 1.2
100000 1 60 90 1 0.6
100000 1 18 65 10 2.4
100000 1 18 65 10 3
100000 1 18 75 1 0.6
100000 1 18 75 1 1.2
100000 1 18 75 1 1.8
100000 1 18 75 1 2.4
100000 1 60 95 10 3
100000 1 60 95 10 2.4
100000 1 60 95 10 1.8
100000 1 60 95 10 1.2
100000 1 60 95 10 0.6
100000 1 18 75 1 3
100000 1 60 95 0.6 -10
100000 1 60 95 0.6 2.55
100000 1 60 95 0.6 2.85
100000 1 60 95 0.6 2.7
100000 1 60 95 0.6 3.3
100000 1 60 95 0.6 3
100000 1 60 95 0.6 2.4
100000 1 60 95 0.6 1.8
100000 1 60 95 0.6 1.2
100000 1 60 95 0.6 0.6
100000 1 60 95 0.6 0
100000 1 18 75 -0.6 0.6
100000 1 18 75 -0.6 1.2
100000 1 18 75 -0.6 1.8
100000 1 18 75 -0.6 2.4
100000 1 18 75 -0.6 3
0
180784 12 0 1 -10