2644391 1.15622 21 60 10 0.6
2601168 1.14926 21 62.5 10 0.45
2542413 1.14846 21 62.5 10 0.3
2504845 1.14391 18 60 10 0.45
2462630 1.14809 18 62.5 10 0.45
2453220 1.14331 18 60 10 0.3
2450397 1.15929 21 62.5 10 0.6
2411829 1.14746 18 62.5 10 0.3
2312046 1.14037 18 57.5 10 0.45
2294658 1.14493 21 60 10 0.45
2275740 1.1449 21 62.5 10 0.15
2275740 1.1449 21 62.5 10 0
2242590 1.14414 21 60 10 0.3
2228579 1.14375 21 62.5 10 -10
2222457 1.13905 18 55 10 0.45
2213436 1.13896 21 57.5 10 0.6
2174020 1.1394 18 60 10 0.15
2159129 1.14378 18 62.5 10 0.15
2159129 1.14378 18 62.5 10 0
2148396 1.13815 18 45 10 0.45
2128117 1.1388 18 60 10 0
2124483 1.13754 21 55 10 0.6
2114495 1.14259 18 62.5 10 -0.3
2114495 1.14259 18 62.5 10 -10
2079858 1.13698 18 0 10 0.45
2071102 1.13677 18 57.5 10 0.3
2025060 1.1362 18 50 10 0.45
1999003 1.13542 18 60 10 -10
1999003 1.13542 18 60 10 -0.3
1987206 1.14024 21 60 10 0.15
1939384 1.14328 21 65 10 0.45
1933347 1.13447 21 45 10 0.6
1905005 1.13387 21 0 10 0.6
1866438 1.14192 21 65 10 0.3
1859288 1.13543 21 60 10 0
1828071 1.13305 18 57.5 10 0.15
1823446 1.14846 18 57.5 10 0.6
1788492 1.15245 21 65 10 0.6
1774629 1.14849 18 60 10 0.6
1753136 1.14693 18 55 10 0.6
1746222 1.13206 21 60 10 -10
1746155 1.1398 21 65 10 0.15
1746155 1.1398 21 65 10 0
1725036 1.12385 21 57.5 10 0.45
1710177 1.13861 21 65 10 -10
1703646 1.12247 18 55 10 0.3
1674088 1.14813 18 45 10 0.6
1656068 1.12248 21 55 10 0.45
1649409 1.14699 18 0 10 0.6
1614051 1.16712 21 60 1.4 0.3
1586865 1.14571 18 50 10 0.6
1560135 1.11977 18 45 10 0.3
1541923 1.12006 21 57.5 10 0.3
1525672 1.11998 21 45 10 0.45
1525292 1.11905 18 50 10 0.3
1519982 1.14222 15 45 10 0.45
1503014 1.14127 15 0 10 0.45
1499997 1.1192 21 55 10 0.3
1499318 1.11829 18 55 10 0.15
1497738 1.11757 18 57.5 10 0
1488721 1.14543 15 57.5 10 0.45
1476769 1.11882 21 0 10 0.45
1457060 1.16995 21 60 1.4 0.45
1450560 1.17091 21 62.5 1 0.3
1430619 1.14395 15 55 10 0.45
1426017 1.15094 18 62.5 10 0.6
1415680 1.11656 18 0 10 0.3
1407201 1.16154 21 60 1.4 0.15
1406738 1.11419 18 57.5 10 -10
1402696 1.1622 15 62.5 10 0.45
1399227 1.16894 21 65 1 0.3
1398030 1.16884 21 62.5 1.4 0.3
1397681 1.1413 21 45 0.8 0.3
1387317 1.11546 18 45 10 0.15
1385583 1.11659 21 57.5 10 0.15
1375524 1.14067 21 45 1.2 0.3
1353599 1.11579 21 57.5 10 0
1352202 1.14 21 0 1 0.3
1352056 1.11584 21 55 10 0.15
1333582 1.14128 15 57.5 10 0.3
1329806 1.1662 21 65 1.4 0.3
1329355 1.15594 21 60 1.4 0
1323885 1.11384 18 55 10 0
1322107 1.15325 15 60 10 0.45
1321367 1.13693 15 0 10 0.3
1309036 1.1149 21 45 10 0.3
1307866 1.13685 15 45 10 0.3
1305298 1.11345 18 50 10 0.15
1294921 1.15255 15 60 10 0.3
1289848 1.16596 21 62.5 1 0
1287880 1.16555 21 65 1 0.15
1287880 1.16555 21 65 1 0
1287155 1.0898 15 0 1 -10
1283929 1.14374 21 57.5 1 0.3
1279763 1.16683 21 60 1 0.3
1278628 1.13973 15 55 10 0.3
1277252 1.16554 21 62.5 1 0.15
1276025 1.15755 15 62.5 10 0.3
1271414 1.11242 21 57.5 10 -10
1269646 1.08758 15 0 1.4 -10
1267332 1.14879 21 45 1.2 0.45
1263100 1.16446 21 62.5 1 -0.3
1263100 1.16446 21 62.5 1 -10
1262399 1.14275 21 0 1.4 0.45
1261145 1.16405 21 65 1 -10
1261145 1.16405 21 65 1 -0.3
1259342 1.14281 21 55 1 0.3
1253155 1.13641 21 0 1.4 0.3
1248618 1.15172 21 60 1.4 -10
1248618 1.15172 21 60 1.4 -0.3
1248137 1.11202 18 0 10 0.15
1246285 1.17135 21 62.5 1.4 0.45
1245843 1.16379 15 0 10 0.6
1245231 1.11054 18 55 10 -10
1245123 1.18799 18 0 10 0.9
1243255 1.16389 21 62.5 1.4 0
1240451 1.13009 18 45 1.2 -0.45
1237884 1.16417 15 45 10 0.6
1230896 1.16347 21 62.5 1.4 0.15
1226458 1.13465 18 45 1.2 -0.15
1223956 1.1628 21 65 1.4 0.15
1223956 1.1628 21 65 1.4 0
1217494 1.16239 21 62.5 1.4 -10
1217494 1.16239 21 62.5 1.4 -0.3
1216636 1.11078 18 50 10 0
1209787 1.14073 21 57.5 1.4 0.3
1202627 1.16929 21 65 1.4 0.45
1198891 1.17821 15 60 10 0.6
1198831 1.1613 21 65 1.4 -0.3
1198831 1.1613 21 65 1.4 -10
1198301 1.13386 18 45 0.8 -0.15
1193621 1.11139 21 55 10 0
1192169 1.18575 18 45 10 0.9
1189581 1.11173 21 0 10 0.3
1186804 1.17629 15 57.5 10 0.6
1186764 1.1398 21 55 1.4 0.3
1181840 1.18538 18 50 10 0.9
1180434 1.12547 18 45 1.2 -0.3
1173385 1.1098 18 45 10 0
1159926 1.13229 15 45 10 0.15
1157242 1.13195 15 0 10 0.15
1155903 1.13582 15 57.5 10 0.15
1153710 1.13622 15 55 10 0.15
1150432 1.13688 15 57.5 10 -10
1145675 1.13304 18 0 1 -0.15
1145077 1.16845 21 62.5 0.6 0.3
1143280 1.13504 24 70 1.4 0.3
1140490 1.17436 15 55 10 0.6
1138986 1.17473 15 65 10 0.45
1133088 1.17287 12 0 1 -0.45
1130897 1.13458 24 70 1.4 0.15
1130897 1.13458 24 70 1.4 0
1130897 1.13458 24 70 1.4 -10
1130897 1.13458 24 70 1.4 -0.3
1130706 1.18284 12 37.5 1 -0.45
1130354 1.10825 24 45 0.8 0.3
1129243 1.10832 21 45 10 0.15
1129131 1.1349 15 57.5 10 0
1128628 1.14874 15 60 10 -10
1126706 1.14666 15 60 10 0.15
1126211 1.17366 12 37.5 1.4 -0.45
1122657 1.10809 21 55 10 -10
1121658 1.13421 24 70 1 0.3
1121604 1.15184 15 62.5 10 0
1121604 1.15184 15 62.5 10 -0.3
1121604 1.15184 15 62.5 10 0.15
1121604 1.15184 15 62.5 10 -10
1120489 1.15103 15 0 1 -0.3
1119287 1.13817 21 57.5 1 0.15
1118503 1.16024 21 62.5 0.6 0.15
1118502 1.16022 21 62.5 0.6 0
1117928 1.14349 21 57.5 1.4 0.45
1117005 1.17305 12 42.5 1.4 -10
1117005 1.17305 12 42.5 1.4 -0.45
1116004 1.16101 21 60 1 0.15
1114137 1.13205 18 45 0.8 -0.45
1110951 1.13012 21 45 0.8 0.15
1110119 1.17466 15 65 10 0.3
1109807 1.15403 18 50 1.4 0.45
1109807 1.15403 18 0 1.4 0.45
1109569 1.13375 24 70 1 -0.3
1109569 1.13375 24 70 1 -10
1109569 1.13375 24 70 1 0
1109569 1.13375 24 70 1 0.15
1109456 1.16295 18 60 1.4 0.3
1109259 1.1269 12 0 1 -10
1107817 1.10633 18 50 10 -10
1105585 1.13017 21 0 1 0.15
1104399 1.12986 21 45 1.2 0.15
1103802 1.13758 21 57.5 1 0
1101343 1.13737 21 55 1 0.15
1100763 1.1457 15 60 10 0
1097191 1.12961 21 45 0.8 0
1096507 1.14252 21 55 1.4 0.45
1095441 1.15872 21 62.5 0.6 -10
1095441 1.15872 21 62.5 0.6 -0.3
1095054 1.18095 12 37.5 1 -10
1094147 1.18145 12 40 1 -0.45
1094147 1.18145 12 40 1 -10
1091350 1.17774 18 55 10 0.9
1090604 1.16303 12 0 1.4 -0.45
1090576 1.17186 12 37.5 1.4 -10
1090160 1.12684 24 67.5 1.4 0.3
1089909 1.17222 12 40 1.4 -10
1089909 1.17222 12 40 1.4 -0.45
1088425 1.14288 15 0 1.4 -0.3
1081282 1.16686 21 65 0.6 0.15
1081282 1.16686 21 65 0.6 0
1074113 1.13631 21 55 1 0
1072474 1.12617 24 67.5 1.4 -10
1072474 1.12617 24 67.5 1.4 0
1072474 1.12617 24 67.5 1.4 0.15
1072474 1.12617 24 67.5 1.4 -0.3
1072093 1.1289 21 0 1 0
1071067 1.16519 15 65 10 -10
1071067 1.16519 15 65 10 -0.3
1071067 1.16519 15 65 10 0
1068059 1.17654 18 57.5 10 0.9
1067676 1.12057 12 0 1.4 -10
1066402 1.08702 15 0 0.6 -10
1065556 1.17036 12 0 0.6 -0.45
1064686 1.12832 21 45 1.2 0
1061596 1.10628 21 0 10 0.15
1060224 1.12725 18 45 0.8 -0.3
1059047 1.17361 21 65 0.6 0.3
1058787 1.1653 21 65 0.6 -0.3
1058787 1.1653 21 65 0.6 -10
1054660 1.13516 21 57.5 1.4 0.15
1054034 1.15517 21 60 1 0
1053677 1.13543 15 0 1.4 -0.45
1042946 1.12512 12 0 0.6 -10
1042935 1.18785 12 37.5 0.6 -0.45
1041782 1.15924 18 60 1.4 0.45
1040313 1.13457 21 57.5 1.4 0
1040241 1.12989 24 67.5 1 0.3
1037858 1.13307 15 55 10 -10
1036865 1.13336 21 57.5 1 -0.3
1036865 1.13336 21 57.5 1 -10
1030980 1.16446 15 45 0.8 0.3
1029730 1.19375 12 37.5 1 -0.3
1028015 1.26683 24 70 1.4 1.2
1027604 1.13394 21 55 1.4 0.15
1027441 1.12451 24 67.5 1.4 0.45
1026038 1.26508 24 67.5 1.4 1.2
1026038 1.26508 24 65 1.4 1.2
1025900 1.18295 12 42.5 1.4 -0.3
1025419 1.18293 12 37.5 1.4 -0.3
1023381 1.1292 24 67.5 1 0.15
1023381 1.1292 24 67.5 1 -10
1023381 1.1292 24 67.5 1 -0.3
1023381 1.1292 24 67.5 1 0
1021050 1.15787 18 57.5 1.4 0.3
1019845 1.1703 15 65 10 0.15
1018711 1.13691 18 65 10 0.45
1018644 1.13109 15 55 10 0
1018163 1.26433 24 55 1.4 1.2
1018163 1.26433 24 0 1.4 1.2
1018163 1.26433 24 60 1.4 1.2
1012701 1.19286 12 40 1 -0.3
1011885 1.13989 15 0 1 -0.45
1010637 1.16418 21 60 0.6 0.3
1010270 1.13218 21 55 1 -10
1010101 1.18587 12 37.5 0.6 -10
1009203 1.18639 12 40 0.6 -10
1009203 1.18639 12 40 0.6 -0.45
1009003 1.13209 21 55 1 -0.3
1008612 1.18209 12 40 1.4 -0.3
1006792 1.19759 12 42.5 1.4 0
1006786 1.15177 18 60 1.4 0
1004893 1.15702 18 57.5 1 0.3
1002201 1.13287 21 55 1.4 0
1002084 1.11749 21 45 1.2 -0.3
995885 1.1029 24 0 1 0.3
992900 1.13685 18 65 10 0.3
992765 1.19646 12 42.5 1.4 -0.15
992546 1.21574 21 62.5 1 0.6
991044 1.19676 12 37.5 1.4 0
991044 1.19676 12 40 1.4 0
989967 1.15076 21 60 1 -0.3
989967 1.15076 21 60 1 -10
988322 1.14633 15 0 0.6 -0.3
988112 1.1562 21 60 0.6 0.15
986773 1.07348 15 0 10 -10
983156 1.19207 21 62.5 1.4 0.6
982842 1.19592 12 37.5 1.4 -0.15
981272 1.15533 18 57.5 1.4 0.45
980542 1.17643 15 62.5 10 0.6
977976 1.12498 18 0 1 -0.3
977319 1.13375 24 67.5 0.6 0
977319 1.13375 24 67.5 0.6 -0.3
977319 1.13375 24 67.5 0.6 -10
977319 1.13375 24 67.5 0.6 -0.15
977319 1.13375 24 67.5 0.6 -0.45
977111 1.13035 21 57.5 1.4 -0.3
977111 1.13035 21 57.5 1.4 -10
976825 1.12293 18 0 1 -0.45
975947 1.19555 12 40 1.4 -0.15
971565 1.1036 18 0 10 0
968326 1.18764 12 0 1 -0.3
967441 1.15643 18 60 1.4 0.15
966176 1.17623 21 62.5 10 0.9
963812 1.15432 18 55 1.4 0.45
963298 1.21343 21 65 1 0.6
963008 1.12624 18 0 0.6 -0.15
961038 1.21463 21 60 1 0.6
960058 1.12373 21 0 1.4 0.15
957649 1.19496 12 0 1.4 0
956274 1.12467 15 0 10 0
954838 1.19001 21 65 1.4 0.6
953133 1.12462 15 45 10 0
951828 1.19104 21 60 1.4 0.6
949574 1.20013 12 37.5 0.6 -0.3
946265 1.15829 15 45 1.2 0.3
945554 1.14716 18 60 1.4 -10
945554 1.14716 18 60 1.4 -0.3
942748 1.15763 15 45 1.2 0.45
942741 1.12874 21 55 1.4 -10
941385 1.12865 21 55 1.4 -0.3
940992 1.13353 24 70 1.4 0.45
940379 1.13628 18 50 1.4 0.3
940200 1.10559 24 60 1.4 0
939961 1.10212 21 45 10 0
939630 1.1239 21 0 0.6 0.15
938381 1.13601 18 45 0.8 0.3
936993 1.18693 21 62.5 1 0.45
935849 1.1359 18 45 1.2 0.3
935277 1.1905 12 0 1.4 -0.15
934954 1.25661 24 45 1.2 1.2
934147 1.19919 12 40 0.6 -0.3
931882 1.17542 12 0 1.4 -0.3
928968 1.13449 18 65 10 0
928968 1.13449 18 65 10 0.15
927493 1.10407 24 55 1 0.3
924388 1.14991 21 60 0.6 0
922769 1.13537 18 50 1 0.3
918531 1.17209 21 0 10 0.9
918037 1.12048 21 0 1 -0.3
916548 1.15672 15 0 1 0.3
916143 1.15693 15 0 1.4 0.3
911735 1.12002 21 45 0.8 -0.3
910291 1.12261 21 0 0.6 0
909720 1.13317 18 65 10 -0.3
909720 1.13317 18 65 10 -10
909170 1.09932 24 45 0.8 0.15
906518 1.13447 18 0 1 0.3
905962 1.13449 18 0 1.4 0.3
903529 1.18454 21 65 1 0.45
900149 1.13398 15 0 0.6 -0.45
897996 1.09885 24 45 0.8 0
895641 1.15216 18 57.5 1.4 0.15
895489 1.13589 24 67.5 0.6 0.3
894259 1.16122 15 0 1.4 0
893545 1.15083 21 0 1 0.45
890785 1.11305 18 45 0.8 -10
889900 1.21478 21 0 10 1.2
888358 1.19339 12 0 0.6 -0.3
885598 1.1194 18 0 0.6 -0.45
884763 1.12733 18 0 1.4 0
884586 1.10759 18 45 1.2 -10
881560 1.15131 18 57.5 1 0.15
879273 1.16997 21 45 10 0.9
876244 1.16062 18 62.5 1.4 0.3
870151 1.0927 18 45 10 -10
868420 1.1212 18 45 0.4 -0.15
868320 1.14551 21 60 0.6 -0.3
868320 1.14551 21 60 0.6 -10
868022 1.16896 21 45 1.2 0.6
865904 1.21346 21 45 10 1.2
865743 1.15545 15 45 0.8 0.15
859142 1.13833 18 55 1.4 0.3
857871 1.09887 21 0 10 0
855433 1.20478 21 62.5 0.6 0.45
854645 1.16138 15 55 1.4 0.3
853448 1.16132 15 57.5 1.4 0.3
852905 1.16974 21 60 10 0.9
845508 1.13748 18 55 1 0.3
844918 1.15958 21 0 1.4 0.6
843073 1.1585 18 62.5 1 0.3
842804 1.16464 21 55 10 0.9
841889 1.19366 12 45 1.2 0.3
841113 1.16024 15 55 1 0.3
839947 1.16018 15 57.5 1 0.3
835617 1.15143 15 0 1.4 -0.15
835602 1.09028 36 45 0.8 0.3
832490 1.12534 15 45 1.2 -0.3
831888 1.17684 21 0 1 0.6
830752 1.15293 15 45 0.8 0
828744 1.09967 24 55 1.4 0
827471 1.18749 21 45 0.8 0.6
826869 1.18315 21 60 1 0.45
824886 1.1635 21 57.5 10 0.9
824178 1.09523 24 0 1 0.15
822119 1.11818 18 0 0.6 -0.3
821369 1.15857 15 55 1.4 0.45
820212 1.15852 15 57.5 1.4 0.45
820071 1.15036 18 62.5 1.4 0
816029 1.13042 24 0 1.4 0.6
816021 1.15721 18 60 1 0.3
815477 1.08901 100 45 0.8 0.3
815477 1.08901 48 45 0.8 0.3
815477 1.08901 60 45 0.8 0.3
814756 1.17279 12 45 1.2 0.15
812463 1.19268 12 55 1 0.3
812437 1.15605 18 62.5 1.4 0.45
812253 1.13285 15 45 0.8 -0.3
811637 1.1325 21 0 0.6 0.3
811557 1.11817 21 70 10 -0.45
811557 1.11817 21 70 10 -0.15
811557 1.11817 21 70 10 -10
811557 1.11817 21 70 10 -0.3
811557 1.11817 21 70 10 0
811038 1.14393 24 45 0.8 0.6
810209 1.11285 15 45 10 -10
809699 1.11197 21 45 0.8 -10
807426 1.2004 18 45 -0.8 -0.15
807284 1.11938 18 45 0.4 -0.45
807157 1.09569 24 60 1.4 -10
806518 1.15322 15 55 1.4 -0.3
806518 1.15322 15 55 1.4 -10
806418 1.1519 12 45 1.2 -10
805507 1.23109 21 65 0.6 0.6
803228 1.15842 12 45 1.2 -0.3
803040 1.14872 18 62.5 1.4 -10
803040 1.14872 18 62.5 1.4 -0.3
802691 1.14975 15 45 1.2 0.15
802388 1.11769 18 50 1.4 -0.3
801471 1.15266 15 55 1 -0.3
801471 1.15266 15 55 1 -10
801331 1.12319 18 50 1.4 0
801175 1.17193 12 50 1.4 0.15
800850 1.11675 21 0 1.4 0
800270 1.16178 24 45 -0.8 0.15
799385 1.12294 18 45 0.8 0
799103 1.09405 24 0 1 0
798856 1.13551 24 70 1 0.45
796860 1.11686 21 70 10 0.3
796618 1.09789 24 55 1 0.15
796097 1.19036 12 40 1 0.3
796097 1.19036 12 42.5 1 0.3
796097 1.19036 12 50 1 0.3
796097 1.19036 12 0 1 0.3
796097 1.19036 12 37.5 1 0.3
794426 1.13765 24 70 0.6 -10
794426 1.13765 24 70 0.6 -0.45
794426 1.13765 24 70 0.6 0
794426 1.13765 24 70 0.6 -0.15
794426 1.13765 24 70 0.6 -0.3
793606 1.09351 24 45 1.2 0
793288 1.11482 21 0 0.6 -0.3
791137 1.21275 21 65 0.6 0.45
790678 1.19094 12 55 1.4 0.3
790039 1.15173 15 57.5 1.4 -0.3
790039 1.15173 15 57.5 1.4 -10
789988 1.18977 12 50 1.4 0.3
789263 1.14834 18 62.5 1 0
789138 1.05604 18 0 1 -10
788965 1.23113 21 62.5 0.6 0.6
788099 1.18963 12 42.5 1.4 0.3
787209 1.10923 18 0 1.4 -0.3
785654 1.12213 18 45 1.2 0
782789 1.18367 21 57.5 1 0.6
780655 1.11657 18 50 1 -0.3
780331 1.24302 15 0 10 0.9
780033 1.12741 18 57.5 1.4 0
779536 1.12202 18 50 1 0
778942 1.10478 21 45 1.2 -10
778200 1.15847 24 55 0.6 0.75
778200 1.15847 24 60 0.6 0.75
777642 1.15065 15 57.5 1 -0.3
777642 1.15065 15 57.5 1 -10
776930 1.09691 24 55 1 0
776793 1.14063 24 70 1.4 0.6
775355 1.13652 21 57.5 0.6 0.3
775281 1.16334 21 57.5 1.4 0.6
774979 1.12782 24 45 1.2 0.6
774794 1.18862 12 0 1.4 0.3
774794 1.18862 12 40 1.4 0.3
774794 1.18862 12 37.5 1.4 0.3
773682 1.12144 15 45 1.2 -10
773212 1.15976 12 50 1.4 -10
772910 1.1467 18 62.5 1 -10
772910 1.1467 18 62.5 1 -0.3
772525 1.20764 21 55 10 1.2
772525 1.20764 21 57.5 10 1.2
772172 1.10329 24 60 1 0.3
771699 1.15427 18 62.5 1.4 0.15
770644 1.12652 18 50 1.4 0.15
768717 1.16914 12 50 1.4 0
768643 1.1824 21 55 1 0.6
768224 1.11458 18 45 0.4 -0.3
767800 1.1266 18 57.5 1 0
767008 1.11481 18 50 1.4 -10
765493 1.1685 12 50 1.4 -0.3
765364 1.15533 24 67.5 0.6 0.6
765275 1.13423 24 60 1.4 0.6
764542 1.14791 24 70 1 0.6
763960 1.12717 18 55 1.4 0
763666 1.22987 21 60 0.6 0.6
763274 1.09284 24 0 0.6 0.15
762994 1.16855 12 45 1.2 0
761384 1.16221 21 55 1.4 0.6
760563 1.13551 21 55 0.6 0.3
759245 1.12683 18 55 1 0
758921 1.15558 15 55 1.4 0.15
758165 1.12975 21 57.5 0.6 0.15
756602 1.16875 12 50 1 0.15
755198 1.20071 21 60 0.6 0.45
754837 1.14094 24 60 1.4 0.75
754837 1.14094 24 55 1.4 0.75
754837 1.14094 24 0 1.4 0.75
754810 1.12877 15 45 0.8 -10
754783 1.16533 24 45 -0.8 0.3
754193 1.15499 15 55 1 0.15
751824 1.19857 12 45 0.8 0.3
751576 1.14594 15 45 1.2 0
750358 1.16826 12 42.5 1 0.15
749675 1.12531 18 50 1 0.15
747310 1.14006 24 45 1.2 0.75
746970 1.08546 48 0 1 0.3
746970 1.08546 100 0 1 0.3
746970 1.08546 36 0 1 0.3
746970 1.08546 60 0 1 0.3
746961 1.23976 15 45 10 0.9
746358 1.24343 18 0 10 1.2
746284 1.1137 18 50 1 -10
745868 1.15744 36 65 1.4 1.2
745868 1.15744 36 67.5 1.4 1.2
745659 1.13137 24 67.5 1.4 0.6
745395 1.15559 24 65 0.6 0.75
744945 1.11389 21 45 0.4 -0.15
744652 1.1571 24 45 -0.8 0
744031 1.13147 18 55 1.4 0.15
743795 1.12878 21 55 0.6 0.15
743496 1.10139 24 65 1 0.3
742733 1.13256 24 0 1 0.6
742560 1.15215 18 62.5 1 0.15
741953 1.08959 21 45 10 -10
741310 1.13235 24 65 1.4 0.6
740580 1.12868 21 57.5 0.6 0
740293 1.14576 18 60 1 0
740148 1.15684 36 60 1.4 1.2
740148 1.15684 36 55 1.4 1.2
740148 1.15684 36 0 1.4 1.2
740128 1.15434 15 55 1.4 0
739864 1.13074 24 67.5 1 0.45
739543 1.13111 18 55 1 0.15
739452 1.09165 24 0 0.6 0
739038 1.17398 24 45 0.4 0.75
738094 1.04832 18 0 10 -10
737069 1.15597 36 45 1.2 1.2
737069 1.15597 60 45 1.2 1.2
737069 1.15597 48 45 1.2 1.2
737069 1.15597 100 45 1.2 1.2
736606 1.13933 24 65 1.4 0.75
736327 1.14955 12 42.5 1 -10
735595 1.15375 15 55 1 0
735355 1.13136 24 55 1.4 0.6
735101 1.15342 15 57.5 1.4 0.15
732848 1.24427 24 45 0.4 1.05
732654 1.1228 18 57.5 1.4 -0.3
732654 1.1228 18 57.5 1.4 -10
731237 1.16326 24 60 1 0.9
730650 1.1542 24 55 1.4 0.9
730650 1.1542 24 0 1.4 0.9
730650 1.1542 24 60 1.4 0.9
730229 1.15674 12 50 1 -10
730164 1.10071 24 65 1.4 0
727719 1.14498 15 0 1 0
727321 1.15589 36 72.5 1.4 1.2
726203 1.24192 18 45 10 1.2
725998 1.16595 12 50 1 0
725104 1.15277 15 57.5 1.4 0
725032 1.10249 24 0 1 0.45
724052 1.13998 24 70 0.6 0.3
723621 1.16892 15 60 1.4 0.3
723446 1.15228 15 57.5 1 0.15
723430 1.12753 21 55 0.6 0
723175 1.16654 12 40 1 0
723175 1.16654 12 0 1 0
723175 1.16654 12 37.5 1 0
722953 1.16531 12 50 1 -0.3
722009 1.16646 12 42.5 1 0
721078 1.12199 18 57.5 1 -10
721078 1.12199 18 57.5 1 -0.3
720308 1.17563 12 45 0.8 0.15
720286 1.17875 36 55 1.4 1.35
720286 1.17875 36 0 1.4 1.35
720068 1.11954 18 0 1 0
718498 1.12266 18 55 1.4 -10
717609 1.12257 18 55 1.4 -0.3
717433 1.17775 100 45 1.2 1.35
717433 1.17775 36 45 1.2 1.35
717433 1.17775 60 45 1.2 1.35
717433 1.17775 48 45 1.2 1.35
717160 1.08431 36 45 0.8 0.15
717081 1.16566 12 37.5 1 -0.15
714871 1.1615 24 65 1 0.9
714715 1.1452 24 65 0.6 0.6
714289 1.15253 24 65 1.4 0.9
714250 1.13796 24 60 1 0.6
714155 1.12232 18 55 1 -10
713638 1.15163 15 57.5 1 0
713159 1.12223 18 55 1 -0.3
712685 1.1614 24 0 -0.6 0.3
712043 1.16527 12 40 1 -0.15
711475 1.08977 24 55 1.4 -10
711314 1.15036 18 60 1 0.15
710293 1.08394 36 45 0.8 0
709070 1.19479 12 50 1.4 0.45
707991 1.14266 24 67.5 1 0.6
707392 1.23877 24 70 1 1.2
706361 1.16345 12 0 1 -0.15
705395 1.15336 36 70 1.4 1.2
702658 1.15185 48 65 1.4 1.2
702658 1.15185 100 67.5 1.4 1.2
702658 1.15185 60 67.5 1.4 1.2
702658 1.15185 48 67.5 1.4 1.2
702658 1.15185 60 65 1.4 1.2
702658 1.15185 100 65 1.4 1.2
702208 1.18458 12 55 1.4 0.15
701168 1.14448 24 60 0.6 0.6
699870 1.08304 48 45 0.8 0.15
699870 1.08304 60 45 0.8 0.15
699870 1.08304 100 45 0.8 0.15
698715 1.12794 12 0 10 -0.15
697780 1.12219 18 0 1.4 0.15
697237 1.15125 48 60 1.4 1.2
697237 1.15125 100 60 1.4 1.2
697237 1.15125 60 60 1.4 1.2
697237 1.15125 100 0 1.4 1.2
697237 1.15125 48 0 1.4 1.2
697237 1.15125 48 55 1.4 1.2
697237 1.15125 60 55 1.4 1.2
697237 1.15125 60 0 1.4 1.2
697237 1.15125 100 55 1.4 1.2
697224 1.26126 24 45 0.4 1.2
697196 1.09448 12 0 10 -10
695727 1.08596 100 55 1 0.3
695727 1.08596 60 55 1 0.3
695727 1.08596 48 55 1 0.3
695727 1.08596 36 55 1 0.3
695691 1.12428 21 57.5 0.6 -0.3
695691 1.12428 21 57.5 0.6 -10
695217 1.14094 18 60 1 -10
695217 1.14094 18 60 1 -0.3
693190 1.08267 48 45 0.8 0
693190 1.08267 60 45 0.8 0
693190 1.08267 100 45 0.8 0
691479 1.13599 24 65 1 0.6
691328 1.1129 18 50 0.6 -0.15
691203 1.17266 12 45 0.8 0
690877 1.123 21 70 10 0.6
689666 1.19302 12 55 1.4 0.45
688476 1.12762 12 0 10 0
688386 1.18336 12 55 1 0.15
686740 1.14764 21 45 0.8 0.45
686270 1.13495 24 55 1 0.6
685528 1.23444 24 67.5 0.6 1.2
685528 1.23444 24 65 0.6 1.2
685224 1.1503 48 72.5 1.4 1.2
685224 1.1503 100 72.5 1.4 1.2
685224 1.1503 60 72.5 1.4 1.2
684975 1.18319 12 55 1.4 0
684975 1.18319 12 55 1.4 -0.3
683027 1.07533 24 60 10 0.6
682243 1.08252 36 45 0.8 -10
682243 1.08252 36 45 0.8 -0.3
680539 1.12322 21 55 0.6 -10
680173 1.23361 24 0 0.6 1.2
680173 1.23361 24 60 0.6 1.2
680173 1.23361 24 55 0.6 1.2
680136 1.13471 15 0 1 -0.15
679556 1.12312 21 55 0.6 -0.3
679496 1.16455 15 60 1.4 0.45
679481 1.18236 24 45 -0.8 0.45
678568 1.17312 100 55 1.4 1.35
678568 1.17312 48 55 1.4 1.35
678568 1.17312 48 0 1.4 1.35
678568 1.17312 60 55 1.4 1.35
678568 1.17312 60 0 1.4 1.35
678568 1.17312 100 0 1.4 1.35
677795 1.18133 12 55 1.4 -10
677510 1.23315 24 45 0.8 1.2
676378 1.158 12 42.5 1 -0.3
674020 1.1831 21 62.5 10 1.2
673900 1.14133 24 0 0.6 0.6
673900 1.14133 24 55 0.6 0.6
673517 1.15796 24 45 0.4 0.6
673490 1.14969 24 45 1.2 0.9
673437 1.1896 21 45 -0.8 -0.15
672279 1.16228 18 65 1.4 0.3
672123 1.09706 24 65 1 0.15
672123 1.09706 24 65 1 0
671454 1.18198 12 55 1 -0.3
671454 1.18198 12 55 1 0
670730 1.12003 12 0 10 -0.45
670711 1.15767 24 70 0.6 0.6
670184 1.16817 24 60 0.6 0.9
670184 1.16817 24 55 0.6 0.9
669662 1.08352 24 45 0.8 -0.3
669662 1.08352 24 45 0.8 -10
669607 1.12646 12 37.5 10 0
666995 1.08701 24 55 1 -10
666995 1.08701 24 55 1 -0.3
666594 1.12626 12 40 10 0
665814 1.08125 48 45 0.8 -10
665814 1.08125 60 45 0.8 -0.3
665814 1.08125 100 45 0.8 -0.3
665814 1.08125 48 45 0.8 -0.3
665814 1.08125 60 45 0.8 -10
665814 1.08125 100 45 0.8 -10
665713 1.23736 18 50 10 1.2
665138 1.23089 24 65 1 1.2
665138 1.23089 24 67.5 1 1.2
664940 1.12587 12 37.5 10 -0.15
664564 1.14777 100 70 1.4 1.2
664564 1.14777 60 70 1.4 1.2
664564 1.14777 48 70 1.4 1.2
664465 1.10225 24 60 0.6 0.3
664416 1.18012 12 55 1 -10
663893 1.15194 12 42.5 0.6 -10
663893 1.15194 12 42.5 0.6 -0.45
663076 1.11012 18 50 0.6 -0.45
663076 1.11012 18 50 0.6 -0.3
662964 1.20307 12 45 1.2 0.45
662708 1.18184 21 65 10 1.2
662216 1.11529 18 50 0.6 0
661446 1.17077 12 37.5 0.6 -0.15
661027 1.09673 24 60 1 0.15
660058 1.23007 24 55 1 1.2
660058 1.23007 24 60 1 1.2
660058 1.23007 24 0 1 1.2
659691 1.08075 100 0 1 0.15
659691 1.08075 48 0 1 0.15
659691 1.08075 36 0 1 0.15
659691 1.08075 60 0 1 0.15
659195 1.05533 18 0 0.6 -10
659037 1.10727 21 45 0.4 -0.45
659037 1.10727 21 45 0.4 -0.3
657306 1.12538 12 40 10 -0.15
656751 1.17035 12 40 0.6 -0.15
656041 1.16086 18 65 1 0.3
655220 1.16631 24 65 0.6 0.9
654801 1.1385 18 62.5 0.6 0
653490 1.15756 15 57.5 0.6 -10
653490 1.15756 15 57.5 0.6 -0.45
653490 1.15756 15 57.5 0.6 -0.3
652572 1.16811 24 0 -0.6 0.45
652222 1.09616 24 60 1 0
651479 1.09637 24 0 0.6 0.3
651266 1.15322 18 65 1.4 0
650506 1.17642 24 45 0.4 0.9
647920 1.16811 12 0 0.6 -0.15
647872 1.23519 18 57.5 10 1.2
647872 1.23519 18 55 10 1.2
647124 1.15885 12 50 0.6 -0.45
647124 1.15885 12 50 0.6 -10
646265 1.2174 24 65 0.6 1.05
645726 1.12502 12 45 10 0
645570 1.10038 18 45 0.4 -10
645001 1.15794 12 45 0.8 -10
643026 1.12454 12 45 10 -0.15
642445 1.16564 12 45 0.8 -0.3
641972 1.16909 12 42.5 0.6 -0.15
641386 1.07967 60 0 1 0
641386 1.07967 100 0 1 0
641386 1.07967 36 0 1 0
641386 1.07967 48 0 1 0
641291 1.13686 18 62.5 0.6 -10
641291 1.13686 18 62.5 0.6 -0.15
641291 1.13686 18 62.5 0.6 -0.45
641291 1.13686 18 62.5 0.6 -0.3
641262 1.21671 24 60 0.6 1.05
641262 1.21671 24 55 0.6 1.05
640783 1.15625 24 55 -0.6 0.15
640620 1.16804 12 50 0.6 -0.3
640620 1.16804 12 50 0.6 -0.15
640413 1.09011 24 45 0.4 0
639878 1.12094 12 0 10 -0.3
638610 1.16676 24 65 -0.6 0.15
637838 1.1515 18 65 1.4 -10
637838 1.1515 18 65 1.4 -0.3
637746 1.12083 12 37.5 10 -0.3
636992 1.07914 100 45 1.2 0
636992 1.07914 60 45 1.2 0
636992 1.07914 48 45 1.2 0
636992 1.07914 36 45 1.2 0
636859 1.16674 12 40 0.6 0
636859 1.16674 12 37.5 0.6 0
636859 1.16674 12 0 0.6 0
636826 1.15107 18 62.5 0.6 0.3
636094 1.16666 12 42.5 0.6 0
635657 1.15187 18 65 1 0
634359 1.15112 21 57.5 1 0.45
633934 1.10724 18 50 0.6 -10
633272 1.12256 12 37.5 10 -0.45
631591 1.13864 18 60 0.6 0
631536 1.085 24 0 1.4 0
628485 1.16502 12 50 0.6 0
628185 1.12386 12 42.5 10 0
627812 1.16504 24 55 -0.6 0.45
627791 1.04043 21 0 10 -10
626845 1.09041 24 65 1.4 -10
626524 1.16316 15 60 1.4 -0.3
626524 1.16316 15 60 1.4 -10
625789 1.15659 18 65 1.4 0.45
625729 1.12171 12 45 10 -0.3
625694 1.11183 15 0 -0.6 -10
625235 1.08217 36 60 1.4 -10
625235 1.08217 36 60 1.4 0
624848 1.13623 15 0 0.6 0
624704 1.16907 15 57.5 0.6 0.3
624504 1.11993 12 40 10 -0.3
623892 1.05065 18 0 1.4 -10
623309 1.0952 24 60 0.6 0
623057 1.0697 24 60 10 0.45
622712 1.16541 24 60 -0.6 0.15
622493 1.15015 18 65 1 -10
622493 1.15015 18 65 1 -0.3
622333 1.15453 24 55 -0.6 0
622221 1.14995 21 55 1 0.45
622032 1.19478 21 57.5 0.6 0.6
620363 1.12303 12 42.5 10 -0.15
620001 1.16494 24 65 -0.6 0
619563 1.15963 15 60 1.4 0.15
618699 1.158 18 65 1.4 0.15
616305 1.14972 18 60 0.6 0.3
614928 1.09811 24 65 0.6 0
613280 1.10259 24 65 0.6 0.3
613265 1.12091 12 37.5 10 -10
612408 1.18514 24 60 1.4 1.05
612408 1.18514 24 0 1.4 1.05
612408 1.18514 24 65 1.4 1.05
612408 1.18514 24 55 1.4 1.05
612148 1.0458 21 0 1.4 -10
611872 1.10199 24 45 0.8 0.45
611055 1.15894 15 60 1.4 0
610914 1.19336 21 55 0.6 0.6
610914 1.19336 21 0 0.6 0.6
610084 1.12105 12 40 10 -10
610084 1.12105 12 40 10 -0.45
609797 1.1614 12 42.5 0.6 -0.3
608912 1.06891 24 60 10 0.3
608204 1.1299 15 0 0.6 -0.15
607371 1.08043 100 55 1 0.15
607371 1.08043 60 55 1 0.15
607371 1.08043 48 55 1 0.15
607371 1.08043 36 55 1 0.15
606786 1.08928 60 70 1 -0.15
606786 1.08928 48 70 1 -0.15
606786 1.08928 48 70 1 -0.45
606786 1.08928 48 70 1 0.3
606786 1.08928 48 70 1 0
606786 1.08928 48 70 1 -10
606786 1.08928 60 70 1 -0.45
606786 1.08928 60 70 1 -10
606786 1.08928 60 70 1 -0.3
606786 1.08928 60 70 1 0.3
606786 1.08928 60 70 1 0
606786 1.08928 36 70 1 0
606786 1.08928 36 70 1 0.3
606786 1.08928 36 70 1 -0.3
606786 1.08928 36 70 1 -0.15
606786 1.08928 36 70 1 -0.45
606786 1.08928 100 70 1 -0.45
606786 1.08928 36 70 1 -10
606786 1.08928 48 70 1 -0.3
606786 1.08928 100 70 1 -10
606786 1.08928 100 70 1 0
606786 1.08928 100 70 1 0.3
606786 1.08928 100 70 1 -0.3
606786 1.08928 100 70 1 -0.15
606757 1.14437 24 0 -0.6 0.15
606554 1.06971 36 55 10 0.6
606430 1.0735 36 45 1.2 -10
606430 1.0735 48 45 1.2 -10
606430 1.0735 60 45 1.2 -10
606430 1.0735 100 45 1.2 -10
604585 1.16359 24 60 -0.6 0
603799 1.15658 18 65 1 0.15
602608 1.1411 18 60 0.6 0.15
601049 1.07886 24 0 1 -0.3
599980 1.23087 18 60 -0.6 0
599975 1.07502 36 0 0.6 -0.45
599304 1.14811 18 75 10 0.3
599304 1.14811 18 75 10 -0.15
599304 1.14811 18 75 10 -0.3
599304 1.14811 18 75 10 -0.45
599304 1.14811 18 75 10 -10
599304 1.14811 18 75 10 0
598648 1.16059 18 62.5 1 0.45
598220 1.09537 36 67.5 0.6 -0.45
598220 1.09537 36 67.5 0.6 -10
598220 1.09537 36 67.5 0.6 -0.3
598220 1.09537 36 67.5 0.6 -0.15
598220 1.09537 36 67.5 0.6 0
596889 1.14931 15 55 0.6 -0.3
596889 1.14931 15 55 0.6 -10
596889 1.14931 15 55 0.6 -0.45
596219 1.08839 36 67.5 1 0.3
596219 1.08839 60 67.5 1 -0.15
596219 1.08839 36 67.5 1 -0.3
596219 1.08839 36 67.5 1 -0.15
596219 1.08839 36 67.5 1 -0.45
596219 1.08839 60 67.5 1 0
596219 1.08839 36 67.5 1 0
596219 1.08839 36 67.5 1 -10
596219 1.08839 60 67.5 1 -0.45
596219 1.08839 48 67.5 1 0
596219 1.08839 48 67.5 1 -0.3
596219 1.08839 100 67.5 1 0
596219 1.08839 48 67.5 1 -10
596219 1.08839 60 67.5 1 0.3
596219 1.08839 100 67.5 1 0.3
596219 1.08839 60 67.5 1 -0.3
596219 1.08839 48 67.5 1 -0.15
596219 1.08839 60 67.5 1 -10
596219 1.08839 100 67.5 1 -10
596219 1.08839 100 67.5 1 -0.3
596219 1.08839 48 67.5 1 0.3
596219 1.08839 48 67.5 1 -0.45
596219 1.08839 100 67.5 1 -0.15
596219 1.08839 100 67.5 1 -0.45
596190 1.21364 21 60 -0.6 0
595822 1.15291 15 0 0.6 0.3
595122 1.1201 12 45 10 -10
594873 1.17971 15 0 -0.6 -0.3
594829 1.11145 18 0 0.6 0
593924 1.17338 21 60 10 1.2
593309 1.13382 18 60 0.6 -10
593309 1.13382 18 60 0.6 -0.3
593002 1.15068 36 45 0.8 1.2
592448 1.06867 36 60 10 0.6
591554 1.11988 12 45 10 -0.45
589969 1.07708 36 0 0.6 -0.15
589300 1.11758 12 42.5 10 -0.3
589269 1.14275 24 0 -0.6 0
589148 1.0687 24 55 10 0.6
589035 1.15656 21 0 0.6 0.45
588966 1.07895 100 60 1.4 -10
588966 1.07895 60 60 1.4 -10
588966 1.07895 48 60 1.4 -10
588966 1.07895 48 60 1.4 0
588966 1.07895 60 60 1.4 0
588966 1.07895 100 60 1.4 0
587646 1.22822 18 60 -0.6 -0.15
586737 1.0739 24 45 1.2 -10
586650 1.07907 36 55 1 0
586650 1.07907 60 55 1 0
586650 1.07907 36 55 1 -0.3
586650 1.07907 60 55 1 -10
586650 1.07907 60 55 1 -0.3
586650 1.07907 36 55 1 -10
586650 1.07907 48 55 1 -10
586650 1.07907 48 55 1 0
586650 1.07907 100 55 1 0
586650 1.07907 48 55 1 -0.3
586650 1.07907 100 55 1 -0.3
586650 1.07907 100 55 1 -10
585845 1.15549 15 57.5 0.6 0
585845 1.15549 15 57.5 0.6 -0.15
585527 1.0738 100 0 0.6 -0.45
585527 1.0738 48 0 0.6 -0.45
585527 1.0738 60 0 0.6 -0.45
585309 1.09922 21 45 0.4 -10
585036 1.07941 36 55 1.4 0
585036 1.07941 36 55 1.4 -10
584904 1.15044 18 50 1 0.45
584331 1.04582 21 0 1 -10
584028 1.08448 36 67.5 1.4 0
584028 1.08448 36 67.5 1.4 -10
583821 1.21118 21 60 -0.6 -0.15
583523 1.06965 24 67.5 10 -0.15
583523 1.06965 24 67.5 10 -0.45
583523 1.06965 24 67.5 10 0
583523 1.06965 24 67.5 10 -0.3
583523 1.06965 24 67.5 10 0.3
583523 1.06965 24 67.5 10 -10
582667 1.24389 24 70 0.6 1.2
580784 1.07818 24 0 0.6 -0.3
580466 1.1454 18 57.5 0.6 0.3
579498 1.1595 18 60 1 0.45
579398 1.16492 21 57.5 0.6 0.45
578758 1.22079 12 0 -0.6 -0.45
578754 1.07521 36 0 1 -0.3
578754 1.07521 100 0 1 -0.3
578754 1.07521 48 0 1 -0.3
578754 1.07521 60 0 1 -0.3
578156 1.08749 36 70 1.4 -10
578156 1.08749 36 70 1.4 0
577558 1.08599 60 0 1 0.45
577558 1.08599 36 0 1 0.45
577558 1.08599 100 0 1 0.45
577558 1.08599 48 0 1 0.45
577516 1.10832 18 65 10 0.6
577319 1.12882 36 45 -0.8 0.45
577014 1.08677 24 65 1 -10
575962 1.17276 36 60 1.4 1.35
575759 1.07581 100 0 0.6 -0.15
575759 1.07581 48 0 0.6 -0.15
575759 1.07581 60 0 0.6 -0.15
575722 1.1187 12 42.5 10 -10
575722 1.1187 12 42.5 10 -0.45
575107 1.14349 21 65 10 0.9
573663 1.17168 100 60 1 1.35
573663 1.17168 48 60 1 1.35
573663 1.17168 60 60 1 1.35
573663 1.17168 36 60 1 1.35
571939 1.0775 24 70 10 0
571939 1.0775 24 70 10 -10
571939 1.0775 24 70 10 -0.15
571939 1.0775 24 70 10 0.3
571939 1.0775 24 70 10 -0.3
571939 1.0775 24 70 10 -0.45
571509 1.15806 24 55 -0.6 0.3
570212 1.09059 24 55 0.6 0
569408 1.1694 24 65 -0.6 0.45
569408 1.1694 24 65 -0.6 0.3
569278 1.07575 36 0 0.6 -0.3
569250 1.14513 12 0 -0.6 -10
568807 1.07578 36 0 0.6 0
568663 1.12813 36 0 -0.6 0.45
567651 1.13699 18 57.5 0.6 0.15
564461 1.17887 24 45 1.2 1.05
562462 1.16502 15 62.5 1.4 0.3
561286 1.16515 15 62.5 1.4 0.45
561169 1.17933 12 65 10 0.3
560983 1.14514 36 75 0.6 -0.15
560983 1.14514 36 75 0.6 -10
560983 1.14514 36 75 0.6 -0.3
560983 1.14514 36 75 0.6 0.3
560983 1.14514 36 75 0.6 -0.45
560983 1.14514 36 75 0.6 0
559927 1.08587 24 60 1 -10
556751 1.21133 18 60 -0.6 -0.45
556751 1.21133 18 60 -0.6 -10
556751 1.21133 18 60 -0.6 -0.3
555563 1.07447 60 0 0.6 -0.3
555563 1.07447 48 0 0.6 -0.3
555563 1.07447 100 0 0.6 -0.3
555436 1.16796 24 60 -0.6 0.3
555104 1.07451 100 0 0.6 0
555104 1.07451 60 0 0.6 0
555104 1.07451 48 0 0.6 0
554056 1.13636 12 55 10 0.3
553589 1.19339 18 45 -0.8 0
552939 1.19655 21 60 -0.6 -0.3
552939 1.19655 21 60 -0.6 -0.45
552939 1.19655 21 60 -0.6 -10
552062 1.15732 15 55 0.6 0.3
551130 1.07618 60 55 1.4 -10
551130 1.07618 100 55 1.4 -10
551130 1.07618 60 55 1.4 0
551130 1.07618 100 55 1.4 0
551130 1.07618 48 55 1.4 -10
551130 1.07618 48 55 1.4 0
550149 1.08112 48 67.5 1.4 0
550149 1.08112 48 67.5 1.4 -10
550149 1.08112 100 67.5 1.4 0
550149 1.08112 60 67.5 1.4 0
550149 1.08112 60 67.5 1.4 -10
550149 1.08112 100 67.5 1.4 -10
549807 1.16238 15 45 0.8 0.45
549543 1.10179 24 60 1 0.45
548352 1.11803 36 55 -0.6 0.15
548352 1.11803 36 55 -0.6 0
548050 1.16358 12 65 10 -0.3
548050 1.16358 12 65 10 -10
547711 1.19302 18 55 -0.6 0
547177 1.1254 36 55 -0.6 0.45
545924 1.26062 12 37.5 -0.6 -0.45
545897 1.15493 18 57.5 1 0.45
545089 1.12042 15 45 0.4 -0.3
544840 1.1666 36 65 1.4 1.35
544840 1.1666 36 67.5 1.4 1.35
544758 1.06628 36 45 10 0.6
544637 1.084 60 70 1.4 -10
544637 1.084 48 70 1.4 -10
544637 1.084 100 70 1.4 -10
544637 1.084 60 70 1.4 0
544637 1.084 48 70 1.4 0
544637 1.084 100 70 1.4 0
544305 1.17945 21 55 -0.6 0
542999 1.16079 21 55 0.6 0.45
542675 1.16552 36 65 1 1.35
542675 1.16552 60 65 1 1.35
542675 1.16552 100 65 1 1.35
542675 1.16552 48 65 1 1.35
542574 1.16667 48 60 1.4 1.35
542574 1.16667 60 60 1.4 1.35
542574 1.16667 100 60 1.4 1.35
541141 1.1623 15 62.5 1 0.3
541059 1.19527 15 65 1.4 0.3
540435 1.06326 36 60 10 0.45
539337 1.09501 36 67.5 0.6 0.3
538864 1.12414 18 50 0.6 0.3
538797 1.07586 24 45 0.4 -10
538639 1.16288 18 45 -0.8 -0.45
537687 1.25826 15 60 10 0.9
537402 1.25992 12 40 -0.6 -0.45
536378 1.19055 18 55 -0.6 -0.15
535991 1.15374 18 55 1 0.45
535989 1.12842 12 0 10 0.3
535255 1.14678 15 55 0.6 0
535255 1.14678 15 55 0.6 -0.15
535109 1.0849 24 60 0.6 -10
534598 1.15422 36 45 0.4 1.2
533865 1.1782 15 62.5 0.6 0.3
533095 1.17716 21 55 -0.6 -0.15
532968 1.2478 15 55 -0.6 -0.3
532968 1.2478 15 55 -0.6 -0.45
532968 1.2478 15 55 -0.6 -10
532490 1.08791 100 67.5 0.6 -10
532490 1.08791 100 67.5 0.6 -0.45
532490 1.08791 48 67.5 0.6 -0.15
532490 1.08791 60 67.5 0.6 -10
532490 1.08791 48 67.5 0.6 -0.3
532490 1.08791 48 67.5 0.6 -10
532490 1.08791 60 67.5 0.6 -0.3
532490 1.08791 100 67.5 0.6 -0.15
532490 1.08791 60 67.5 0.6 -0.15
532490 1.08791 48 67.5 0.6 0
532490 1.08791 48 67.5 0.6 -0.45
532490 1.08791 100 67.5 0.6 -0.3
532490 1.08791 60 67.5 0.6 0
532490 1.08791 60 67.5 0.6 -0.45
532490 1.08791 100 67.5 0.6 0
532447 1.16125 12 65 10 0
532223 1.16476 24 60 -0.6 0.45
532139 1.1655 21 45 -0.8 -0.45
532128 1.16195 15 60 1 0.3
531223 1.17446 12 65 10 0.45
530327 1.06338 36 0 10 0.6
529832 1.064 24 60 10 0.15
529452 1.12316 18 0 0.6 0.3
529099 1.06526 24 45 10 0.6
528938 1.16676 12 45 0.4 -0.15
528752 1.09972 24 65 1 0.45
528647 1.25843 12 40 -0.6 -10
528173 1.06247 36 60 10 0.3
527930 1.19267 15 65 1 0.3
527919 1.08738 24 65 0.6 -10
527843 1.13842 60 45 0.8 1.2
527843 1.13842 100 45 0.8 1.2
527843 1.13842 48 45 0.8 1.2
527651 1.06261 36 55 10 0.45
527454 1.12767 12 40 10 0.3
527454 1.12767 12 37.5 10 0.3
526479 1.13807 60 70 1 1.2
526479 1.13807 100 70 1 1.2
526479 1.13807 48 70 1 1.2
526479 1.13807 36 70 1 1.2
525274 1.11761 36 45 -0.8 0.15
525184 1.17783 15 60 0.6 0.3
524488 1.13774 60 67.5 1 1.2
524488 1.13774 36 67.5 1 1.2
524488 1.13774 100 65 1 1.2
524488 1.13774 36 65 1 1.2
524488 1.13774 48 67.5 1 1.2
524488 1.13774 100 67.5 1 1.2
524488 1.13774 48 65 1 1.2
524488 1.13774 60 65 1 1.2
520774 1.10451 24 0 0.6 0.45
520746 1.06266 48 55 10 0.6
520416 1.1371 36 0 1 1.2
520416 1.1371 36 60 1 1.2
520416 1.1371 60 55 1 1.2
520416 1.1371 48 0 1 1.2
520416 1.1371 48 60 1 1.2
520416 1.1371 100 60 1 1.2
520416 1.1371 100 0 1 1.2
520416 1.1371 48 55 1 1.2
520416 1.1371 60 0 1 1.2
520416 1.1371 36 55 1 1.2
520416 1.1371 60 60 1 1.2
520416 1.1371 100 55 1 1.2
520210 1.25608 12 37.5 -0.6 -10
519960 1.15555 12 45 0.4 -10
519284 1.18717 18 57.5 -0.6 0
518062 1.16359 12 45 0.4 -0.3
517951 1.12686 12 45 10 0.3
517910 1.06519 24 65 10 0.45
517587 1.0632 24 60 10 0
517587 1.0632 24 60 10 -10
517266 1.13259 12 50 10 0.3
516688 1.15529 12 45 0.4 -0.45
515855 1.174 21 57.5 -0.6 0
514901 1.13744 24 65 -0.6 -10
514901 1.13744 24 65 -0.6 -0.3
513718 1.17037 15 60 0.6 -10
513718 1.17037 15 60 0.6 -0.3
513534 1.17307 15 65 1.4 -0.3
513534 1.17307 15 65 1.4 -10
513534 1.17307 15 65 1.4 0
513464 1.10871 18 45 0.4 0
513242 1.16051 60 67.5 1.4 1.35
513242 1.16051 48 65 1.4 1.35
513242 1.16051 100 65 1.4 1.35
513242 1.16051 48 67.5 1.4 1.35
513242 1.16051 100 67.5 1.4 1.35
513242 1.16051 60 65 1.4 1.35
513209 1.1264 12 42.5 10 0.3
513029 1.11437 12 50 10 0.15
512578 1.15581 18 45 -0.8 -0.3
512504 1.06163 24 55 10 0.45
512153 1.16455 15 62.5 0.6 0.15
512152 1.16462 15 62.5 0.6 0
512152 1.16462 15 62.5 0.6 -0.3
512152 1.16462 15 62.5 0.6 -10
511792 1.06193 60 55 10 0.6
511792 1.06193 100 55 10 0.6
508757 1.17289 18 55 -0.6 -10
508667 1.06161 48 60 10 0.6
508634 1.18471 18 57.5 -0.6 -0.15
507979 1.17275 18 55 -0.6 -0.3
507979 1.17275 18 55 -0.6 -0.45
507076 1.17129 18 60 0.6 0.45
507041 1.1726 12 65 10 0.15
506574 1.11614 15 45 0.4 -0.45
506574 1.11614 15 45 0.4 -10
506392 1.15843 21 45 -0.8 -0.3
505676 1.16144 21 55 -0.6 -10
505202 1.1717 21 57.5 -0.6 -0.15
504936 1.1613 21 55 -0.6 -0.3
504936 1.1613 21 55 -0.6 -0.45
504842 1.09696 24 55 1 0.45
504242 1.16426 15 60 0.6 0.15
503994 1.242 15 57.5 -0.6 -0.3
503994 1.242 15 57.5 -0.6 -10
503994 1.242 15 57.5 -0.6 -0.45
503577 1.18807 15 65 1.4 0.45
503032 1.11511 36 45 -0.8 0
502855 1.13789 12 55 10 0.45
501809 1.09596 36 72.5 1.4 -10
501809 1.09596 36 72.5 1.4 0
501742 1.24366 15 55 10 0.9
501439 1.07801 36 65 1.4 0
501439 1.07801 36 65 1.4 -10
501082 1.17094 15 65 1 -0.3
501082 1.17094 15 65 1 -10
501082 1.17094 15 65 1 0
501050 1.11429 18 57.5 0.6 0
500862 1.2435 15 57.5 10 0.9
499933 1.06088 100 60 10 0.6
499933 1.06088 60 60 10 0.6
498949 1.14093 36 45 0.4 1.05
498680 1.11926 36 45 -0.8 0.3
498391 1.06383 24 65 10 0.3
498094 1.19047 18 60 10 1.2
498051 1.11919 36 55 -0.6 0.3
497691 1.37254 12 65 1.4 0.3
497565 1.11472 18 55 0.6 0
497422 1.06253 36 67.5 10 -0.15
497422 1.06253 36 67.5 10 -0.3
497422 1.06253 36 67.5 10 0
497422 1.06253 36 67.5 10 -0.45
497422 1.06253 36 67.5 10 0.3
497422 1.06253 36 67.5 10 -10
497293 1.11914 36 0 -0.6 0.3
496755 1.12621 18 55 0.6 0.3
496515 1.37236 12 65 1 0.3
496193 1.12555 24 55 -0.6 -10
495517 1.12543 24 55 -0.6 -0.3
494841 1.10571 36 72.5 0.6 0
494841 1.10571 36 72.5 0.6 -0.3
494841 1.10571 36 72.5 0.6 -0.15
494841 1.10571 36 72.5 0.6 -0.45
494841 1.10571 36 72.5 0.6 -10
493647 1.07688 60 65 1 -10
493647 1.07688 48 65 1 -10
493647 1.07688 48 65 1 0
493647 1.07688 36 65 1 0
493647 1.07688 60 65 1 0
493647 1.07688 36 65 1 -10
493647 1.07688 100 65 1 0
493647 1.07688 100 65 1 -10
493584 1.11223 12 50 10 0
493481 1.07017 36 0 1.4 0
493259 1.06861 24 67.5 10 0.6
492578 1.16293 15 60 0.6 0
491533 1.11171 12 50 10 -0.3
491097 1.15647 15 62.5 1.4 -0.3
491097 1.15647 15 62.5 1.4 0
491097 1.15647 15 62.5 1.4 -10
490893 1.12639 15 45 0.4 -0.15
490728 1.19993 12 55 0.6 0.3
489527 1.08029 24 55 0.6 -10
489342 1.11182 36 55 -0.6 -10
489342 1.11182 36 55 -0.6 -0.3
489066 1.18784 15 65 1.4 0.15
489051 1.13982 15 45 0.4 0
488792 1.17259 12 45 0.4 0
488407 1.11093 12 50 10 -10
487323 1.16335 15 0 -0.6 -0.45
486870 1.11961 36 60 -0.6 0
486870 1.11961 36 60 -0.6 0.15
486356 1.15578 15 62.5 1.4 0.15
486199 1.27243 12 65 1.4 -0.3
486199 1.27243 12 65 1.4 -10
486161 1.17264 36 72.5 0.6 1.2
486080 1.13037 21 75 10 0
486080 1.13037 21 75 10 -0.3
486080 1.13037 21 75 10 0.3
486080 1.13037 21 75 10 -0.15
486080 1.13037 21 75 10 -0.45
486080 1.13037 21 75 10 -10
485859 1.11877 18 55 0.6 0.15
484466 1.09976 36 45 0.8 0.6
483274 1.16384 36 75 1.4 1.2
482636 1.06921 36 45 0.4 -10
481647 1.16726 18 57.5 -0.6 -10
481647 1.16726 18 57.5 -0.6 -0.3
481647 1.16726 18 57.5 -0.6 -0.45
481546 1.14155 36 75 0.6 0.6
481468 1.13225 24 60 -0.6 -10
481468 1.13225 24 60 -0.6 -0.3
481136 1.12397 12 55 10 0.15
480073 1.08721 48 67.5 0.6 0.3
480073 1.08721 100 67.5 0.6 0.3
480073 1.08721 60 67.5 0.6 0.3
478983 1.20378 15 0 -0.6 -0.15
478473 1.15616 21 57.5 -0.6 -10
478473 1.15616 21 57.5 -0.6 -0.3
478473 1.15616 21 57.5 -0.6 -0.45
478244 1.06208 24 0 10 0.6
477930 1.05933 36 55 10 0.3
477874 1.13554 12 50 10 0.45
477695 1.16616 18 57.5 0.6 0.45
477666 1.04524 21 0 0.6 -10
477126 1.18524 15 65 1 0.15
476954 1.19648 12 42.5 0.6 0.3
476954 1.19648 12 40 0.6 0.3
476954 1.19648 12 50 0.6 0.3
476954 1.19648 12 0 0.6 0.3
476954 1.19648 12 37.5 0.6 0.3
476324 1.21527 12 42.5 1 0.45
475857 1.14102 48 45 0.4 1.2
475857 1.14102 60 45 0.4 1.2
475857 1.14102 100 45 0.4 1.2
475476 1.0838 36 45 0.8 0.45
475323 1.14343 36 65 0.6 1.2
475323 1.14343 36 67.5 0.6 1.2
474775 1.11355 100 45 -0.8 0.45
474775 1.11355 48 45 -0.8 0.45
474775 1.11355 60 45 -0.8 0.45
474765 1.08111 36 65 0.6 -10
474765 1.08111 36 65 0.6 0
474445 1.17079 21 45 -0.8 0
473277 1.17044 36 70 1.4 1.35
472753 1.09197 60 72.5 1.4 -10
472753 1.09197 100 72.5 1.4 0
472753 1.09197 60 72.5 1.4 0
472753 1.09197 48 72.5 1.4 0
472753 1.09197 48 72.5 1.4 -10
472753 1.09197 100 72.5 1.4 -10
472586 1.15375 15 62.5 1 0
472586 1.15375 15 62.5 1 -10
472586 1.15375 15 62.5 1 -0.3
472396 1.07465 100 65 1.4 -10
472396 1.07465 60 65 1.4 0
472396 1.07465 48 65 1.4 -10
472396 1.07465 100 65 1.4 0
472396 1.07465 60 65 1.4 -10
472396 1.07465 48 65 1.4 0
472306 1.26959 12 65 1.4 0
471701 1.07596 24 70 10 0.6
471639 1.14274 36 0 0.6 1.2
471639 1.14274 36 60 0.6 1.2
471639 1.14274 36 55 0.6 1.2
471008 1.06794 100 45 0.4 -10
471008 1.06794 48 45 0.4 -10
471008 1.06794 60 45 0.4 -10
470638 1.10947 18 57.5 0.6 -10
470638 1.10947 18 57.5 0.6 -0.3
470360 1.09951 21 45 0.4 0
468290 1.07592 36 0 0.6 0.3
468086 1.15306 15 62.5 1 0.15
468025 1.26953 12 65 1 -10
468025 1.26953 12 65 1 -0.3
467974 1.11 18 55 0.6 -10
467685 1.11286 100 0 -0.6 0.45
467685 1.11286 48 0 -0.6 0.45
467685 1.11286 60 0 -0.6 0.45
467340 1.10989 18 55 0.6 -0.3
466933 1.06745 36 70 10 -0.15
466933 1.06745 36 70 10 -10
466933 1.06745 36 70 10 -0.3
466933 1.06745 36 70 10 -0.45
466933 1.06745 36 70 10 0.3
466933 1.06745 36 70 10 0
464875 1.12229 12 55 10 0
464875 1.12229 12 55 10 -0.3
464850 1.06707 48 0 1.4 0
464850 1.06707 100 0 1.4 0
464850 1.06707 60 0 1.4 0
464234 1.05834 24 55 10 0.3
464190 1.05898 48 45 10 0.6
464014 1.08237 100 45 0.8 0.45
464014 1.08237 48 45 0.8 0.45
464014 1.08237 60 45 0.8 0.45
463976 1.05644 48 60 10 0.45
463794 1.07433 36 60 1 -10
463794 1.07433 60 60 1 -10
463794 1.07433 48 60 1 -10
463794 1.07433 100 60 1 -10
463794 1.07433 48 60 1 0
463794 1.07433 36 60 1 0
463794 1.07433 60 60 1 0
463794 1.07433 100 60 1 0
463104 1.36323 12 65 1.4 0.45
462109 1.18218 12 55 0.6 0.15
460773 1.15585 15 60 1 -10
460773 1.15585 15 60 1 -0.3
460734 1.16146 18 65 1 0.45
459995 1.12078 12 55 10 -10
459595 1.05756 36 60 10 0.15
457902 1.06067 24 65 10 -0.3
457902 1.06067 24 65 10 -10
457902 1.06067 24 65 10 0.15
457902 1.06067 24 65 10 0
457651 1.08492 48 45 1.2 0.6
457651 1.08492 100 45 1.2 0.6
457651 1.08492 60 45 1.2 0.6
457651 1.08492 36 45 1.2 0.6
457211 1.09969 48 72.5 0.6 -0.3
457211 1.09969 60 72.5 0.6 -0.45
457211 1.09969 60 72.5 0.6 -0.15
457211 1.09969 48 72.5 0.6 -10
457211 1.09969 60 72.5 0.6 -0.3
457211 1.09969 48 72.5 0.6 -0.45
457211 1.09969 100 72.5 0.6 0
457211 1.09969 100 72.5 0.6 -10
457211 1.09969 60 72.5 0.6 -10
457211 1.09969 48 72.5 0.6 -0.15
457211 1.09969 100 72.5 0.6 -0.3
457211 1.09969 48 72.5 0.6 0
457211 1.09969 60 72.5 0.6 0
457211 1.09969 100 72.5 0.6 -0.15
457211 1.09969 100 72.5 0.6 -0.45
457005 1.07455 48 0 0.6 0.3
457005 1.07455 100 0 0.6 0.3
457005 1.07455 60 0 0.6 0.3
456745 1.15813 15 55 1 0.45
456623 1.09144 36 70 0.6 -10
456623 1.09144 36 70 0.6 -0.45
456623 1.09144 36 70 0.6 -0.15
456623 1.10748 36 67.5 0.6 0.6
456623 1.09144 36 70 0.6 -0.3
456623 1.09144 36 70 0.6 0
456315 1.11245 36 72.5 1.4 0.9
456243 1.15807 15 57.5 1 0.45
456237 1.05825 100 45 10 0.6
456237 1.05825 60 45 10 0.6
456002 1.05573 100 60 10 0.45
456002 1.05573 60 60 10 0.45
455580 1.15212 15 60 1 0.15
455319 1.18292 12 55 0.6 -10
455284 1.15686 100 75 1.4 1.2
455284 1.15686 48 75 1.4 1.2
455284 1.15686 60 75 1.4 1.2
454743 1.11405 24 0 10 1.2
454620 1.2667 12 65 1 0
454260 1.06529 24 65 10 0.6
453466 1.05565 48 60 10 0.3
453022 1.05579 48 55 10 0.45
452947 1.05743 36 45 10 0.45
452878 1.05884 36 65 10 0.45
451572 1.19492 21 70 10 1.2
450957 1.10356 60 55 -0.6 0
450957 1.10356 100 55 -0.6 0.15
450957 1.10356 48 55 -0.6 0
450957 1.10356 60 55 -0.6 0.15
450957 1.10356 100 55 -0.6 0
450957 1.10356 48 55 -0.6 0.15
450537 1.08478 36 0 1.4 0.6
450311 1.05621 48 0 10 0.6
450000 1.11035 36 72.5 0.6 0.6
449994 1.11013 60 55 -0.6 0.45
449994 1.11013 100 55 -0.6 0.45
449994 1.11013 48 55 -0.6 0.45
449780 1.36447 12 65 1.4 0.15
449532 1.18039 12 55 0.6 -0.3
449532 1.18039 12 55 0.6 0
449396 1.15139 15 60 1 0
449305 1.14835 36 72.5 10 1.35
449091 1.22366 18 45 -0.8 0.3
448960 1.05676 36 60 10 0
448960 1.05676 36 60 10 -10
448306 1.16182 18 55 0.6 0.45
448042 1.13225 36 65 0.6 1.05
446066 1.1098 36 72.5 0.6 0.3
445811 1.1638 100 70 1.4 1.35
445811 1.1638 48 70 1.4 1.35
445811 1.1638 60 70 1.4 1.35
445689 1.05494 60 60 10 0.3
445689 1.05494 100 60 10 0.3
445499 1.23093 15 62.5 0.6 0.45
445349 1.06876 36 45 0.4 0
445246 1.05508 60 55 10 0.45
445246 1.05508 100 55 10 0.45
444600 1.13165 36 55 0.6 1.05
444600 1.13165 36 60 0.6 1.05
444306 1.10641 36 55 0.6 0.75
444306 1.10641 36 60 0.6 0.75
444123 1.12949 100 45 0.4 1.05
444123 1.12949 60 45 0.4 1.05
444123 1.12949 48 45 0.4 1.05
443384 1.09463 36 72.5 1 -0.3
443384 1.09463 36 72.5 1 0.3
443384 1.09463 100 72.5 1 -0.3
443384 1.09463 60 72.5 1 0.3
443384 1.09463 100 72.5 1 -0.15
443384 1.09463 36 72.5 1 0
443384 1.09463 100 72.5 1 0.3
443384 1.09463 100 72.5 1 0
443384 1.09463 60 72.5 1 -0.45
443384 1.09463 60 72.5 1 0
443384 1.09463 100 72.5 1 -0.45
443384 1.09463 48 72.5 1 0.3
443384 1.09463 60 72.5 1 -0.15
443384 1.09463 48 72.5 1 0
443384 1.09463 36 72.5 1 -0.15
443384 1.09463 36 72.5 1 -0.45
443384 1.09463 48 72.5 1 -0.15
443384 1.09463 60 72.5 1 -10
443384 1.09463 48 72.5 1 -0.3
443384 1.09463 100 72.5 1 -10
443384 1.09463 48 72.5 1 -10
443384 1.09463 36 72.5 1 -10
443384 1.09463 48 72.5 1 -0.45
443384 1.09463 60 72.5 1 -0.3
442537 1.0555 100 0 10 0.6
442537 1.0555 60 0 10 0.6
442501 1.11289 24 45 10 1.2
442184 1.12094 36 60 -0.6 0.3
440945 1.1414 21 45 -0.8 -10
439964 1.05645 24 45 10 0.45
439228 1.09689 48 70 1 0.6
439228 1.09689 60 70 1 0.6
439228 1.09689 36 70 1 0.6
439228 1.09689 100 70 1 0.6
438702 1.20097 15 45 -0.8 -0.3
438667 1.0877 100 0 1 0.6
438667 1.0877 36 0 1 0.6
438667 1.0877 48 0 1 0.6
438667 1.0877 60 0 1 0.6
437350 1.36216 12 65 1 0.15
436447 1.10698 36 0 -0.6 0
436447 1.10698 36 0 -0.6 0.15
435890 1.18571 21 55 -0.6 0.3
435828 1.05748 36 65 10 0.3
435478 1.06986 18 0 -0.6 -10
435459 1.22055 18 0 -0.6 0.3
435232 1.18565 21 0 -0.6 0.3
434653 1.17346 36 55 1.4 1.5
434653 1.17346 36 60 1.4 1.5
434653 1.17346 36 65 1.4 1.5
434653 1.17346 36 0 1.4 1.5
434653 1.17346 36 67.5 1.4 1.5
434618 1.06744 100 45 0.4 0
434618 1.06744 60 45 0.4 0
434618 1.06744 48 45 0.4 0
434532 1.11306 36 60 -0.6 -10
434532 1.11306 36 60 -0.6 -0.3
434450 1.11738 36 72.5 1.4 1.05
434410 1.1296 21 0 -0.6 -0.3
433681 1.10488 36 65 0.6 0.75
432011 1.10314 60 45 -0.8 0.15
432011 1.10314 48 45 -0.8 0.15
432011 1.10314 100 45 -0.8 0.15
430919 1.09575 100 67.5 1 0.6
430919 1.09575 48 67.5 1 0.6
430919 1.09575 36 67.5 1 0.6
430919 1.09575 60 67.5 1 0.6
430720 1.13493 18 45 -0.8 -10
430463 1.10266 36 72.5 1.4 0.6
430029 1.18444 21 45 -0.8 0.3
429913 1.10779 100 72.5 1.4 0.9
429913 1.10779 48 72.5 1.4 0.9
429913 1.10779 60 72.5 1.4 0.9
429658 1.09131 60 45 0.8 0.6
429658 1.09131 48 45 0.8 0.6
429658 1.09131 100 45 0.8 0.6
428610 1.10238 36 72.5 1.4 0.75
427938 1.09681 36 0 10 1.2
427053 1.05548 48 67.5 10 -0.3
427053 1.05548 48 67.5 10 -0.15
427053 1.05548 48 67.5 10 0.3
427053 1.05548 48 67.5 10 -0.45
427053 1.05548 48 67.5 10 -10
427053 1.05548 48 67.5 10 0
426885 1.1705 60 45 1.2 1.5
426885 1.1705 48 60 1 1.5
426885 1.1705 100 45 1.2 1.5
426885 1.1705 100 65 1 1.5
426885 1.1705 48 45 1.2 1.5
426885 1.1705 36 60 1 1.5
426885 1.1705 36 65 1 1.5
426885 1.1705 48 65 1 1.5
426885 1.1705 60 60 1 1.5
426885 1.1705 60 65 1 1.5
426885 1.1705 100 60 1 1.5
426885 1.1705 36 45 1.2 1.5
426306 1.19925 36 75 0.6 1.2
425133 1.11871 36 65 -0.6 0
425133 1.11871 36 65 -0.6 0.15
424965 1.07174 36 60 0.6 -10
424965 1.07174 36 60 0.6 0
424426 1.08113 60 0 1.4 0.6
424426 1.08113 48 0 1.4 0.6
424426 1.08113 100 0 1.4 0.6
424298 1.08587 36 67.5 1.4 0.6
423943 1.15783 18 45 1.2 0.6
423731 1.11812 36 60 -0.6 0.45
423093 1.13023 60 67.5 0.6 1.2
423093 1.13023 60 65 0.6 1.2
423093 1.13023 100 67.5 0.6 1.2
423093 1.13023 100 65 0.6 1.2
423093 1.13023 48 67.5 0.6 1.2
423093 1.13023 48 65 0.6 1.2
422984 1.05496 36 55 10 0.15
422595 1.07396 60 65 0.6 0
422595 1.07396 100 65 0.6 -10
422595 1.07396 60 65 0.6 -10
422595 1.07396 48 65 0.6 0
422595 1.07396 48 65 0.6 -10
422595 1.07396 100 65 0.6 0
420490 1.06097 36 67.5 10 0.6
419867 1.24544 15 45 -0.8 -0.15
419813 1.12953 60 0 0.6 1.2
419813 1.12953 48 0 0.6 1.2
419813 1.12953 100 55 0.6 1.2
419813 1.12953 60 60 0.6 1.2
419813 1.12953 60 55 0.6 1.2
419813 1.12953 48 55 0.6 1.2
419813 1.12953 100 60 0.6 1.2
419813 1.12953 100 0 0.6 1.2
419813 1.12953 48 60 0.6 1.2
419770 1.15577 15 45 0.4 0.3
419722 1.05474 100 67.5 10 -0.3
419722 1.05474 100 67.5 10 -10
419722 1.05474 100 67.5 10 0.3
419722 1.05474 60 67.5 10 -10
419722 1.05474 100 67.5 10 -0.45
419722 1.05474 60 67.5 10 -0.15
419722 1.05474 60 67.5 10 0.3
419722 1.05474 100 67.5 10 -0.15
419722 1.05474 60 67.5 10 0
419722 1.05474 60 67.5 10 -0.45
419722 1.05474 100 67.5 10 0
419722 1.05474 60 67.5 10 -0.3
419156 1.14827 21 75 10 0.6
418400 1.10846 24 45 -0.8 -0.3
418052 1.02836 24 0 1.4 -10
417951 1.37231 21 75 10 1.2
417679 1.13131 100 72.5 1 1.2
417679 1.13131 60 72.5 1 1.2
417679 1.13131 36 72.5 1 1.2
417679 1.13131 48 72.5 1 1.2
417322 1.08906 36 70 1.4 0.6
416894 1.09717 36 65 0.6 0.6
416617 1.21501 18 50 -0.6 0.3
416617 1.21501 18 55 -0.6 0.3
416371 1.09571 36 45 10 1.2
416257 1.08495 36 60 1.4 0.6
415779 1.10399 60 72.5 0.6 0.6
415779 1.10399 48 72.5 0.6 0.6
415779 1.10399 100 72.5 0.6 0.6
415687 1.15689 18 50 1.4 0.6
415687 1.15689 18 0 1.4 0.6
415578 1.08933 36 60 1 0.6
415578 1.08933 48 60 1 0.6
415578 1.08933 60 60 1 0.6
415578 1.08933 100 60 1 0.6
415148 1.15879 21 0 -0.6 0.15
414727 1.07036 48 60 0.6 0
414727 1.07036 100 60 0.6 0
414727 1.07036 60 60 0.6 -10
414727 1.07036 60 60 0.6 0
414727 1.07036 100 60 0.6 -10
414727 1.07036 48 60 0.6 -10
414353 1.12058 18 45 0.4 0.3
414234 1.1077 36 45 0.4 0.75
413735 1.10065 60 45 -0.8 0
413735 1.10065 48 45 -0.8 0
413735 1.10065 100 45 -0.8 0
413684 1.17156 15 62.5 1 0.45
412732 1.07042 36 55 0.6 -10
412732 1.07042 36 55 0.6 0
412575 1.08451 36 65 1.4 0.6
412145 1.10345 100 72.5 0.6 0.3
412145 1.10345 48 72.5 0.6 0.3
412145 1.10345 60 72.5 0.6 0.3
411879 1.11172 21 45 0.4 0.3
411692 1.08886 100 65 1 0.6
411692 1.08886 60 65 1 0.6
411692 1.08886 36 65 1 0.6
411692 1.08886 48 65 1 0.6
411550 1.09091 36 70 0.6 0.3
410892 1.05398 24 55 10 0.15
410326 1.05251 48 55 10 0.3
410120 1.104 100 45 -0.8 0.3
410120 1.104 48 45 -0.8 0.3
410120 1.104 60 45 -0.8 0.3
409602 1.10392 48 55 -0.6 0.3
409602 1.10392 100 55 -0.6 0.3
409602 1.10392 60 55 -0.6 0.3
409521 1.16615 100 60 1.4 1.5
409521 1.16615 100 65 1.4 1.5
409521 1.16615 60 67.5 1.4 1.5
409521 1.16615 48 0 1.4 1.5
409521 1.16615 48 55 1.4 1.5
409521 1.16615 48 60 1.4 1.5
409521 1.16615 60 65 1.4 1.5
409521 1.16615 60 60 1.4 1.5
409521 1.16615 48 67.5 1.4 1.5
409521 1.16615 100 0 1.4 1.5
409521 1.16615 100 55 1.4 1.5
409521 1.16615 48 65 1.4 1.5
409521 1.16615 60 0 1.4 1.5
409521 1.16615 60 55 1.4 1.5
409521 1.16615 100 67.5 1.4 1.5
409260 1.11245 100 72.5 1.4 1.05
409260 1.11245 48 72.5 1.4 1.05
409260 1.11245 60 72.5 1.4 1.05
408994 1.10388 60 0 -0.6 0.3
408994 1.10388 48 0 -0.6 0.3
408994 1.10388 100 0 -0.6 0.3
406871 1.22315 15 60 0.6 0.45
406845 1.12831 18 0 -0.6 -0.3
406448 1.09845 48 67.5 0.6 0.6
406448 1.08327 60 70 0.6 -0.3
406448 1.08327 60 70 0.6 0
406448 1.08327 48 70 0.6 -0.45
406448 1.08327 60 70 0.6 -0.15
406448 1.08327 100 70 0.6 -0.3
406448 1.09845 60 67.5 0.6 0.6
406448 1.08327 60 70 0.6 -10
406448 1.08327 100 70 0.6 -10
406448 1.08327 48 70 0.6 -0.15
406448 1.08327 60 70 0.6 -0.45
406448 1.08327 100 70 0.6 -0.15
406448 1.08327 48 70 0.6 0
406448 1.08327 100 70 0.6 0
406448 1.09845 100 67.5 0.6 0.6
406448 1.08327 48 70 0.6 -0.3
406448 1.08327 48 70 0.6 -10
406448 1.08327 100 70 0.6 -0.45
406444 1.08068 24 60 10 0.9
406009 1.08364 36 55 1.4 0.6
405525 1.09825 100 72.5 1.4 0.6
405525 1.09825 60 72.5 1.4 0.6
405525 1.09825 48 72.5 1.4 0.6
405320 1.08796 100 55 1 0.6
405320 1.08796 48 55 1 0.6
405320 1.08796 36 55 1 0.6
405320 1.08796 60 55 1 0.6
403779 1.09797 48 72.5 1.4 0.75
403779 1.09797 60 72.5 1.4 0.75
403779 1.09797 100 72.5 1.4 0.75
403507 1.09549 60 75 1 0
403507 1.09549 60 75 1 -0.3
403507 1.09549 48 75 1 0.3
403507 1.09549 60 75 1 -0.15
403507 1.09549 60 75 1 0.3
403507 1.09549 100 75 1 -0.3
403507 1.09549 36 75 1 -0.15
403507 1.09549 48 75 1 -0.3
403507 1.09549 36 75 1 -0.3
403507 1.09549 36 75 1 0.3
403507 1.09549 100 75 1 -10
403507 1.09549 36 75 1 0
403507 1.09549 60 75 1 -10
403507 1.09549 100 75 1 -0.45
403507 1.09549 100 75 1 0.3
403507 1.09549 48 75 1 -0.15
403507 1.09549 60 75 1 -0.45
403507 1.09549 36 75 1 -0.45
403507 1.09549 48 75 1 0
403507 1.09549 36 75 1 -10
403507 1.09549 100 75 1 0
403507 1.09549 48 75 1 -0.45
403507 1.09549 48 75 1 -10
403507 1.09549 100 75 1 -0.15
403305 1.0518 100 55 10 0.3
403305 1.0518 60 55 10 0.3
402787 1.06904 60 55 0.6 -10
402787 1.06904 100 55 0.6 0
402787 1.06904 48 55 0.6 0
402787 1.06904 100 55 0.6 -10
402787 1.06904 60 55 0.6 0
402787 1.06904 48 55 0.6 -10
402452 1.09735 48 55 -0.6 -0.3
402452 1.09735 100 55 -0.6 -0.3
402452 1.09735 100 55 -0.6 -10
402452 1.09735 48 55 -0.6 -10
402452 1.09735 60 55 -0.6 -10
402452 1.09735 60 55 -0.6 -0.3
402192 1.07903 48 55 1 0.45
402192 1.07903 60 55 1 0.45
402192 1.07903 100 55 1 0.45
402192 1.07903 36 55 1 0.45
401472 1.09516 36 60 0.6 0.6
401248 1.1638 18 50 1 0.6
401248 1.1638 18 0 1 0.6
400887 1.05988 48 70 10 -0.45
400887 1.05988 48 70 10 0
400887 1.05988 48 70 10 -10
400887 1.05988 48 70 10 0.3
400887 1.05988 48 70 10 -0.15
400887 1.05988 48 70 10 -0.3
400539 1.17936 36 0 -0.6 1.2
400539 1.17936 36 55 -0.6 1.2
400426 1.05432 36 65 10 -0.3
400426 1.05432 36 65 10 0.15
400426 1.05432 36 65 10 0
400426 1.05432 36 65 10 -10
400418 1.10435 100 60 -0.6 0
400418 1.10435 60 60 -0.6 0.15
400418 1.10435 60 60 -0.6 0
400418 1.10435 48 60 -0.6 0
400418 1.10435 100 60 -0.6 0.15
400418 1.10435 48 60 -0.6 0.15
399968 1.10483 24 45 -0.8 -10
399712 1.08206 60 67.5 1.4 0.6
399712 1.08206 48 67.5 1.4 0.6
399712 1.08206 100 67.5 1.4 0.6
398911 1.09558 24 0 -0.6 -0.3
398811 1.12081 60 65 0.6 1.05
398811 1.12081 100 65 0.6 1.05
398811 1.12081 48 65 0.6 1.05
397544 1.10274 48 65 1 0.9
397544 1.10274 60 65 1 0.9
397544 1.10274 100 65 1 0.9
397544 1.10274 100 60 1 0.9
397544 1.10274 36 60 1 0.9
397544 1.10274 36 65 1 0.9
397544 1.10274 60 60 1 0.9
397544 1.10274 48 60 1 0.9
397219 1.05847 36 65 10 0.6
396873 1.17851 36 60 -0.6 1.2
395745 1.1202 100 60 0.6 1.05
395745 1.1202 100 55 0.6 1.05
395745 1.1202 48 60 0.6 1.05
395745 1.1202 60 55 0.6 1.05
395745 1.1202 60 60 0.6 1.05
395745 1.1202 48 55 0.6 1.05
394746 1.10775 24 55 10 1.2
394563 1.05074 48 60 10 0.15
394039 1.09708 100 60 0.6 0.75
394039 1.09708 48 55 0.6 0.75
394039 1.09708 60 60 0.6 0.75
394039 1.09708 60 55 0.6 0.75
394039 1.09708 48 60 0.6 0.75
394039 1.09708 100 55 0.6 0.75
394002 1.05909 60 70 10 -0.45
394002 1.05909 60 70 10 -0.3
394002 1.05909 100 70 10 0
394002 1.05909 60 70 10 0
394002 1.05909 60 70 10 0.3
394002 1.05909 100 70 10 0.3
394002 1.05909 60 70 10 -10
394002 1.05909 60 70 10 -0.15
394002 1.05909 100 70 10 -10
394002 1.05909 100 70 10 -0.3
394002 1.05909 100 70 10 -0.15
394002 1.05909 100 70 10 -0.45
393149 1.08507 48 70 1.4 0.6
393149 1.08507 100 70 1.4 0.6
393149 1.08507 60 70 1.4 0.6
393034 1.06455 36 0 10 0.75
392157 1.08114 100 60 1.4 0.6
392157 1.08114 48 60 1.4 0.6
392157 1.08114 60 60 1.4 0.6
391609 1.15439 21 0 -0.6 0
391568 1.09372 36 0 0.6 0.6
391568 1.09372 36 55 0.6 0.6
390313 1.27741 15 60 -0.6 -0.45
390313 1.27741 15 60 -0.6 -10
390313 1.27741 15 60 -0.6 -0.3
389465 1.06331 21 0 -0.6 -10
389297 1.18395 36 72.5 1.4 1.5
388815 1.05179 48 65 10 0.45
388667 1.0807 60 65 1.4 0.6
388667 1.0807 48 65 1.4 0.6
388667 1.0807 100 65 1.4 0.6
387979 1.10049 36 45 -0.8 -0.3
387979 1.10049 36 45 -0.8 -10
387803 1.05003 100 60 10 0.15
387803 1.05003 60 60 10 0.15
387291 1.10846 60 75 0.6 0.3
387291 1.10846 100 75 0.6 0
387291 1.10846 60 75 0.6 -10
387291 1.10846 100 75 0.6 0.3
387291 1.10846 100 75 0.6 -0.3
387291 1.10846 100 75 0.6 -0.15
387291 1.10846 48 75 0.6 0
387291 1.10846 60 75 0.6 -0.45
387291 1.10846 60 75 0.6 -0.3
387291 1.10846 60 75 0.6 -0.15
387291 1.10846 48 75 0.6 -0.15
387291 1.10846 100 75 0.6 -0.45
387291 1.10846 48 75 0.6 -0.45
387291 1.10846 48 75 0.6 -10
387291 1.10846 48 75 0.6 -0.3
387291 1.10846 60 75 0.6 0
387291 1.10846 100 75 0.6 -10
387291 1.10846 48 75 0.6 0.3
386699 1.05216 36 45 10 0.3
386081 1.12006 36 65 -0.6 0.3
386081 1.12006 36 65 -0.6 0.45
386026 1.09585 100 65 0.6 0.75
386026 1.09585 60 65 0.6 0.75
386026 1.09585 48 65 0.6 0.75
385974 1.05038 48 45 10 0.45
385764 1.13262 48 72.5 10 1.35
385450 1.04994 48 60 10 -10
385450 1.04994 48 60 10 0
385117 1.06511 36 70 10 0.6
384156 1.11023 36 60 0.6 0.9
384156 1.11023 36 55 0.6 0.9
382873 1.1626 18 50 -0.6 0
382754 1.10989 36 65 0.6 0.9
382472 1.07983 48 55 1.4 0.6
382472 1.07983 100 55 1.4 0.6
382472 1.07983 60 55 1.4 0.6
382139 1.05105 100 65 10 0.45
382139 1.05105 60 65 10 0.45
381742 1.06341 24 0 10 0.75
381686 1.19045 36 45 -0.8 1.2
381444 1.02865 24 0 1 -10
381386 1.13688 36 70 0.6 1.2
379372 1.18739 15 45 -0.8 -10
379371 1.11177 36 65 -0.6 -10
379371 1.11177 36 65 -0.6 -0.3
379338 1.04967 60 45 10 0.45
379338 1.04967 100 45 10 0.45
379095 1.13098 100 72.5 10 1.35
379095 1.13098 60 72.5 10 1.35
378822 1.04923 100 60 10 0
378822 1.04923 60 60 10 0
378822 1.04923 60 60 10 -10
378822 1.04923 100 60 10 -10
378707 1.10133 60 72.5 1 0.6
378707 1.10133 48 72.5 1 0.6
378707 1.10133 100 72.5 1 0.6
378707 1.10133 36 72.5 1 0.6
377968 1.16529 15 60 1 0.45
377565 1.17892 36 70 1.4 1.5
377456 1.05137 24 45 10 0.3
376768 1.10245 36 70 0.6 0.6
375961 1.54299 18 75 10 1.2
375955 1.27172 12 50 -0.6 -0.45
375955 1.27172 12 50 -0.6 -10
375940 1.2675 36 55 0.6 1.5
375940 1.2675 36 65 0.6 1.5
375940 1.2675 36 60 0.6 1.5
374160 1.05043 48 65 10 0.3
374072 1.18614 15 45 -0.8 -0.45
373501 1.05052 36 55 10 0
373501 1.05052 36 55 10 -10
373311 1.0907 21 70 1 -0.45
373311 1.0907 21 70 1 -0.3
373311 1.0907 21 70 1 -0.15
373311 1.0907 21 70 1 -10
373311 1.0907 21 70 1 0
371480 1.09086 36 55 10 1.2
371348 1.09355 36 60 1.4 0.9
371348 1.09355 36 0 1.4 0.9
371348 1.09355 36 55 1.4 0.9
371348 1.09355 36 67.5 1.4 0.9
371348 1.09355 36 65 1.4 0.9
371085 1.08859 48 65 0.6 0.6
371085 1.08859 100 65 0.6 0.6
371085 1.08859 60 65 0.6 0.6
370870 1.19835 15 65 1 0.45
370798 1.07499 36 45 10 0.9
370635 1.0897 21 70 1 0.3
370476 1.1403 18 50 -0.6 -0.3
369885 1.07587 36 0 10 0.9
368469 1.09827 36 70 1.4 0.9
367762 1.04969 100 65 10 0.3
367762 1.04969 60 65 10 0.3
367755 1.21717 12 45 0.4 0.3
367410 1.08544 48 0 10 1.2
367377 1.09784 48 45 0.4 0.75
367377 1.09784 100 45 0.4 0.75
367377 1.09784 60 45 0.4 0.75
366791 1.17582 100 72.5 1.4 1.5
366791 1.17582 48 72.5 1.4 1.5
366791 1.17582 60 72.5 1.4 1.5
366324 1.08233 100 70 0.6 0.3
366324 1.08233 48 70 0.6 0.3
366324 1.08233 60 70 0.6 0.3
366259 1.10638 36 45 0.4 0.9
366127 1.09236 48 45 1.2 0.9
366127 1.09236 60 45 1.2 0.9
366127 1.09236 36 45 1.2 0.9
366127 1.09236 100 45 1.2 0.9
365066 1.18929 21 45 0.4 0.6
363729 1.07421 24 45 10 0.9
363688 1.10477 48 60 -0.6 0.3
363688 1.10477 60 60 -0.6 0.3
363688 1.10477 100 60 -0.6 0.3
363471 1.04862 36 0 10 0.3
363176 1.04814 48 55 10 0.15
362819 1.07509 24 0 10 0.9
362776 1.04953 24 55 10 -10
362776 1.04953 24 55 10 0
361670 1.21441 12 50 1 0.45
361099 1.08426 60 0 10 1.2
361099 1.08426 100 0 10 1.2
361005 1.05339 48 67.5 10 0.6
360301 1.26042 36 45 0.4 1.5
360283 1.19512 18 62.5 10 1.2
360027 1.07331 36 55 10 0.9
359763 1.16603 24 72.5 10 1.35
358969 1.09251 48 0 -0.6 0
358969 1.09251 48 0 -0.6 0.15
358969 1.09251 100 0 -0.6 0
358969 1.09251 60 0 -0.6 0.15
358969 1.09251 60 0 -0.6 0
358969 1.09251 100 0 -0.6 0.15
358917 1.23978 36 75 -0.6 1.2
358883 1.14432 100 75 1 1.2
358883 1.14432 60 75 1 1.2
358883 1.14432 48 75 1 1.2
358883 1.14432 36 75 1 1.2
358795 1.21369 12 55 1 0.45
357488 1.08435 48 45 10 1.2
357375 1.09779 48 60 -0.6 -0.3
357375 1.09779 60 60 -0.6 -10
357375 1.09779 48 60 -0.6 -10
357375 1.09779 100 60 -0.6 -0.3
357375 1.09779 60 60 -0.6 -0.3
357375 1.09779 100 60 -0.6 -10
356954 1.04743 60 55 10 0.15
356954 1.04743 100 55 10 0.15
356228 1.20257 15 45 1.2 0.6
356056 1.08629 100 60 0.6 0.6
356056 1.08629 60 60 0.6 0.6
356056 1.08629 48 60 0.6 0.6
355724 1.1708 60 70 1.4 1.5
355724 1.1708 100 70 1.4 1.5
355724 1.1708 48 70 1.4 1.5
354838 1.23692 36 72.5 -0.6 1.2
354811 1.05261 60 67.5 10 0.6
354811 1.05261 100 67.5 10 0.6
354399 1.04898 36 45 10 0.15
354226 1.19336 18 65 10 1.2
354161 1.13599 18 50 -0.6 -10
353662 1.09804 36 45 0.4 0.6
353319 1.08731 21 70 1.4 -0.15
353319 1.08731 21 70 1.4 -0.45
353319 1.08731 21 70 1.4 -0.3
353319 1.08731 21 70 1.4 0
353319 1.08731 21 70 1.4 -10
353223 1.08581 36 0 -0.6 -0.3
353186 1.07253 24 55 10 0.9
353096 1.15942 18 0 -0.6 0
353082 1.20738 12 42.5 -0.6 -0.45
353066 1.08873 36 75 1.4 -10
353066 1.08873 36 75 1.4 0
352529 1.07228 36 60 10 0.9
351360 1.08316 100 45 10 1.2
351360 1.08316 60 45 10 1.2
351263 1.11687 24 67.5 10 1.2
350676 1.08631 21 70 1.4 0.3
349815 1.08914 48 60 1.4 0.9
349815 1.08914 60 55 1.4 0.9
349815 1.08914 48 67.5 1.4 0.9
349815 1.08914 60 67.5 1.4 0.9
349815 1.08914 100 67.5 1.4 0.9
349815 1.08914 60 0 1.4 0.9
349815 1.08914 48 55 1.4 0.9
349815 1.08914 60 65 1.4 0.9
349815 1.08914 60 60 1.4 0.9
349815 1.08914 100 55 1.4 0.9
349815 1.08914 100 0 1.4 0.9
349815 1.08914 48 0 1.4 0.9
349815 1.08914 100 65 1.4 0.9
349815 1.08914 48 65 1.4 0.9
349815 1.08914 100 60 1.4 0.9
349220 1.87413 36 45 0.4 1.8
349170 1.20249 15 0 1.4 0.6
348943 1.12103 36 67.5 -0.6 0
348943 1.12103 36 67.5 -0.6 -10
348943 1.12103 36 67.5 -0.6 -0.15
348943 1.12103 36 67.5 -0.6 -0.3
348943 1.12103 36 67.5 -0.6 -0.45
348812 1.18116 18 50 -0.6 0.15
348489 1.10195 100 60 -0.6 0.45
348489 1.10195 60 60 -0.6 0.45
348489 1.10195 48 60 -0.6 0.45
347269 1.08486 60 55 0.6 0.6
347269 1.08486 100 55 0.6 0.6
347269 1.08486 100 0 0.6 0.6
347269 1.08486 60 0 0.6 0.6
347269 1.08486 48 55 0.6 0.6
347269 1.08486 48 0 0.6 0.6
347146 1.09362 60 70 1.4 0.9
347146 1.09362 100 70 1.4 0.9
347146 1.09362 48 70 1.4 0.9
345951 1.04819 24 45 10 0.15
343774 1.04727 48 65 10 -10
343774 1.04727 48 65 10 0
343774 1.04727 48 65 10 0.15
343774 1.04727 48 65 10 -0.3
343485 1.10244 60 75 1 0.6
343485 1.10244 48 75 1 0.6
343485 1.10244 36 75 1 0.6
343485 1.10244 100 75 1 0.6
343189 1.11707 24 70 10 1.2
342743 1.02321 36 0 1 -10
341031 1.0509 48 65 10 0.6
340694 1.0998 48 60 0.6 0.9
340694 1.0998 100 60 0.6 0.9
340694 1.0998 48 55 0.6 0.9
340694 1.0998 60 55 0.6 0.9
340694 1.0998 100 65 0.6 0.9
340694 1.0998 48 65 0.6 0.9
340694 1.0998 100 55 0.6 0.9
340694 1.0998 60 65 0.6 0.9
340694 1.0998 60 60 0.6 0.9
340194 1.0218 36 0 1.4 -10
339703 1.17992 18 0 -0.6 0.15
339682 1.02889 24 0 0.6 -10
339475 1.12258 48 72.5 0.6 1.2
339475 1.12258 48 70 0.6 1.2
339475 1.12258 100 72.5 0.6 1.2
339475 1.12258 60 72.5 0.6 1.2
339475 1.12258 60 70 0.6 1.2
339475 1.12258 100 70 0.6 1.2
339178 1.20351 12 42.5 -0.6 -10
338655 1.10698 24 65 10 1.2
338318 1.08695 15 65 10 0.6
337876 1.04654 100 65 10 0
337876 1.04654 60 65 10 0.15
337876 1.04654 100 65 10 -10
337876 1.04654 60 65 10 -10
337876 1.04654 100 65 10 0.15
337876 1.04654 60 65 10 0
337876 1.04654 60 65 10 -0.3
337876 1.04654 100 65 10 -0.3
337387 1.05668 48 0 10 0.75
335369 1.09292 60 70 0.6 0.6
335369 1.09292 100 70 0.6 0.6
335369 1.09292 48 70 0.6 0.6
335177 1.05011 100 65 10 0.6
335177 1.05011 60 65 10 0.6
334689 1.09824 36 67.5 10 1.2
334663 1.09959 36 72.5 10 1.2
334441 1.22622 12 45 0.8 0.45
332571 1.08432 48 75 1.4 0
332571 1.08432 60 75 1.4 -10
332571 1.08432 48 75 1.4 -10
332571 1.08432 60 75 1.4 0
332571 1.08432 100 75 1.4 -10
332571 1.08432 100 75 1.4 0
332435 1.10258 100 75 0.6 0.6
332435 1.10258 60 75 0.6 0.6
332435 1.10258 48 75 0.6 0.6
331619 1.05586 60 0 10 0.75
331619 1.05586 100 0 10 0.75
330642 1.05692 48 70 10 0.6
329514 1.04511 48 45 10 0.3
327969 1.07965 36 0 10 1.05
327809 1.45408 12 55 -0.6 -10
324978 1.05607 60 70 10 0.6
324978 1.05607 100 70 10 0.6
324827 1.09595 100 45 0.4 0.9
324827 1.09595 48 45 0.4 0.9
324827 1.09595 60 45 0.4 0.9
324238 1.26316 18 75 10 0.6
323854 1.0444 100 45 10 0.3
323854 1.0444 60 45 10 0.3
321751 1.07605 24 72.5 1.4 0.45
321425 1.10489 36 75 1.4 0.9
320652 1.0437 48 55 10 -10
320652 1.0437 48 55 10 0
319826 1.24823 12 45 -0.8 -0.45
319094 1.08603 60 45 -0.8 -0.3
319094 1.08603 60 45 -0.8 -10
319094 1.08603 48 45 -0.8 -10
319094 1.08603 100 45 -0.8 -10
319094 1.08603 48 45 -0.8 -0.3
319094 1.08603 100 45 -0.8 -0.3
319067 1.44328 12 65 1 0.45
318936 1.07949 48 55 10 1.2
318908 1.09447 100 65 -0.6 0.15
318908 1.09447 100 65 -0.6 0
318908 1.09447 60 65 -0.6 0.15
318908 1.09447 60 65 -0.6 0
318908 1.09447 48 65 -0.6 0
318908 1.09447 48 65 -0.6 0.15
318665 1.08913 36 65 10 1.2
318343 1.0661 48 45 10 0.9
317854 1.04602 24 0 10 0.3
317559 1.06698 48 0 10 0.9
317061 1.07524 24 72.5 1.4 0.3
317003 1.12274 36 67.5 -0.6 0.3
316719 1.34092 48 60 1.4 1.8
316719 1.34092 60 60 1.4 1.8
316719 1.34092 48 72.5 1.4 1.8
316719 1.34092 100 67.5 1.4 1.8
316719 1.34092 100 65 1.4 1.8
316719 1.34092 60 65 1.4 1.8
316719 1.34092 60 70 1.4 1.8
316719 1.34092 100 0 1.4 1.8
316719 1.34092 100 55 1.4 1.8
316719 1.34092 48 55 1.4 1.8
316719 1.34092 48 70 1.4 1.8
316719 1.34092 60 72.5 1.4 1.8
316719 1.34092 48 67.5 1.4 1.8
316719 1.34092 60 67.5 1.4 1.8
316719 1.34092 48 65 1.4 1.8
316719 1.34092 100 72.5 1.4 1.8
316719 1.34092 48 0 1.4 1.8
316719 1.34092 60 55 1.4 1.8
316719 1.34092 60 0 1.4 1.8
316719 1.34092 100 60 1.4 1.8
316719 1.34092 100 70 1.4 1.8
315126 1.04299 60 55 10 0
315126 1.04299 100 55 10 0
315126 1.04299 60 55 10 -10
315126 1.04299 100 55 10 -10
313657 1.08818 48 45 0.4 0.6
313657 1.08818 100 45 0.4 0.6
313657 1.08818 60 45 0.4 0.6
313650 1.07466 24 72.5 1.4 0.15
313650 1.07466 24 72.5 1.4 0
313650 1.07466 24 72.5 1.4 -10
313650 1.07466 24 72.5 1.4 -0.3
313459 1.07831 100 55 10 1.2
313459 1.07831 60 55 10 1.2
313146 1.09437 36 70 10 1.2
312867 1.06517 60 45 10 0.9
312867 1.06517 100 45 10 0.9
312150 1.76804 21 0 10 1.8
312150 1.76804 21 70 10 1.8
312150 1.76804 21 65 10 1.8
312150 1.76804 21 55 10 1.8
312150 1.76804 21 62.5 10 1.8
312150 1.76804 21 45 10 1.8
312150 1.76804 21 60 10 1.8
312150 1.76804 21 57.5 10 1.8
312086 1.06605 100 0 10 0.9
312086 1.06605 60 0 10 0.9
310421 1.24416 12 45 -0.8 -10
309088 1.06442 48 55 10 0.9
309086 1.13879 36 75 10 1.35
308623 1.04168 48 0 10 0.3
306943 1.09608 21 70 0.6 -0.3
306943 1.09608 21 70 0.6 -0.15
306943 1.09608 21 70 0.6 0
306943 1.09608 21 70 0.6 -0.45
306943 1.09608 21 70 0.6 -10
306898 1.11089 36 0 -0.6 0.6
306496 1.45275 36 67.5 1.4 1.8
306496 1.45275 36 0 1.4 1.8
306496 1.45275 36 72.5 1.4 1.8
306496 1.45275 36 65 1.4 1.8
306496 1.45275 36 60 1.4 1.8
306496 1.45275 36 55 1.4 1.8
306496 1.45275 36 70 1.4 1.8
305608 1.14414 24 72.5 1.4 1.2
305512 1.11027 36 45 -0.8 0.6
303775 1.06349 60 55 10 0.9
303775 1.06349 100 55 10 0.9
303526 1.09998 24 60 10 1.2
303311 1.04099 60 0 10 0.3
303311 1.04099 100 0 10 0.3
302900 1.2457 24 60 1.4 1.5
302900 1.2457 24 55 1.4 1.5
302900 1.2457 24 65 1.4 1.5
302900 1.2457 24 0 1.4 1.5
302878 1.02302 36 0 0.6 -10
302781 1.09965 48 75 1.4 0.9
302781 1.09965 100 75 1.4 0.9
302781 1.09965 60 75 1.4 0.9
302663 1.06338 48 60 10 0.9
302031 1.04192 48 45 10 0.15
301963 1.17065 36 67.5 -0.6 1.2
301963 1.17065 36 65 -0.6 1.2
301817 1.09512 36 75 1.4 0.6
301817 1.09512 36 75 1.4 0.75
300817 1.2229 15 0 1 0.6
297489 1.06246 100 60 10 0.9
297489 1.06246 60 60 10 0.9
296856 1.04121 100 45 10 0.15
296856 1.04121 60 45 10 0.15
296435 1.22554 36 70 1.4 1.65
296435 1.22554 36 55 1.4 1.65
296435 1.22554 36 0 1.4 1.65
296435 1.22554 36 67.5 1.4 1.65
296435 1.22554 36 60 1.4 1.65
296435 1.22554 36 65 1.4 1.65
295510 1.2911 12 55 0.6 0.45
295263 1.10761 36 55 -0.6 0.6
294306 1.13689 48 75 0.6 1.2
294306 1.13689 60 75 0.6 1.2
294306 1.13689 100 75 0.6 1.2
293182 1.10706 36 60 -0.6 0.6
292778 1.04382 24 0 -0.6 -10
291834 1.7316 36 0 0.6 1.8
291834 1.7316 36 70 0.6 1.8
291834 1.7316 36 65 0.6 1.8
291834 1.7316 36 67.5 0.6 1.8
291834 1.7316 36 45 0.8 1.8
291834 1.7316 36 75 0.6 1.8
291834 1.7316 36 55 0.6 1.8
291834 1.7316 36 60 0.6 1.8
291834 1.7316 36 72.5 0.6 1.8
290888 1.04225 36 45 10 0
290474 1.07272 48 0 -0.6 -0.3
290474 1.07272 100 0 -0.6 -0.3
290474 1.07272 60 0 -0.6 -0.3
289724 1.13255 100 0 -0.6 1.2
289724 1.13255 60 0 -0.6 1.2
289724 1.13255 60 55 -0.6 1.2
289724 1.13255 48 55 -0.6 1.2
289724 1.13255 100 55 -0.6 1.2
289724 1.13255 48 0 -0.6 1.2
289602 1.0943 60 65 -0.6 0.3
289602 1.0943 60 65 -0.6 0.45
289602 1.0943 48 65 -0.6 0.3
289602 1.0943 100 65 -0.6 0.45
289602 1.0943 100 65 -0.6 0.3
289602 1.0943 48 65 -0.6 0.45
288191 1.12509 24 67.5 -0.6 0
287373 1.08681 48 72.5 10 1.2
287371 1.08546 48 67.5 10 1.2
287110 1.1317 60 60 -0.6 1.2
287110 1.1317 100 60 -0.6 1.2
287110 1.1317 48 60 -0.6 1.2
286420 1.12459 36 72.5 10 1.5
285625 1.08254 36 60 10 1.2
284572 1.08753 60 65 -0.6 -10
284572 1.08753 60 65 -0.6 -0.3
284572 1.08753 48 65 -0.6 -0.3
284572 1.08753 100 65 -0.6 -0.3
284572 1.08753 100 65 -0.6 -10
284572 1.08753 48 65 -0.6 -10
284420 1.04152 24 45 10 -10
284306 1.09019 48 75 1.4 0.6
284306 1.09019 100 75 1.4 0.6
284306 1.09019 60 75 1.4 0.75
284306 1.09019 60 75 1.4 0.6
284306 1.09019 48 75 1.4 0.75
284306 1.09019 100 75 1.4 0.75
283975 1.04146 24 45 10 0
283240 1.01739 100 0 1 -10
282431 1.08413 60 67.5 10 1.2
282431 1.08413 100 67.5 10 1.2
282419 1.08548 60 72.5 10 1.2
282419 1.08548 100 72.5 10 1.2
282247 1.12244 24 67.5 -0.6 -0.3
282247 1.12244 24 67.5 -0.6 -0.15
282247 1.12244 24 67.5 -0.6 -10
282247 1.12244 24 67.5 -0.6 -0.45
281802 1.68026 24 45 0.4 1.5
281567 1.06991 48 0 10 1.05
281410 1.4127 60 75 1.4 1.8
281410 1.4127 48 75 1.4 1.8
281410 1.4127 100 75 1.4 1.8
280992 1.10334 36 75 1.4 1.05
279250 1.21336 48 55 1.4 1.65
279250 1.21336 48 65 1.4 1.65
279250 1.21336 100 70 1.4 1.65
279250 1.21336 48 60 1.4 1.65
279250 1.21336 60 65 1.4 1.65
279250 1.21336 60 70 1.4 1.65
279250 1.21336 60 0 1.4 1.65
279250 1.21336 48 67.5 1.4 1.65
279250 1.21336 60 55 1.4 1.65
279250 1.21336 60 67.5 1.4 1.65
279250 1.21336 100 0 1.4 1.65
279250 1.21336 100 67.5 1.4 1.65
279250 1.21336 60 60 1.4 1.65
279250 1.21336 100 60 1.4 1.65
279250 1.21336 48 70 1.4 1.65
279250 1.21336 100 55 1.4 1.65
279250 1.21336 48 0 1.4 1.65
279250 1.21336 100 65 1.4 1.65
278376 1.18329 36 70 -0.6 1.2
278177 1.23026 24 45 1.2 1.5
276732 1.06889 100 0 10 1.05
276732 1.06889 60 0 10 1.05
276119 1.13844 100 45 -0.8 1.2
276119 1.13844 48 45 -0.8 1.2
276119 1.13844 60 45 -0.8 1.2
275353 1.08026 24 72.5 1.4 0.6
274619 1.09451 21 70 0.6 0.3
273614 1.0771 48 65 10 1.2
272114 1.05975 36 72.5 10 -10
272114 1.05975 36 72.5 10 0
270130 1.07123 24 72.5 1 0.3
269904 1.10848 36 75 10 1.2
269713 1.22962 21 65 1.4 1.2
268901 1.08158 48 70 10 1.2
268899 1.07584 100 65 10 1.2
268899 1.07584 60 65 10 1.2
268017 1.10477 24 72.5 10 1.2
267698 1.03907 36 45 10 -10
267632 1.22718 21 57.5 1.4 1.2
267632 1.22718 21 0 1.4 1.2
267632 1.22718 21 55 1.4 1.2
267632 1.22718 21 62.5 1.4 1.2
267632 1.22718 21 60 1.4 1.2
267212 1.07061 24 72.5 1 0
267212 1.07061 24 72.5 1 -0.3
267212 1.07061 24 72.5 1 -10
267212 1.07061 24 72.5 1 0.15
265656 1.07504 24 72.5 0.6 0
265656 1.07504 24 72.5 0.6 -0.45
265656 1.07504 24 72.5 0.6 -10
265656 1.07504 24 72.5 0.6 -0.3
265656 1.07504 24 72.5 0.6 -0.15
265377 1.12019 48 75 10 1.35
264684 1.09775 48 75 1.4 1.05
264684 1.09775 60 75 1.4 1.05
264684 1.09775 100 75 1.4 1.05
264276 1.08025 60 70 10 1.2
264276 1.08025 100 70 10 1.2
261754 1.09356 60 67.5 -0.6 -0.45
261754 1.09356 48 67.5 -0.6 0
261754 1.09356 60 67.5 -0.6 -0.15
261754 1.09356 60 67.5 -0.6 0
261754 1.09356 100 67.5 -0.6 -10
261754 1.09356 48 67.5 -0.6 -0.15
261754 1.09356 48 67.5 -0.6 -0.3
261754 1.09356 100 67.5 -0.6 -0.3
261754 1.09356 60 67.5 -0.6 -0.3
261754 1.09356 100 67.5 -0.6 0
261754 1.09356 60 67.5 -0.6 -10
261754 1.09356 48 67.5 -0.6 -10
261754 1.09356 100 67.5 -0.6 -0.15
261754 1.09356 48 67.5 -0.6 -0.45
261754 1.09356 100 67.5 -0.6 -0.45
260840 1.11825 100 75 10 1.35
260840 1.11825 60 75 10 1.35
259529 1.17842 100 65 0.6 1.5
259529 1.17842 48 55 0.6 1.5
259529 1.17842 100 60 0.6 1.5
259529 1.17842 60 60 0.6 1.5
259529 1.17842 60 55 0.6 1.5
259529 1.17842 100 55 0.6 1.5
259529 1.17842 48 65 0.6 1.5
259529 1.17842 60 65 0.6 1.5
259529 1.17842 48 60 0.6 1.5
257010 1.12492 24 67.5 -0.6 0.3
256679 1.0826 24 0 10 1.05
256516 1.03693 36 0 10 0
255852 1.01437 100 0 1.4 -10
254547 1.01716 100 0 0.6 -10
252691 1.07303 24 75 1 -0.3
252691 1.07303 24 75 1 -10
252691 1.07303 24 75 1 -0.45
252691 1.07303 24 75 1 -0.15
252691 1.07303 24 75 1 0
252691 1.07303 24 75 1 0.3
252363 1.12531 24 0 -0.6 0.6
251279 1.10241 21 70 1 0.6
250525 1.08892 21 70 1.4 0.6
248740 1.17134 48 45 0.4 1.5
248740 1.17134 100 45 0.4 1.5
248740 1.17134 60 45 0.4 1.5
247879 1.0352 48 45 10 0
247483 1.09878 21 75 1 0.3
247483 1.09878 21 75 1 -0.45
247483 1.09878 21 75 1 -0.3
247483 1.09878 21 75 1 -0.15
247483 1.09878 21 75 1 -10
247483 1.09878 21 75 1 0
247225 1.07981 24 72.5 0.6 0.6
245963 1.10837 48 72.5 10 1.5
245222 1.07051 48 60 10 1.2
243611 1.03449 100 45 10 0
243611 1.03449 60 45 10 0
242820 1.12121 24 55 -0.6 0.6
242741 1.09828 36 65 -0.6 0.6
242430 1.14771 36 75 -0.6 -10
242430 1.14771 36 75 -0.6 0
242318 1.05772 24 72.5 10 -10
242318 1.05772 24 72.5 10 0
242140 1.07841 24 72.5 0.6 0.3
241755 1.09801 36 70 -0.6 0
241755 1.09801 36 70 -0.6 -10
241684 1.10668 60 72.5 10 1.5
241684 1.10668 100 72.5 10 1.5
241093 1.56235 48 45 0.4 1.8
241093 1.56235 100 45 0.4 1.8
241093 1.56235 60 45 0.4 1.8
240992 1.06926 100 60 10 1.2
240992 1.06926 60 60 10 1.2
239733 1.2456 21 45 1.2 1.2
238639 1.03593 24 0 10 0
238047 1.07059 12 55 10 0.6
237867 1.06689 12 0 10 0.6
237800 1.09331 48 67.5 -0.6 0.3
237800 1.09331 100 67.5 -0.6 0.3
237800 1.09331 60 67.5 -0.6 0.3
237356 1.01437 48 0 1 -10
237356 1.01437 60 0 1 -10
237149 1.07225 24 72.5 1 0.45
236176 1.54987 48 70 -0.6 1.5
236176 1.54987 60 70 -0.6 1.5
236176 1.54987 100 70 -0.6 1.5
235944 1.19825 36 75 1.4 1.5
234407 1.03202 60 0 10 0
234407 1.03202 100 0 10 0
234148 1.54233 60 70 -0.6 1.8
234148 1.54233 60 72.5 -0.6 1.65
234148 1.54233 48 67.5 -0.6 1.8
234148 1.54233 48 55 -0.6 1.8
234148 1.54233 100 67.5 -0.6 1.8
234148 1.54233 100 60 -0.6 1.8
234148 1.54233 48 70 -0.6 1.8
234148 1.54233 48 70 -0.6 1.65
234148 1.54233 60 45 -0.8 1.8
234148 1.54233 100 75 -0.6 1.8
234148 1.54233 100 55 -0.6 1.8
234148 1.54233 100 75 -0.6 1.5
234148 1.54233 60 0 -0.6 1.8
234148 1.54233 100 75 -0.6 1.65
234148 1.54233 100 65 -0.6 1.8
234148 1.54233 60 75 -0.6 1.8
234148 1.54233 48 75 -0.6 1.65
234148 1.54233 48 72.5 -0.6 1.8
234148 1.54233 48 72.5 -0.6 1.5
234148 1.54233 60 67.5 -0.6 1.8
234148 1.54233 48 75 -0.6 1.5
234148 1.54233 48 72.5 -0.6 1.65
234148 1.54233 48 0 -0.6 1.8
234148 1.54233 60 55 -0.6 1.8
234148 1.54233 48 75 -0.6 1.8
234148 1.54233 60 70 -0.6 1.65
234148 1.54233 100 70 -0.6 1.65
234148 1.54233 60 72.5 -0.6 1.5
234148 1.54233 60 60 -0.6 1.8
234148 1.54233 60 75 -0.6 1.5
234148 1.54233 48 60 -0.6 1.8
234148 1.54233 60 65 -0.6 1.8
234148 1.54233 48 45 -0.8 1.8
234148 1.54233 60 72.5 -0.6 1.8
234148 1.54233 100 0 -0.6 1.8
234148 1.54233 60 75 -0.6 1.65
234148 1.54233 100 70 -0.6 1.8
234148 1.54233 100 45 -0.8 1.8
234148 1.54233 100 72.5 -0.6 1.8
234148 1.54233 100 72.5 -0.6 1.5
234148 1.54233 100 72.5 -0.6 1.65
234148 1.54233 48 65 -0.6 1.8
234074 1.0659 12 37.5 10 0.6
234074 1.0659 12 40 10 0.6
233644 1.05123 48 72.5 10 -10
233644 1.05123 48 72.5 10 0
233548 1.0758 24 72.5 1 0.6
232690 1.02652 100 0 -0.6 -10
231744 1.09274 48 75 10 1.2
229629 1.05034 60 72.5 10 -10
229629 1.05034 60 72.5 10 0
229629 1.05034 100 72.5 10 -10
229629 1.05034 100 72.5 10 0
229583 1.06474 12 42.5 10 0.6
229583 1.06474 12 45 10 0.6
229417 1.13523 24 72.5 10 1.5
229339 1.08303 60 0 -0.6 0.6
229339 1.08303 100 0 -0.6 0.6
229339 1.08303 48 0 -0.6 0.6
229293 1.06695 24 75 1.4 0.3
229293 1.06695 24 75 1.4 -10
229293 1.06695 24 75 1.4 0
229293 1.06695 24 75 1.4 -0.3
229293 1.06695 24 75 1.4 -0.45
229293 1.06695 24 75 1.4 -0.15
228807 1.22961 48 45 1.2 1.65
228807 1.22961 60 65 1 1.65
228807 1.22961 36 60 1 1.65
228807 1.22961 48 60 1 1.65
228807 1.22961 100 60 1 1.65
228807 1.22961 36 65 1 1.65
228807 1.22961 60 60 1 1.65
228807 1.22961 48 65 1 1.65
228807 1.22961 36 45 1.2 1.65
228807 1.22961 100 45 1.2 1.65
228807 1.22961 60 45 1.2 1.65
228807 1.22961 100 65 1 1.65
228340 1.08241 60 45 -0.8 0.6
228340 1.08241 48 45 -0.8 0.6
228340 1.08241 100 45 -0.8 0.6
228097 1.03201 48 45 10 -10
227748 1.0911 100 75 10 1.2
227748 1.0911 60 75 10 1.2
227461 1.08242 24 75 0.6 -0.45
227461 1.08242 24 75 0.6 0.3
227461 1.08242 24 75 0.6 0
227461 1.08242 24 75 0.6 -0.3
227461 1.08242 24 75 0.6 -10
227461 1.08242 24 75 0.6 -0.15
226175 1.05713 36 75 10 0
226175 1.05713 36 75 10 -10
226062 1.08572 21 75 1.4 0
226062 1.08572 21 75 1.4 -0.3
226062 1.08572 21 75 1.4 -0.45
226062 1.08572 21 75 1.4 -0.15
226062 1.08572 21 75 1.4 0.3
226062 1.08572 21 75 1.4 -10
224606 1.13918 36 72.5 10 1.65
224269 1.03077 48 0 10 0
224170 1.0313 60 45 10 -10
224170 1.0313 100 45 10 -10
223828 1.12356 24 75 10 1.2
223682 1.12582 18 0 -0.6 0.45
223292 1.1186 21 70 0.6 0.6
222272 1.18606 60 75 1.4 1.5
222272 1.18606 48 75 1.4 1.5
222272 1.18606 100 75 1.4 1.5
220810 1.10572 18 62.5 -0.6 0
220674 1.07976 60 55 -0.6 0.6
220674 1.07976 100 55 -0.6 0.6
220674 1.07976 48 55 -0.6 0.6
220169 1.06566 12 50 10 0.6
219916 1.28068 100 70 -0.6 1.35
219916 1.28068 60 70 -0.6 1.35
219916 1.28068 48 70 -0.6 1.35
219250 1.51552 21 75 10 1.8
219131 1.07921 48 60 -0.6 0.6
219131 1.07921 100 60 -0.6 0.6
219131 1.07921 60 60 -0.6 0.6
218440 1.11864 100 65 -0.6 1.2
218440 1.11864 48 67.5 -0.6 1.2
218440 1.11864 60 65 -0.6 1.2
218440 1.11864 100 67.5 -0.6 1.2
218440 1.11864 48 65 -0.6 1.2
218440 1.11864 60 67.5 -0.6 1.2
218022 1.27691 48 72.5 -0.6 1.35
218022 1.27691 60 75 -0.6 1.35
218022 1.27691 100 75 -0.6 1.35
218022 1.27691 48 75 -0.6 1.35
218022 1.27691 100 72.5 -0.6 1.35
218022 1.27691 60 72.5 -0.6 1.35
217960 1.02841 36 0 -0.6 -10
216889 1.06202 15 70 10 0.3
216227 1.10285 18 62.5 -0.6 -0.15
215462 1.51001 48 85 10 1.35
215462 1.51001 100 85 10 1.35
215462 1.51001 60 85 10 1.35
215462 1.51001 60 85 10 1.5
215462 1.51001 100 85 10 1.5
215462 1.51001 48 85 10 1.5
215106 1.05727 36 72.5 10 0.6
214768 1.14646 36 75 -0.6 1.05
214555 1.06137 15 70 10 0.15
214555 1.06137 15 70 10 -0.3
214555 1.06137 15 70 10 0
214555 1.06137 15 70 10 -10
214426 1.01161 48 0 1.4 -10
214426 1.01161 60 0 1.4 -10
213546 1.09904 18 62.5 -0.6 -0.3
213546 1.09904 18 62.5 -0.6 -0.45
213546 1.09904 18 62.5 -0.6 -10
213333 1.01399 48 0 0.6 -10
213333 1.01399 60 0 0.6 -10
210279 1.0931 21 62.5 -0.6 0
209995 1.46702 36 85 10 1.35
209995 1.46702 36 85 10 1.5
208935 1.44556 36 75 1.4 1.8
208526 1.05683 24 75 10 0
208526 1.05683 24 75 10 -10
208326 1.09237 36 72.5 -0.6 0
208326 1.09237 36 72.5 -0.6 -10
208260 1.71066 100 85 10 1.8
208260 1.71066 48 85 10 1.8
208260 1.71066 100 85 10 1.65
208260 1.71066 60 85 10 1.8
208260 1.71066 60 85 10 1.65
208260 1.71066 48 85 10 1.65
208257 1.14172 36 75 -0.6 0.9
208257 1.14172 36 75 -0.6 0.75
208257 1.14172 36 75 -0.6 0.6
207479 1.11569 24 65 -0.6 0.6
205917 1.09045 21 62.5 -0.6 -0.15
205742 1.19267 12 37.5 -0.6 -0.3
205742 1.19267 12 40 -0.6 -0.3
205154 1.27055 24 0 -0.6 1.2
205154 1.27055 24 55 -0.6 1.2
204731 1.05867 15 70 10 0.45
203488 1.11741 15 0 -0.6 0
203335 1.08779 21 62.5 -0.6 -0.3
203335 1.08779 21 62.5 -0.6 -10
203335 1.08779 21 62.5 -0.6 -0.45
202303 1.42268 48 72.5 1 1.8
202303 1.42268 100 65 1 1.8
202303 1.42268 60 55 1 1.8
202303 1.42268 36 45 1.2 1.8
202303 1.42268 36 75 1 1.8
202303 1.42268 60 70 1 1.8
202303 1.42268 48 0 1 1.8
202303 1.42268 60 72.5 1 1.8
202303 1.42268 48 60 1 1.8
202303 1.42268 36 72.5 1 1.8
202303 1.42268 100 67.5 1 1.8
202303 1.42268 36 70 1 1.8
202303 1.42268 60 67.5 1 1.8
202303 1.42268 60 65 1 1.8
202303 1.42268 100 72.5 1 1.8
202303 1.42268 36 55 1 1.8
202303 1.42268 36 0 1 1.8
202303 1.42268 100 70 1 1.8
202303 1.42268 48 65 1 1.8
202303 1.42268 100 60 1 1.8
202303 1.42268 100 0 1 1.8
202303 1.42268 36 67.5 1 1.8
202303 1.42268 60 0 1 1.8
202303 1.42268 48 70 1 1.8
202303 1.42268 100 55 1 1.8
202303 1.42268 60 60 1 1.8
202303 1.42268 36 60 1 1.8
202303 1.42268 60 75 1 1.8
202303 1.42268 48 45 1.2 1.8
202303 1.42268 48 75 1 1.8
202303 1.42268 48 55 1 1.8
202303 1.42268 60 45 1.2 1.8
202303 1.42268 100 45 1.2 1.8
202303 1.42268 48 67.5 1 1.8
202303 1.42268 100 75 1 1.8
202303 1.42268 36 65 1 1.8
201474 1.41982 100 55 0.6 1.8
201474 1.41982 100 70 0.6 1.8
201474 1.41982 60 65 0.6 1.8
201474 1.41982 60 70 0.6 1.8
201474 1.41982 48 65 0.6 1.8
201474 1.41982 48 45 0.8 1.8
201474 1.41982 60 75 0.6 1.8
201474 1.41982 60 72.5 0.6 1.8
201474 1.41982 100 65 0.6 1.8
201474 1.41982 100 0 0.6 1.8
201474 1.41982 48 72.5 0.6 1.8
201474 1.41982 100 75 0.6 1.8
201474 1.41982 48 55 0.6 1.8
201474 1.41982 100 60 0.6 1.8
201474 1.41982 60 55 0.6 1.8
201474 1.41982 60 45 0.8 1.8
201474 1.41982 48 67.5 0.6 1.8
201474 1.41982 48 0 0.6 1.8
201474 1.41982 60 67.5 0.6 1.8
201474 1.41982 48 60 0.6 1.8
201474 1.41982 100 67.5 0.6 1.8
201474 1.41982 60 60 0.6 1.8
201474 1.41982 100 45 0.8 1.8
201474 1.41982 48 70 0.6 1.8
201474 1.41982 60 0 0.6 1.8
201474 1.41982 48 75 0.6 1.8
201474 1.41982 100 72.5 0.6 1.8
201377 1.12477 60 72.5 -0.6 1.2
201377 1.12477 60 75 -0.6 1.2
201377 1.12477 100 75 -0.6 1.2
201377 1.12477 100 72.5 -0.6 1.2
201377 1.12477 60 70 -0.6 1.2
201377 1.12477 48 75 -0.6 1.2
201377 1.12477 100 70 -0.6 1.2
201377 1.12477 48 70 -0.6 1.2
201377 1.12477 48 72.5 -0.6 1.2
201315 1.36501 60 85 10 -10
201315 1.36501 48 85 10 0
201315 1.36501 60 85 10 0
201315 1.36501 60 85 10 0.6
201315 1.36501 100 85 10 -10
201315 1.36501 48 85 10 -10
201315 1.36501 100 85 10 0.6
201315 1.36501 48 85 10 0.6
201315 1.36501 100 85 10 0
201315 1.36501 60 85 10 1.2
201315 1.36501 48 85 10 1.2
201315 1.36501 100 85 10 1.2
201288 1.16461 21 0 -0.6 0.6
199657 1.09812 24 70 -0.6 -0.45
199657 1.09812 24 70 -0.6 0
199657 1.09812 24 70 -0.6 -0.3
199657 1.09812 24 70 -0.6 -0.15
199657 1.09812 24 70 -0.6 -10
199264 1.99296 18 60 10 1.8
199264 1.99296 18 62.5 10 1.8
199264 1.99296 18 65 10 1.8
199264 1.99296 18 0 10 1.8
199264 1.99296 18 45 10 1.8
199264 1.99296 18 55 10 1.8
199264 1.99296 18 50 10 1.8
199264 1.99296 18 57.5 10 1.8
199212 1.09778 36 70 -0.6 0.6
199212 1.09778 36 67.5 -0.6 0.6
196920 1.07444 24 75 0.6 0.6
196510 1.10781 21 0 1.4 0.9
196211 1.42235 36 85 10 0.9
196211 1.42235 36 85 10 0
196211 1.42235 36 85 10 0.6
196211 1.42235 36 85 10 -10
196211 1.42235 36 85 10 1.2
195589 1.20525 21 70 1.4 1.2
195024 1.0224 48 0 -0.6 -10
195024 1.0224 60 0 -0.6 -10
194499 1.10719 21 0 -0.6 0.45
194179 1.04784 48 75 10 0
194179 1.04784 48 75 10 -10
193998 1.18649 12 0 -0.6 -0.3
193942 1.10937 24 60 -0.6 0.6
193346 1.06483 36 72.5 10 0.9
192817 1.11688 48 72.5 10 1.65
191917 1.09301 36 72.5 -0.6 0.6
191617 1.10886 21 75 1 0.6
191564 1.05481 24 72.5 10 0.6
191151 1.11127 21 75 0.6 -0.3
191151 1.11127 21 75 0.6 0
191151 1.11127 21 75 0.6 -0.45
191151 1.11127 21 75 0.6 -0.15
191151 1.11127 21 75 0.6 -10
191151 1.11127 21 75 0.6 0.3
190886 1.04687 60 75 10 -10
190886 1.04687 100 75 10 -10
190886 1.04687 100 75 10 0
190886 1.04687 60 75 10 0
190749 1.29303 24 72.5 10 1.65
190355 1.11639 24 45 -0.8 0.6
189522 1.11455 60 72.5 10 1.65
189522 1.11455 100 72.5 10 1.65
187921 1.09648 21 75 1.4 0.6
187621 1.06813 15 70 1.4 0.3
187385 1.0909 21 57.5 -0.6 0.3
186194 1.06994 24 75 1 0.6
185569 1.06717 15 70 1.4 0.15
185569 1.06717 15 70 1.4 0
185569 1.06717 15 70 1.4 -10
185569 1.06717 15 70 1.4 -0.3
185485 1.05597 36 75 10 0.6
184904 1.06609 15 70 1 0.3
184658 1.04753 48 72.5 10 0.6
183896 1.01127 24 0 10 -10
182863 1.06513 15 70 1 -0.3
182863 1.06513 15 70 1 0
182863 1.06513 15 70 1 -10
182863 1.06513 15 70 1 0.15
182353 1.09479 21 60 -0.6 0.3
182176 1.00845 36 0 10 -10
182096 1.06885 60 65 -0.6 0.6
182096 1.06885 100 65 -0.6 0.6
182096 1.06885 48 65 -0.6 0.6
182043 1.11721 36 75 10 1.5
181597 1.1149 15 55 -0.6 -0.15
181597 1.1149 15 55 -0.6 0
181529 1.04652 60 72.5 10 0.6
181529 1.04652 100 72.5 10 0.6
181331 1.06857 48 70 -0.6 0
181331 1.06857 60 70 -0.6 0
181331 1.06857 60 70 -0.6 -10
181331 1.06857 48 70 -0.6 -10
181331 1.06857 100 70 -0.6 0
181331 1.06857 100 70 -0.6 -10
181275 1.06786 24 75 1.4 0.6
179177 1.10416 18 57.5 -0.6 0.3
179123 1.33198 24 55 0.6 1.5
177657 1.09083 21 62.5 -0.6 0.3
177309 1.11088 18 62.5 -0.6 0.3
176717 1.14295 36 45 10 1.8
176717 1.14295 36 60 10 1.8
176717 1.14295 36 0 10 1.8
176717 1.14295 36 70 10 1.8
176717 1.14295 36 67.5 10 1.8
176717 1.14295 36 65 10 1.8
176717 1.14295 36 55 10 1.8
176230 1.12537 24 75 1.4 1.2
175837 1.12713 36 75 10 1.65
175314 1.09392 24 70 -0.6 0.3
174784 1.14154 36 72.5 10 1.8
174407 1.11039 18 60 -0.6 0.3
174029 1.11235 21 75 0.6 0.6
173959 1.06909 18 45 0.8 0.6
173923 1.11028 15 45 -0.8 0
173224 1.0848 24 72.5 0.6 1.2
172141 1.06251 24 72.5 10 0.9
171970 1.19353 21 45 0.4 1.2
171813 1.06062 18 62.5 1.4 0.6
171604 1.10858 15 57.5 -0.6 0
171604 1.10858 15 57.5 -0.6 -0.15
171179 1.09638 15 70 0.6 -0.15
171179 1.09638 15 70 0.6 -0.45
171179 1.09638 15 70 0.6 -10
171179 1.09638 15 70 0.6 -0.3
171179 1.09638 15 70 0.6 0
171159 1.05462 15 70 10 0.6
170996 1.05555 24 75 10 0.75
170996 1.05555 24 75 10 0.6
170608 1.1651 21 65 1 1.2
170522 1.31467 24 60 10 1.8
170522 1.31467 24 65 10 1.8
170522 1.31467 24 45 10 1.8
170522 1.31467 24 70 10 1.8
170522 1.31467 24 55 10 1.8
170522 1.31467 24 0 10 1.8
170522 1.31467 24 67.5 10 1.8
170313 1.11666 24 70 -0.6 0.6
170313 1.11666 24 67.5 -0.6 0.6
169960 1.06544 18 62.5 1 0.6
169875 1.08742 36 70 -0.6 0.75
169400 1.69444 100 85 1.4 1.35
169400 1.69444 60 85 1 1.35
169400 1.69444 48 85 1 1.5
169400 1.69444 48 85 1.4 1.35
169400 1.69444 60 85 1 1.5
169400 1.69444 100 85 1 1.35
169400 1.69444 60 85 1.4 1.35
169400 1.69444 100 85 1 1.5
169400 1.69444 36 85 1 1.5
169400 1.69444 48 85 1 1.35
169400 1.69444 60 85 1.4 1.5
169400 1.69444 36 85 1.4 1.35
169400 1.69444 36 85 1 1.35
169400 1.69444 48 85 1.4 1.5
169400 1.69444 100 85 1.4 1.5
169400 1.69444 36 85 1.4 1.5
169292 1.16279 21 55 1 1.2
169292 1.16279 21 57.5 1 1.2
169292 1.16279 21 60 1 1.2
169292 1.16279 21 62.5 1 1.2
169292 1.16279 21 45 0.8 1.2
169292 1.16279 21 0 1 1.2
169055 1.07611 18 75 1 -0.45
169055 1.07611 18 75 1 0.3
169055 1.07611 18 75 1 -0.15
169055 1.07611 18 75 1 -10
169055 1.07611 18 75 1 0
169055 1.07611 18 75 1 -0.3
168747 1.10277 36 70 -0.6 1.05
168705 1.6875 60 85 0.6 1.5
168705 1.6875 100 85 0.6 1.5
168705 1.6875 100 85 0.6 1.35
168705 1.6875 48 85 0.6 1.35
168705 1.6875 48 85 0.6 1.5
168705 1.6875 60 85 0.6 1.35
168670 1.31255 24 72.5 10 1.8
168180 1.06352 36 75 10 0.9
166844 1.08 24 72.5 1 1.2
166622 1.08312 18 65 -0.6 0
166443 1.10905 48 65 10 1.8
166443 1.10905 48 45 10 1.8
166443 1.10905 48 67.5 10 1.8
166443 1.10905 48 60 10 1.8
166443 1.10905 48 70 10 1.8
166443 1.10905 48 55 10 1.8
166443 1.10905 48 0 10 1.8
166276 1.05921 18 60 1.4 0.6
166276 1.05921 18 57.5 1.4 0.6
166199 1.06588 15 65 0.6 -0.15
166199 1.06588 15 65 0.6 0
166199 1.06588 15 65 0.6 -10
166199 1.06588 15 65 0.6 -0.45
166199 1.06588 15 65 0.6 -0.3
165974 1.05406 48 72.5 10 0.9
164625 1.10785 48 72.5 10 1.8
164545 1.06398 18 60 1 0.6
164545 1.06398 18 57.5 1 0.6
164441 1.10135 18 50 -0.6 0.45
163663 1.09803 36 70 -0.6 0.9
163656 1.08222 36 72.5 -0.6 0.75
163558 1.10654 100 60 10 1.8
163558 1.10654 100 45 10 1.8
163558 1.10654 60 70 10 1.8
163558 1.10654 60 45 10 1.8
163558 1.10654 100 70 10 1.8
163558 1.10654 60 60 10 1.8
163558 1.10654 100 65 10 1.8
163558 1.10654 60 67.5 10 1.8
163558 1.10654 60 65 10 1.8
163558 1.10654 60 55 10 1.8
163558 1.10654 100 55 10 1.8
163558 1.10654 100 0 10 1.8
163558 1.10654 100 67.5 10 1.8
163558 1.10654 60 0 10 1.8
163505 1.28477 24 60 -0.6 1.2
163320 1.05768 18 55 1.4 0.6
163178 1.07999 18 65 -0.6 -0.15
163112 1.05294 60 72.5 10 0.9
163112 1.05294 100 72.5 10 0.9
163060 1.04381 18 65 0.6 0
162568 1.09705 36 72.5 -0.6 1.05
162216 1.00523 60 0 10 -10
162204 1.06507 60 72.5 -0.6 -10
162204 1.06507 60 72.5 -0.6 0
162204 1.06507 100 72.5 -0.6 -10
162204 1.06507 100 72.5 -0.6 0
162204 1.06507 48 72.5 -0.6 -10
162204 1.06507 48 72.5 -0.6 0
161757 1.10533 60 72.5 10 1.8
161757 1.10533 100 72.5 10 1.8
161617 1.06233 18 55 1 0.6
161156 1.07965 18 65 -0.6 -10
161156 1.07965 18 65 -0.6 -0.45
161156 1.07965 18 65 -0.6 -0.3
159768 1.14446 21 62.5 -0.6 0.6
159689 1.0419 18 65 0.6 -10
159689 1.0419 18 65 0.6 -0.45
159689 1.0419 18 65 0.6 -0.15
159689 1.0419 18 65 0.6 -0.3
159685 1.00517 48 0 10 -10
159224 1.04521 48 75 10 0.6
158665 1.07133 21 65 -0.6 0
158361 1.51372 100 85 1 0
158361 1.51372 48 85 1 -10
158361 1.51372 36 85 1.4 0.6
158361 1.51372 36 85 1.4 0
158361 1.51372 60 85 1 0
158361 1.51372 60 85 1 0.6
158361 1.51372 100 85 1 0.6
158361 1.51372 100 85 1 1.2
158361 1.51372 48 85 1.4 0.6
158361 1.51372 100 85 1 0.9
158361 1.51372 48 85 1.4 1.2
158361 1.51372 48 85 1.4 0
158361 1.51372 60 85 1 1.2
158361 1.51372 36 85 1.4 1.2
158361 1.51372 60 85 1 0.9
158361 1.51372 36 85 1.4 -10
158361 1.51372 48 85 1 0
158361 1.51372 100 85 1 -10
158361 1.51372 60 85 1.4 0.9
158361 1.51372 48 85 1 0.9
158361 1.51372 48 85 1.4 0.9
158361 1.51372 36 85 1 -10
158361 1.51372 48 85 1 0.6
158361 1.51372 36 85 1 0
158361 1.51372 60 85 1 -10
158361 1.51372 36 85 1 0.6
158361 1.51372 100 85 1.4 0
158361 1.51372 100 85 1.4 0.6
158361 1.51372 36 85 1.4 0.9
158361 1.51372 36 85 1 0.9
158361 1.51372 100 85 1.4 1.2
158361 1.51372 36 85 1 1.2
158361 1.51372 100 85 1.4 0.9
158361 1.51372 48 85 1 1.2
158361 1.51372 60 85 1.4 1.2
158361 1.51372 60 85 1.4 0
158361 1.51372 60 85 1.4 0.6
158361 1.51372 60 85 1.4 -10
158361 1.51372 100 85 1.4 -10
158361 1.51372 48 85 1.4 -10
157892 1.08921 15 65 0.6 0.3
157713 1.50889 100 85 0.6 0.6
157713 1.50889 60 85 0.6 -10
157713 1.50889 100 85 0.6 0
157713 1.50889 100 85 0.6 1.2
157713 1.50889 48 85 0.6 -10
157713 1.50889 60 85 0.6 0
157713 1.50889 48 85 0.6 0.9
157713 1.50889 100 85 0.6 -10
157713 1.50889 60 85 0.6 0.9
157713 1.50889 48 85 0.6 1.2
157713 1.50889 60 85 0.6 0.6
157713 1.50889 48 85 0.6 0
157713 1.50889 60 85 0.6 1.2
157713 1.50889 100 85 0.6 0.9
157713 1.50889 48 85 0.6 0.6
157668 1.09231 36 72.5 -0.6 0.9
156662 1.0697 18 75 1.4 -10
156662 1.0697 18 75 1.4 -0.3
156662 1.0697 18 75 1.4 0.3
156662 1.0697 18 75 1.4 -0.15
156662 1.0697 18 75 1.4 0
156662 1.0697 18 75 1.4 -0.45
156451 1.04409 100 75 10 0.6
156451 1.04409 60 75 10 0.6
156297 1.09491 48 75 10 1.5
156030 1.09708 15 70 0.6 0.3
155387 1.06846 21 65 -0.6 -0.15
155071 1.06352 24 75 10 0.9
154853 1.14144 21 55 -0.6 0.6
154619 1.14131 21 60 -0.6 0.6
154619 1.14131 21 57.5 -0.6 0.6
154455 1.05894 15 70 1.4 0.45
153623 1.09258 100 75 10 1.5
153623 1.09258 60 75 10 1.5
153473 1.06903 21 65 -0.6 -10
153473 1.06903 21 65 -0.6 -0.45
153473 1.06903 21 65 -0.6 -0.3
151669 1.04402 18 65 0.6 0.3
151618 1.17488 21 65 0.6 1.2
150982 1.10164 48 75 10 1.65
150955 1.13925 24 75 10 1.5
150469 1.17199 21 55 0.6 1.2
150469 1.17199 21 60 0.6 1.2
150469 1.17199 21 0 0.6 1.2
150469 1.17199 21 57.5 0.6 1.2
150469 1.17199 21 62.5 0.6 1.2
149447 1.06344 48 70 -0.6 0.6
149447 1.06344 100 70 -0.6 0.6
149447 1.06344 100 67.5 -0.6 0.6
149447 1.06344 60 67.5 -0.6 0.6
149447 1.06344 60 70 -0.6 0.6
149447 1.06344 100 72.5 -0.6 0.6
149447 1.06344 48 67.5 -0.6 0.6
149447 1.06344 48 72.5 -0.6 0.6
149447 1.06344 60 72.5 -0.6 0.6
148412 1.09898 60 75 10 1.65
148412 1.09898 100 75 10 1.65
148126 1.04799 12 65 10 0.6
145442 1.11238 15 55 -0.6 0.3
145223 1.11226 15 0 -0.6 0.3
145223 1.11226 15 57.5 -0.6 0.3
144388 1.05149 48 75 10 0.9
143698 1.30912 18 0 -0.6 0.6
142606 1.43811 24 67.5 -0.6 1.2
142606 1.43811 24 70 -0.6 1.2
142606 1.43811 24 65 -0.6 1.2
141947 1.05024 60 75 10 0.9
141947 1.05024 100 75 10 0.9
141054 1.06916 60 75 -0.6 0
141054 1.06916 48 75 -0.6 -10
141054 1.06916 100 75 -0.6 -10
141054 1.06916 48 75 -0.6 0
141054 1.06916 60 75 -0.6 -10
141054 1.06916 100 75 -0.6 0
140817 1.12863 12 45 -0.8 0
139705 1.1106 12 40 -0.6 -0.15
139705 1.1106 12 37.5 -0.6 -0.15
139705 1.1106 12 42.5 -0.6 -0.15
139705 1.1106 12 0 -0.6 -0.15
138717 1.1254 12 50 -0.6 -0.15
137417 1.11049 12 42.5 -0.6 -0.3
137285 1.12359 12 50 -0.6 0
137285 1.12359 12 42.5 -0.6 0
137285 1.12359 12 37.5 -0.6 0
137285 1.12359 12 40 -0.6 0
137285 1.12359 12 0 -0.6 0
137006 1.12404 12 50 -0.6 -0.3
135508 1.08664 21 70 -0.6 0
135508 1.08664 21 70 -0.6 -0.15
135508 1.08664 21 70 -0.6 -0.3
135508 1.08664 21 70 -0.6 -0.45
135508 1.08664 21 70 -0.6 -10
134787 1.12117 12 45 -0.8 -0.15
134064 1.06448 21 65 -0.6 0.3
133803 1.08045 18 65 -0.6 0.3
132594 1.11972 12 45 -0.8 -0.3
131721 1.05462 15 70 1 0.45
131576 1.13276 15 45 -0.8 0.3
131502 1.05624 18 62.5 0.6 0.6
130343 1.08349 18 75 0.6 -0.15
130343 1.08349 18 75 0.6 0
130343 1.08349 18 75 0.6 -0.3
130343 1.08349 18 75 0.6 0.3
130343 1.08349 18 75 0.6 -10
130343 1.08349 18 75 0.6 -0.45
128746 1.08196 15 45 0.8 0.6
128681 1.07852 15 62.5 -0.6 0
128681 1.07852 15 62.5 -0.6 -0.15
128678 1.08043 15 60 -0.6 0
128678 1.08043 15 60 -0.6 -0.15
128104 1.0578 15 62.5 1.4 0.6
127949 1.09909 15 0 10 1.2
127607 1.08941 15 65 -0.6 -0.15
127607 1.08941 15 65 -0.6 0
127506 1.05782 15 70 1.4 0.6
127249 1.05452 18 60 0.6 0.6
127249 1.05452 18 57.5 0.6 0.6
127216 1.05711 15 65 1.4 0.6
127086 1.07572 15 62.5 -0.6 -0.3
127086 1.07572 15 62.5 -0.6 -0.45
127086 1.07572 15 62.5 -0.6 -10
126036 1.09758 15 65 -0.6 -0.3
126036 1.09758 15 65 -0.6 -0.45
126036 1.09758 15 65 -0.6 -10
125866 1.05696 24 75 0.6 1.2
124992 1.05258 18 0 0.6 0.6
124992 1.05258 18 55 0.6 0.6
124992 1.05258 18 50 0.6 0.6
124504 1.09515 15 45 10 1.2
124428 1.05483 24 75 1 1.2
124175 1.05609 15 55 1.4 0.6
124158 1.0853 36 75 10 1.8
124023 1.05601 15 60 1.4 0.6
124023 1.05601 15 57.5 1.4 0.6
123720 1.11175 21 70 1 1.2
123366 1.08252 15 70 -0.6 -0.15
123366 1.08252 15 70 -0.6 -0.45
123366 1.08252 15 70 -0.6 -10
123366 1.08252 15 70 -0.6 -0.3
123366 1.08252 15 70 -0.6 0
121951 1.06207 24 75 10 1.05
121768 1.05968 24 72.5 -0.6 -0.15
121768 1.05968 24 72.5 -0.6 0
121768 1.05968 24 72.5 -0.6 -0.45
121768 1.05968 24 72.5 -0.6 -0.3
121768 1.05968 24 72.5 -0.6 -10
121153 1.05531 60 75 -0.6 0.6
121153 1.05531 48 75 -0.6 0.6
121153 1.05531 100 75 -0.6 0.6
120489 1.0327 18 65 1.4 0.6
119779 1.12871 24 75 10 1.8
119558 1.05666 24 72.5 -0.6 0.3
119295 1.18362 18 62.5 1.4 1.2
119295 1.18362 18 60 1.4 1.2
119295 1.18362 18 55 1.4 1.2
119295 1.18362 18 57.5 1.4 1.2
119295 1.18362 18 0 1.4 1.2
119295 1.18362 18 50 1.4 1.2
119295 1.18362 18 45 1.2 1.2
119160 1.0356 18 65 1 0.6
119007 1.07449 21 70 -0.6 0.3
116897 1.08478 48 75 10 1.8
116144 1.07292 24 72.5 -0.6 0.6
114889 1.08302 60 75 10 1.8
114889 1.08302 100 75 10 1.8
114202 1.24939 18 60 1 1.2
114202 1.24939 18 55 1 1.2
114202 1.24939 18 0 1 1.2
114202 1.24939 18 62.5 0.6 1.2
114202 1.24939 18 50 0.6 1.2
114202 1.24939 18 60 0.6 1.2
114202 1.24939 18 57.5 0.6 1.2
114202 1.24939 18 57.5 1 1.2
114202 1.24939 18 62.5 1 1.2
114202 1.24939 18 55 0.6 1.2
114202 1.24939 18 0 0.6 1.2
114202 1.24939 18 45 0.8 1.2
114202 1.24939 18 50 1 1.2
114047 1.19113 18 62.5 -0.6 0.6
113518 1.13627 15 62.5 0.6 0.6
113518 1.13627 15 65 0.6 0.6
113146 1.05598 15 62.5 1 0.6
112853 1.09017 21 65 -0.6 0.6
112503 1.05603 15 70 1 0.6
112394 1.13559 15 70 0.6 0.6
112330 1.05513 15 65 1 0.6
110742 1.07608 15 62.5 -0.6 0.3
110553 1.18509 18 55 -0.6 0.6
110553 1.18509 18 50 -0.6 0.6
110361 1.18482 18 60 -0.6 0.6
110361 1.18482 18 57.5 -0.6 0.6
109967 1.107 21 70 0.6 1.2
109884 1.13311 15 57.5 0.6 0.6
109884 1.13311 15 60 0.6 0.6
109687 1.05396 15 55 1 0.6
109550 1.05387 15 60 1 0.6
109550 1.05387 15 57.5 1 0.6
109386 1.08655 21 45 -0.8 0.6
109151 1.14143 15 55 10 1.2
109151 1.14143 15 57.5 10 1.2
109151 1.14143 15 62.5 10 1.2
109151 1.14143 15 60 10 1.2
109151 1.14143 15 65 10 1.2
109123 1.05192 6 65 0.6 0.3
108897 1.07534 15 60 -0.6 0.3
107553 1.04765 6 65 1 0.3
106983 1.10192 21 70 -0.6 0.6
105663 1.03425 6 65 0.6 0.15
105629 1.06083 15 70 -0.6 0.3
105440 1.04604 18 45 0.4 0.6
104608 1.03162 6 65 0.6 -10
104608 1.03162 6 65 0.6 -0.3
104608 1.03162 6 65 0.6 0
104565 1.0559 15 65 -0.6 0.3
104146 1.03105 6 65 1 0.15
103106 1.02841 6 65 1 -10
103106 1.02841 6 65 1 0
103106 1.02841 6 65 1 -0.3
101983 1.06248 24 75 -0.6 -0.15
101983 1.06248 24 75 -0.6 0.3
101983 1.06248 24 75 -0.6 -10
101983 1.06248 24 75 -0.6 0
101983 1.06248 24 75 -0.6 -0.3
101983 1.06248 24 75 -0.6 -0.45
100000 1 60 70 1.4 3
100000 1 60 70 1.4 2.4
100000 1 60 70 0.6 2.4
100000 1 60 70 0.6 3
100000 1 60 70 10 2.4
100000 1 60 70 10 3
100000 1 60 60 1 2.4
100000 1 60 60 1 3
100000 1 60 60 -0.6 2.4
100000 1 60 60 -0.6 3
100000 1 60 70 -0.6 2.1
100000 1 60 70 -0.6 3
100000 1 60 70 -0.6 2.4
100000 1 60 60 1.4 2.4
100000 1 60 60 1.4 3
100000 1 60 60 0.6 2.4
100000 1 60 60 0.6 3
100000 1 60 60 10 2.4
100000 1 60 60 10 3
100000 1 60 72.5 1 2.4
100000 1 60 72.5 1 3
100000 1 60 72.5 -0.6 2.4
100000 1 60 70 1 3
100000 1 60 70 1 2.4
100000 1 60 72.5 -0.6 3
100000 1 60 72.5 -0.6 2.1
100000 1 60 72.5 1.4 2.4
100000 1 60 72.5 1.4 3
100000 1 60 95 10 -10
100000 1 60 95 10 2.55
100000 1 60 95 10 2.85
100000 1 60 95 10 2.7
100000 1 60 95 10 3.3
100000 1 60 95 10 3
100000 1 60 95 10 2.4
100000 1 60 95 10 1.8
100000 1 60 95 10 1.2
100000 1 60 95 10 0.6
100000 1 60 95 10 0
100000 1 60 95 -1 -10
100000 1 60 95 -1 2.55
100000 1 60 95 -1 2.85
100000 1 60 95 -1 2.7
100000 1 60 95 -1 3.3
100000 1 60 95 -1 3
100000 1 60 95 -1 2.4
100000 1 60 95 -1 1.8
100000 1 60 95 -1 1.2
100000 1 60 95 -1 0.6
100000 1 60 95 -1 0
100000 1 60 95 -0.2 -10
100000 1 60 95 -0.2 2.55
100000 1 60 95 -0.2 2.85
100000 1 60 95 -0.2 2.7
100000 1 60 95 -0.2 3.3
0
2644391 21 60 10 0.6