774244 1.03549 0 57.5 -10 10
774244 1.03549 0 57.5 -10 0.375
774244 1.03549 0 57.5 -10 0.225
774244 1.03549 0 57.5 -10 0.525
702130 1.02036 0 100 -10 -0.075
686856 1.03459 0 60 -10 -0.075
682050 1.03444 0 55 -10 0.525
682050 1.03444 0 55 -10 0.225
682050 1.03444 0 55 -10 10
682050 1.03444 0 55 -10 0.375
662781 1.03723 0 57.5 -10 -0.225
642407 1.03594 0 60 -10 -0.225
639092 1.03018 0 60 -10 0.375
639092 1.03018 0 60 -10 10
635494 1.02331 0 62.5 -10 10
635494 1.02331 0 62.5 -10 0.375
635494 1.02331 0 62.5 -10 0.525
631836 1.02324 0 62.5 -10 0.225
604637 1.0354 0 55 -10 -0.225
604206 1.0331 0 62.5 -10 -0.225
601616 1.02812 0 100 -10 -0.225
592524 1.03956 0 45 -10 -0.225
557366 1.03737 0 45 -10 0.375
557366 1.03737 0 45 -10 10
557366 1.03737 0 45 -10 -0.075
553390 1.03313 0 50 -10 10
553390 1.03313 0 50 -10 0.225
553390 1.03313 0 50 -10 0.375
553390 1.03313 0 50 -10 0.525
543337 1.03476 0 50 -10 -0.225
535559 1.03905 0 60 -10 -0.375
528289 1.03564 0 100 -10 -0.375
500444 1.0064 0 100 -10 0.375
484268 1.0403 0 45 -10 -0.375
386805 1.04189 0 35 -10 0.375
386805 1.04189 0 35 -10 -0.075
386805 1.04189 0 35 -10 10
386805 1.04189 0 35 -10 -0.225
370106 1.04184 0 35 -10 -0.375
369915 1.04179 0 55 -0.8 10
369915 1.04179 0 55 -0.8 0.525
369915 1.04179 0 55 -0.8 0.225
369915 1.04179 0 55 -0.8 0.375
368973 1.04049 0 57.5 -0.8 0.375
368973 1.04049 0 57.5 -0.8 10
368973 1.04049 0 57.5 -0.8 0.525
368973 1.04049 0 57.5 -0.8 0.225
362924 1.03887 0 60 -0.8 0.375
362924 1.03887 0 60 -0.8 0.225
362924 1.03887 0 60 -0.8 0.525
362924 1.03887 0 60 -0.8 10
352862 1.03494 0 57.5 -1.2 0.375
352862 1.03494 0 57.5 -1.2 0.525
352862 1.03494 0 57.5 -1.2 0.225
352862 1.03494 0 57.5 -1.2 10
349847 1.03218 0 60 -1.2 0.375
349847 1.03218 0 60 -1.2 0.525
349847 1.03218 0 60 -1.2 0.225
349847 1.03218 0 60 -1.2 10
346811 1.04861 0 60 -0.4 0.225
346811 1.04861 0 60 -0.4 0.375
346811 1.04861 0 57.5 -0.4 0.525
346811 1.04861 0 57.5 -0.4 0.225
346811 1.04861 0 60 -0.4 0.525
346811 1.04861 0 57.5 -0.4 0.375
346811 1.04861 0 57.5 -0.4 10
346811 1.04861 0 60 -0.4 10
346076 1.04853 0 62.5 -0.4 0.525
346076 1.04853 0 62.5 -0.4 0.375
346076 1.04853 0 62.5 -0.4 10
346076 1.04853 0 62.5 -0.4 0.225
345185 1.03643 0 62.5 -0.8 0.375
345185 1.03643 0 62.5 -0.8 10
345185 1.03643 0 62.5 -0.8 0.525
345185 1.03643 0 62.5 -0.8 0.225
344517 1.02051 0 100 -0.8 10
335123 1.02177 0 100 -0.8 0.375
335053 1.03353 0 55 -1.2 10
335053 1.03353 0 55 -1.2 0.375
335053 1.03353 0 55 -1.2 0.525
335053 1.03353 0 55 -1.2 0.225
335001 1.04564 0 100 -0.4 0.225
334985 1.02292 0 100 -0.8 0.225
333669 1.02133 0 100 -0.8 0.525
325139 1.02656 0 62.5 -1.2 0.225
325139 1.02656 0 62.5 -1.2 10
325139 1.02656 0 62.5 -1.2 0.375
325139 1.02656 0 62.5 -1.2 0.525
317391 1.04082 0 100 -0.4 0.375
316318 1.05492 0 25 -10 0.375
316318 1.05492 0 25 -10 -0.075
316318 1.05492 0 25 -10 -0.225
316318 1.05492 0 25 -10 10
316172 1.03815 0 100 -0.4 10
316172 1.03938 0 100 -0.4 0.525
315357 1.05286 0 35 -0.8 0.525
315357 1.05286 0 35 -0.8 10
315357 1.05286 0 35 -0.8 0.375
315357 1.05286 0 35 -0.8 0.225
315117 1.05738 0 25 -10 -0.375
313313 1.04833 0 55 -0.8 -0.225
313183 1.00966 0 100 -1.2 10
310437 1.01206 0 100 -1.2 0.375
309297 1.0341 0 60 -1.2 -0.225
309297 1.0341 0 57.5 -1.2 -0.225
309282 1.01083 0 100 -1.2 0.525
308575 1.05652 0 25 -1.2 -0.075
308575 1.05652 0 25 -1.2 10
308575 1.05652 0 25 -1.2 -0.225
308575 1.05652 0 25 -1.2 0.375
307608 1.04577 0 57.5 -0.8 -0.225
307608 1.04577 0 60 -0.8 -0.225
307608 1.04577 0 100 -0.8 -0.225
307608 1.04577 0 62.5 -0.8 -0.225
307514 1.05918 0 25 -1.2 -0.375
307402 1.01372 0 100 -1.2 0.225
304826 1.0328 0 62.5 -1.2 -0.225
304826 1.0328 0 100 -1.2 -0.225
301251 1.04698 0 35 -1.2 0.375
301251 1.04698 0 35 -1.2 -0.225
301251 1.04698 0 35 -1.2 10
301251 1.04698 0 35 -1.2 -0.075
297476 1.03295 0 55 -1.2 -0.225
290553 1.05138 0 35 -0.8 -0.225
288969 1.06209 0 25 -0.8 -0.225
288969 1.06209 0 25 -0.8 0.375
288969 1.06209 0 25 -0.8 -0.075
288969 1.06209 0 25 -0.8 10
287989 1.06555 0 25 -0.8 -0.375
287787 1.04662 0 55 -0.4 10
287787 1.04662 0 55 -0.4 0.375
287787 1.04662 0 55 -0.4 0.525
287787 1.04662 0 55 -0.4 0.225
285957 1.04673 0 35 -1.2 -0.375
282923 1.05234 0 35 -0.4 10
282923 1.05234 0 35 -0.4 0.225
282923 1.05234 0 35 -0.4 0.525
282923 1.05234 0 35 -0.4 0.375
278918 1.0674 0 25 -0.4 0.375
278918 1.0674 0 25 -0.4 -0.075
278918 1.0674 0 25 -0.4 10
278918 1.0674 0 25 -0.4 -0.225
265404 1.06845 0 25 -0.4 -0.375
248126 1.06478 0 50 0.8 0.525
248126 1.06478 0 50 0.8 0.225
248126 1.06478 0 50 0.8 10
248126 1.06478 0 50 0.8 0.375
241412 1.04931 0 60 -0.4 -0.225
241412 1.04931 0 62.5 -0.4 -0.225
241412 1.04931 0 57.5 -0.4 -0.225
241412 1.04931 0 100 -0.4 -0.225
236479 1.071 0 45 0.8 0.225
236479 1.071 0 45 0.8 0.375
236479 1.071 0 45 0.8 0.525
236479 1.071 0 45 0.8 10
235560 1.05051 0 35 -0.4 -0.225
235213 1.04106 0 62.5 0 0.45
235213 1.04106 0 62.5 0 10
235213 1.04106 0 62.5 0 0.3
231871 1.04975 0 55 -0.4 -0.225
230650 1.05985 0 62.5 0.8 0.375
230650 1.05985 0 62.5 0.8 0.225
230650 1.05985 0 60 0.8 0.375
230650 1.05985 0 62.5 0.8 0.525
230650 1.05985 0 55 0.8 0.525
230650 1.05985 0 60 0.8 0.525
230650 1.05985 0 60 0.8 0.225
230650 1.05985 0 100 0.8 0.375
230650 1.05985 0 57.5 0.8 0.225
230650 1.05985 0 55 0.8 0.225
230650 1.05985 0 57.5 0.8 0.375
230650 1.05985 0 57.5 0.8 0.525
230650 1.05985 0 55 0.8 10
230650 1.05985 0 55 0.8 0.375
230650 1.05985 0 100 0.8 0.525
230650 1.05985 0 100 0.8 0.225
226792 1.04333 0 60 0 10
226792 1.04333 0 60 0 0.3
226792 1.04333 0 60 0 0.45
224999 1.03916 0 100 0 0.3
224121 1.03573 0 100 0 10
222710 1.04239 0 62.5 0 0.15
222696 1.03701 0 100 0 0.45
220661 1.05246 0 50 0.4 -0.075
220661 1.05246 0 45 0.4 -0.075
218719 1.04367 0 60 0 0.15
217699 1.05626 0 62.5 0.8 10
217699 1.05626 0 100 0.8 10
217699 1.05626 0 60 0.8 10
217699 1.05626 0 57.5 0.8 10
213067 1.0403 0 100 0 0.15
210137 1.09843 0 60 1.6 0.225
210137 1.09843 0 100 1.6 0.525
210137 1.09843 0 62.5 1.6 0.525
210137 1.09843 0 100 1.6 0.225
210137 1.09843 0 62.5 1.6 0.225
210137 1.09843 0 100 1.6 0.375
210137 1.09843 0 62.5 1.6 0.375
210137 1.09843 0 60 1.6 0.525
210137 1.09843 0 60 1.6 0.375
209959 1.04904 0 55 0 -0.3
209959 1.04904 0 62.5 0 -0.3
209959 1.04904 0 60 0 -0.3
209959 1.04904 0 45 0 -0.3
209959 1.04904 0 100 0 -0.3
209959 1.04904 0 57.5 0 -0.3
209959 1.04904 0 50 0 -0.3
209959 1.04904 0 35 0 -0.3
208371 1.05997 0 45 0.4 -0.225
208371 1.05997 0 50 0.4 -0.225
207596 1.11085 0 25 0.8 -0.375
206498 1.04281 0 57.5 0 0.3
206498 1.04281 0 57.5 0 10
206414 1.05446 0 25 0 -0.3
206414 1.05446 0 25 0 -0.15
206414 1.05446 0 25 0 10
206414 1.05446 0 25 0 0.3
205901 1.10955 0 50 1.6 10
205901 1.10955 0 45 1.6 0.525
205901 1.10955 0 50 1.6 0.375
205901 1.10955 0 57.5 1.6 0.375
205901 1.10955 0 55 1.6 0.225
205901 1.10955 0 57.5 1.6 0.525
205901 1.10955 0 55 1.6 0.525
205901 1.10955 0 57.5 1.6 0.225
205901 1.10955 0 45 1.6 0.375
205901 1.10955 0 55 1.6 0.375
205901 1.10955 0 45 1.6 0.225
205901 1.10955 0 45 1.6 10
205901 1.10955 0 50 1.6 0.525
205901 1.10955 0 50 1.6 0.225
204549 1.04791 0 45 0.4 0.375
204549 1.04791 0 50 0.4 10
204549 1.04791 0 45 0.4 10
204549 1.04791 0 50 0.4 0.375
204465 1.10851 0 25 0.8 -0.075
204465 1.10851 0 25 0.8 0.375
204465 1.10851 0 25 0.8 10
204465 1.10851 0 25 0.8 -0.225
202614 1.09292 0 50 1.2 -0.225
200288 1.04343 0 45 0 0.3
200288 1.04343 0 50 0 10
200288 1.04343 0 45 0 10
200288 1.04343 0 50 0 0.3
199488 1.04318 0 35 0 0.3
199488 1.04318 0 35 0 10
198402 1.05176 0 55 0 -0.45
198402 1.05176 0 35 0 -0.45
198402 1.05176 0 45 0 -0.45
198402 1.05176 0 57.5 0 -0.45
198402 1.05176 0 50 0 -0.45
195800 1.07043 0 45 0.4 -0.375
195800 1.07043 0 50 0.4 -0.375
195573 1.0882 0 50 1.2 -0.075
195134 1.1007 0 45 1.2 -0.225
193966 1.0441 0 55 0 -0.15
193966 1.0441 0 57.5 0 -0.15
193966 1.0441 0 50 0 -0.15
193966 1.0441 0 45 0 -0.15
193500 1.07825 0 55 0.8 -0.225
193500 1.07825 0 62.5 0.8 -0.225
193500 1.07825 0 100 0.8 -0.225
193500 1.07825 0 45 0.8 -0.225
193500 1.07825 0 60 0.8 -0.225
193500 1.07825 0 57.5 0.8 -0.225
193500 1.07825 0 50 0.8 -0.225
193191 1.04384 0 35 0 -0.15
192770 1.04112 0 55 0 10
192770 1.04112 0 55 0 0.3
191606 1.09789 0 45 1.2 -0.075
190045 1.08551 0 62.5 1.6 10
190045 1.08551 0 60 1.6 10
190045 1.08551 0 100 1.6 10
188677 1.11266 0 60 1.6 -0.225
188677 1.11266 0 25 1.6 0.375
188677 1.11266 0 35 1.6 -0.075
188677 1.11266 0 50 1.6 -0.225
188677 1.11266 0 35 1.6 0.375
188677 1.11266 0 57.5 1.6 -0.225
188677 1.11266 0 25 1.6 10
188677 1.11266 0 25 1.6 -0.225
188677 1.11266 0 45 1.6 -0.225
188677 1.11266 0 35 1.6 10
188677 1.11266 0 62.5 1.6 -0.225
188677 1.11266 0 35 1.6 -0.225
188677 1.11266 0 55 1.6 -0.225
188677 1.11266 0 25 1.6 -0.075
188677 1.11266 0 100 1.6 -0.225
188255 1.07526 0 35 0.8 -0.075
186217 1.09478 0 55 1.6 10
186217 1.09478 0 57.5 1.6 10
184400 1.08186 0 35 0.8 -0.225
182364 1.07179 0 35 0.8 10
182364 1.07179 0 35 0.8 0.375
178161 1.1016 0 45 1.2 -0.375
178161 1.1016 0 50 1.2 -0.375
177245 1.067 0 50 1.2 10
177245 1.067 0 50 1.2 0.375
176334 1.12056 0 15 0.8 10
176334 1.12056 0 15 0.8 0.375
176334 1.12056 0 15 0.8 0.225
176334 1.12056 0 15 0.8 0.525
175702 1.11975 0 15 0.4 10
175702 1.11975 0 15 0.4 0.225
175702 1.11975 0 15 0.4 0.375
175702 1.11975 0 15 0.4 0.525
173996 1.11825 0 35 1.6 -0.375
173996 1.11825 0 25 1.6 -0.375
173719 1.08472 0 35 0.8 -0.375
171250 1.09531 0 15 0 0.45
171250 1.09531 0 15 0 0.3
171250 1.09531 0 15 0 10
171250 1.09531 0 15 0 0.15
170711 1.07057 0 45 1.2 0.375
170711 1.07057 0 45 1.2 10
167522 1.04953 0 25 0 -0.45
166694 1.07797 0 15 -0.8 0.525
166694 1.07797 0 15 -0.8 10
166694 1.07797 0 15 -0.8 0.225
166694 1.07797 0 15 -0.8 0.375
163120 1.02929 21 100 -10 10
160690 1.06331 0 15 -10 0.375
160690 1.06331 0 15 -10 0.525
160690 1.06331 0 15 -10 0.225
160690 1.06331 0 15 -10 10
158709 1.12292 0 15 0.8 -0.225
158089 1.12192 0 15 0.4 -0.225
157092 1.11977 0 15 1.2 0.525
157092 1.11977 0 15 1.2 0.225
157092 1.11977 0 15 1.2 0.375
157092 1.11977 0 15 1.2 10
154145 1.09215 0 15 0 -0.3
152634 1.08931 0 45 2.4 0.375
152634 1.08931 0 45 2.4 10
152634 1.08931 0 50 2.4 0.375
152634 1.08931 0 50 2.4 0.525
152634 1.08931 0 50 2.4 0.225
152634 1.08931 0 50 2.4 10
152634 1.08931 0 45 2.4 0.225
152634 1.08931 0 45 2.4 0.525
152531 1.09027 21 100 -10 -0.075
150045 1.07245 0 15 -0.8 -0.225
148938 1.08551 21 100 -10 -0.375
148938 1.08551 21 100 -10 -0.225
147638 1.0599 21 100 -10 0.375
145385 1.1345 21 45 1.6 -0.075
145385 1.1345 21 52.5 1.6 10
145385 1.1345 21 55 1.6 10
145385 1.1345 21 55 1.6 -0.375
145385 1.1345 21 45 1.6 -0.225
145385 1.1345 21 45 1.6 0.375
145385 1.1345 21 100 1.6 -0.075
145385 1.1345 21 47.5 1.6 -0.375
145385 1.1345 21 40 1.6 -0.225
145385 1.1345 21 100 1.6 10
145385 1.1345 21 25 1.6 0.375
145385 1.1345 21 52.5 1.6 -0.375
145385 1.1345 21 52.5 1.6 -0.075
145385 1.1345 21 100 1.6 -0.375
145385 1.1345 21 47.5 1.6 -0.075
145385 1.1345 21 47.5 1.6 -0.225
145385 1.1345 21 47.5 1.6 0.375
145385 1.1345 21 100 1.6 0.375
145385 1.1345 21 52.5 1.6 -0.225
145385 1.1345 21 50 1.6 0.375
145385 1.1345 21 50 1.6 -0.225
145385 1.1345 21 50 1.6 -0.075
145385 1.1345 21 50 1.6 -0.375
145385 1.1345 21 50 1.6 10
145385 1.1345 21 25 1.6 -0.225
145385 1.1345 21 25 1.6 -0.075
145385 1.1345 21 25 1.6 -0.375
145385 1.1345 21 40 1.6 10
145385 1.1345 21 40 1.6 -0.375
145385 1.1345 21 55 1.6 -0.075
145385 1.1345 21 55 1.6 -0.225
145385 1.1345 21 55 1.6 0.375
145385 1.1345 21 40 1.6 -0.075
145385 1.1345 21 35 1.6 -0.225
145385 1.1345 21 40 1.6 0.375
145385 1.1345 21 45 1.6 -0.375
145385 1.1345 21 45 1.6 10
145385 1.1345 21 35 1.6 0.375
145385 1.1345 21 47.5 1.6 10
145385 1.1345 21 100 1.6 -0.225
145385 1.1345 21 35 1.6 10
145385 1.1345 21 35 1.6 -0.375
145385 1.1345 21 35 1.6 -0.075
145385 1.1345 21 52.5 1.6 0.375
145385 1.1345 21 25 1.6 10
144612 1.09862 21 50 -10 -0.375
144612 1.09862 21 50 -10 -0.075
144612 1.09862 21 50 -10 -0.225
144612 1.09862 21 50 -10 10
144612 1.09862 21 47.5 -10 0.375
144612 1.09862 21 45 -10 10
144612 1.09862 21 45 -10 -0.375
144612 1.09862 21 45 -10 0.375
144612 1.09862 21 45 -10 -0.075
144612 1.09862 21 45 -10 -0.225
144612 1.09862 21 47.5 -10 -0.375
144612 1.09862 21 47.5 -10 -0.075
144612 1.09862 21 47.5 -10 -0.225
144612 1.09862 21 47.5 -10 10
144612 1.09862 21 50 -10 0.375
144608 1.05648 0 15 -10 -0.225
144095 1.0782 21 52.5 -10 0.375
144095 1.0782 21 55 -10 -0.225
144095 1.0782 21 52.5 -10 -0.075
144095 1.0782 21 52.5 -10 -0.225
144095 1.0782 21 52.5 -10 -0.375
144095 1.0782 21 52.5 -10 10
144095 1.0782 21 55 -10 -0.375
144095 1.0782 21 55 -10 -0.075
142595 1.12672 21 25 0.4 10
142595 1.12672 21 25 -10 -0.075
142595 1.12672 21 25 -10 -0.375
142595 1.12672 21 25 -10 10
142595 1.12672 21 25 0.4 0.375
142595 1.12672 21 25 0 10
142595 1.12672 21 25 0.8 0.375
142595 1.12672 21 25 0.8 -0.225
142595 1.12672 21 25 0.8 -0.075
142595 1.12672 21 25 0.8 -0.375
142595 1.12672 21 25 0.8 10
142595 1.12672 21 25 -10 -0.225
142595 1.12672 21 25 0 -0.45
142595 1.12672 21 25 0.4 -0.225
142595 1.12672 21 25 0.4 -0.375
142595 1.12672 21 25 0.4 -0.075
142595 1.12672 21 25 -10 0.375
142595 1.12672 21 25 0 0.3
142595 1.12672 21 25 0 -0.3
142595 1.12672 21 25 0 -0.15
141959 1.06268 21 55 -10 0.375
141959 1.06268 21 55 -10 10
141361 1.12266 0 15 1.2 -0.225
137950 1.11502 21 55 0.8 0.375
137950 1.11502 21 100 0.8 10
137950 1.11502 21 100 0.8 -0.375
137950 1.11502 21 100 0.8 -0.075
137950 1.11502 21 100 0.8 -0.225
137950 1.11502 21 100 0.8 0.375
137950 1.11502 21 35 0.8 10
137950 1.11502 21 35 0.8 -0.375
137950 1.11502 21 55 0.8 -0.225
137950 1.11502 21 35 0.8 -0.075
137950 1.11502 21 35 0.8 -0.225
137950 1.11502 21 35 0.8 0.375
137950 1.11502 21 52.5 0.8 0.375
137950 1.11502 21 52.5 0.8 -0.225
137950 1.11502 21 52.5 0.8 -0.075
137950 1.11502 21 52.5 0.8 -0.375
137950 1.11502 21 52.5 0.8 10
137950 1.11502 21 47.5 0.8 10
137950 1.11502 21 47.5 0.8 0.375
137950 1.11502 21 47.5 0.8 -0.225
137950 1.11502 21 45 0.8 10
137950 1.11502 21 45 0.8 -0.375
137950 1.11502 21 45 0.8 -0.075
137950 1.11502 21 45 0.8 -0.225
137950 1.11502 21 45 0.8 0.375
137950 1.11502 21 47.5 0.8 -0.375
137950 1.11502 21 55 0.8 -0.075
137950 1.11502 21 55 0.8 -0.375
137950 1.11502 21 47.5 0.8 -0.075
137950 1.11502 21 55 0.8 10
137950 1.11502 21 50 0.8 10
137950 1.11502 21 50 0.8 -0.375
137950 1.11502 21 50 0.8 0.375
137950 1.11502 21 40 0.8 0.375
137950 1.11502 21 40 0.8 -0.225
137950 1.11502 21 40 0.8 -0.075
137950 1.11502 21 40 0.8 -0.375
137950 1.11502 21 40 0.8 10
137950 1.11502 21 50 0.8 -0.075
137950 1.11502 21 50 0.8 -0.225
137323 1.11202 21 25 1.2 10
137323 1.11202 21 25 1.2 0.375
137323 1.11202 21 25 1.2 -0.225
137323 1.11202 21 25 1.2 -0.075
137323 1.11202 21 25 1.2 -0.375
135566 1.10914 24 100 -10 -0.075
133881 1.10476 21 40 0.4 10
133881 1.10476 21 40 0.4 -0.375
133881 1.10476 21 40 0.4 -0.075
133881 1.10476 21 40 0.4 -0.225
133881 1.10476 21 45 0 10
133881 1.10476 21 45 0 -0.45
133881 1.10476 21 45 0 -0.15
133881 1.10476 21 45 0 -0.3
133881 1.10476 21 45 0 0.3
133881 1.10476 21 35 -10 10
133881 1.10476 21 35 -10 -0.375
133881 1.10476 21 35 -10 -0.075
133881 1.10476 21 35 -10 -0.225
133881 1.10476 21 35 -10 0.375
133881 1.10476 21 40 0.4 0.375
133881 1.10476 21 47.5 0.4 10
133881 1.10476 21 35 0 10
133881 1.10476 21 35 0 -0.45
133881 1.10476 21 35 0 -0.15
133881 1.10476 21 35 0.4 10
133881 1.10476 21 35 0.4 -0.375
133881 1.10476 21 35 0.4 -0.075
133881 1.10476 21 35 0.4 -0.225
133881 1.10476 21 35 0.4 0.375
133881 1.10476 21 35 0 -0.3
133881 1.10476 21 55 0.4 10
133881 1.10476 21 100 0.4 0.375
133881 1.10476 21 100 0.4 -0.225
133881 1.10476 21 100 0.4 -0.075
133881 1.10476 21 100 0.4 -0.375
133881 1.10476 21 100 0.4 10
133881 1.10476 21 45 0.4 0.375
133881 1.10476 21 40 0 10
133881 1.10476 21 40 0 -0.45
133881 1.10476 21 40 0 -0.15
133881 1.10476 21 40 0 -0.3
133881 1.10476 21 40 -10 0.375
133881 1.10476 21 40 -10 -0.225
133881 1.10476 21 40 -10 -0.075
133881 1.10476 21 40 -10 -0.375
133881 1.10476 21 40 -10 10
133881 1.10476 21 52.5 0 0.3
133881 1.10476 21 52.5 0 -0.3
133881 1.10476 21 52.5 0 -0.15
133881 1.10476 21 52.5 0 -0.45
133881 1.10476 21 52.5 0 10
133881 1.10476 21 40 0 0.3
133881 1.10476 21 50 0.4 10
133881 1.10476 21 50 0.4 -0.375
133881 1.10476 21 50 0.4 -0.075
133881 1.10476 21 50 0.4 -0.225
133881 1.10476 21 50 0.4 0.375
133881 1.10476 21 100 0 0.3
133881 1.10476 21 100 0 -0.3
133881 1.10476 21 100 0 -0.15
133881 1.10476 21 100 0 -0.45
133881 1.10476 21 47.5 0.4 -0.375
133881 1.10476 21 47.5 0.4 -0.075
133881 1.10476 21 47.5 0.4 -0.225
133881 1.10476 21 47.5 0.4 0.375
133881 1.10476 21 45 0.4 -0.225
133881 1.10476 21 45 0.4 -0.075
133881 1.10476 21 45 0.4 -0.375
133881 1.10476 21 45 0.4 10
133881 1.10476 21 55 0 0.3
133881 1.10476 21 55 0 -0.3
133881 1.10476 21 52.5 0.4 0.375
133881 1.10476 21 52.5 0.4 -0.225
133881 1.10476 21 52.5 0.4 -0.075
133881 1.10476 21 52.5 0.4 -0.375
133881 1.10476 21 52.5 0.4 10
133881 1.10476 21 55 0 -0.15
133881 1.10476 21 55 0 -0.45
133881 1.10476 21 55 0 10
133881 1.10476 21 50 0 10
133881 1.10476 21 50 0 -0.45
133881 1.10476 21 47.5 0 0.3
133881 1.10476 21 47.5 0 -0.3
133881 1.10476 21 47.5 0 -0.15
133881 1.10476 21 47.5 0 -0.45
133881 1.10476 21 47.5 0 10
133881 1.10476 21 50 0 -0.15
133881 1.10476 21 35 0 0.3
133881 1.10476 21 50 0 -0.3
133881 1.10476 21 50 0 0.3
133881 1.10476 21 100 0 10
133881 1.10476 21 55 0.4 0.375
133881 1.10476 21 55 0.4 -0.225
133881 1.10476 21 55 0.4 -0.075
133881 1.10476 21 55 0.4 -0.375
133159 1.10108 21 52.5 1.2 10
133159 1.10108 21 47.5 1.2 0.375
133159 1.10108 21 47.5 1.2 -0.225
133159 1.10108 21 47.5 1.2 -0.075
133159 1.10108 21 47.5 1.2 -0.375
133159 1.10108 21 47.5 1.2 10
133159 1.10108 21 52.5 1.2 -0.375
133159 1.10108 21 52.5 1.2 -0.075
133159 1.10108 21 52.5 1.2 -0.225
133159 1.10108 21 52.5 1.2 0.375
133159 1.10108 21 40 1.2 10
133159 1.10108 21 40 1.2 -0.375
133159 1.10108 21 40 1.2 -0.075
133159 1.10108 21 40 1.2 -0.225
133159 1.10108 21 40 1.2 0.375
133159 1.10108 21 50 1.2 10
133159 1.10108 21 50 1.2 -0.375
133159 1.10108 21 50 1.2 -0.075
133159 1.10108 21 50 1.2 -0.225
133159 1.10108 21 50 1.2 0.375
133159 1.10108 21 35 1.2 10
133159 1.10108 21 55 1.2 10
133159 1.10108 21 55 1.2 -0.375
133159 1.10108 21 55 1.2 -0.075
133159 1.10108 21 55 1.2 -0.225
133159 1.10108 21 55 1.2 0.375
133159 1.10108 21 45 1.2 10
133159 1.10108 21 45 1.2 -0.375
133159 1.10108 21 45 1.2 -0.075
133159 1.10108 21 45 1.2 -0.225
133159 1.10108 21 45 1.2 0.375
133159 1.10108 21 100 1.2 0.375
133159 1.10108 21 100 1.2 -0.225
133159 1.10108 21 100 1.2 10
133159 1.10108 21 35 1.2 -0.375
133159 1.10108 21 35 1.2 -0.075
133159 1.10108 21 35 1.2 -0.225
133159 1.10108 21 35 1.2 0.375
133159 1.10108 21 100 1.2 -0.075
133159 1.10108 21 100 1.2 -0.375
132392 1.10121 24 100 -10 -0.225
132392 1.10121 24 100 -10 -0.375
131231 1.05908 24 100 -10 0.375
129763 1.02368 24 100 -10 10
128269 1.13294 0 45 2.4 -0.225
128269 1.13294 0 50 2.4 -0.225
124784 1.24798 27 40 0 10
124784 1.24798 27 35 -0.8 -0.075
124784 1.24798 27 35 -0.8 -0.375
124784 1.24798 27 35 -0.8 10
124784 1.24798 27 35 -0.4 0.375
124784 1.24798 27 35 -0.4 -0.225
124784 1.24798 27 35 -0.4 -0.075
124784 1.24798 27 35 -0.4 -0.375
124784 1.24798 27 35 -0.4 10
124784 1.24798 27 35 -1.2 0.375
124784 1.24798 27 35 -1.2 -0.225
124784 1.24798 27 35 -1.2 -0.075
124784 1.24798 27 35 -1.2 -0.375
124784 1.24798 27 35 -1.2 10
124784 1.24798 27 35 -10 0.375
124784 1.24798 27 35 -10 -0.225
124784 1.24798 27 40 -10 0.375
124784 1.24798 27 37.5 0.8 -0.225
124784 1.24798 27 100 -10 -0.375
124784 1.24798 27 100 -10 -0.075
124784 1.24798 27 35 -10 -0.075
124784 1.24798 27 35 -10 -0.375
124784 1.24798 27 100 -10 -0.225
124784 1.24798 27 100 -1.2 10
124784 1.24798 27 100 -1.2 -0.375
124784 1.24798 27 100 -1.2 -0.075
124784 1.24798 27 100 -1.2 -0.225
124784 1.24798 27 100 -1.2 0.375
124784 1.24798 27 35 -10 10
124784 1.24798 27 45 0 0.3
124784 1.24798 27 45 0 -0.3
124784 1.24798 27 45 0 -0.15
124784 1.24798 27 45 0 -0.45
124784 1.24798 27 45 0 10
124784 1.24798 27 100 -0.4 10
124784 1.24798 27 100 -0.4 -0.375
124784 1.24798 27 100 -0.4 -0.075
124784 1.24798 27 100 -0.4 -0.225
124784 1.24798 27 100 -0.4 0.375
124784 1.24798 27 35 -0.8 0.375
124784 1.24798 27 35 0.8 10
124784 1.24798 27 35 0.8 -0.375
124784 1.24798 27 35 0.8 -0.075
124784 1.24798 27 100 -0.8 10
124784 1.24798 27 100 -0.8 -0.375
124784 1.24798 27 100 -0.8 -0.075
124784 1.24798 27 100 -0.8 -0.225
124784 1.24798 27 100 -0.8 0.375
124784 1.24798 27 35 0.8 -0.225
124784 1.24798 27 35 0.8 0.375
124784 1.24798 27 100 0.8 10
124784 1.24798 27 100 0.8 -0.375
124784 1.24798 27 100 0.8 -0.075
124784 1.24798 27 100 0.8 -0.225
124784 1.24798 27 100 0.8 0.375
124784 1.24798 27 35 0 10
124784 1.24798 27 35 0 -0.45
124784 1.24798 27 45 0.8 0.375
124784 1.24798 27 100 0 10
124784 1.24798 27 100 0 -0.45
124784 1.24798 27 45 0.8 -0.225
124784 1.24798 27 45 0.8 -0.075
124784 1.24798 27 45 0.8 -0.375
124784 1.24798 27 45 0.8 10
124784 1.24798 27 45 -0.8 0.375
124784 1.24798 27 45 -0.8 -0.225
124784 1.24798 27 45 -0.8 -0.075
124784 1.24798 27 45 -0.8 -0.375
124784 1.24798 27 45 -0.8 10
124784 1.24798 27 45 -0.4 0.375
124784 1.24798 27 45 -0.4 -0.225
124784 1.24798 27 45 -0.4 -0.075
124784 1.24798 27 45 -0.4 -0.375
124784 1.24798 27 45 -0.4 10
124784 1.24798 27 45 -1.2 0.375
124784 1.24798 27 45 -1.2 -0.225
124784 1.24798 27 45 -1.2 -0.075
124784 1.24798 27 45 -1.2 -0.375
124784 1.24798 27 100 0 -0.15
124784 1.24798 27 45 -1.2 10
124784 1.24798 27 45 -10 0.375
124784 1.24798 27 45 -10 -0.225
124784 1.24798 27 45 -10 -0.075
124784 1.24798 27 45 -10 -0.375
124784 1.24798 27 45 -10 10
124784 1.24798 27 100 0 -0.3
124784 1.24798 27 100 0 0.3
124784 1.24798 27 37.5 -10 10
124784 1.24798 27 55 0 0.3
124784 1.24798 27 55 0 -0.3
124784 1.24798 27 55 0 -0.15
124784 1.24798 27 55 0 -0.45
124784 1.24798 27 55 0 10
124784 1.24798 27 40 -1.2 10
124784 1.24798 27 37.5 -10 -0.375
124784 1.24798 27 37.5 -10 -0.075
124784 1.24798 27 37.5 -10 -0.225
124784 1.24798 27 37.5 -10 0.375
124784 1.24798 27 35 0 -0.15
124784 1.24798 27 35 0 -0.3
124784 1.24798 27 35 0 0.3
124784 1.24798 27 25 -10 10
124784 1.24798 27 25 -10 -0.375
124784 1.24798 27 25 -10 -0.075
124784 1.24798 27 25 -10 -0.225
124784 1.24798 27 40 -1.2 -0.375
124784 1.24798 27 37.5 -1.2 10
124784 1.24798 27 40 -1.2 -0.075
124784 1.24798 27 40 -1.2 -0.225
124784 1.24798 27 40 -1.2 0.375
124784 1.24798 27 37.5 -1.2 -0.375
124784 1.24798 27 37.5 -1.2 -0.075
124784 1.24798 27 37.5 -1.2 -0.225
124784 1.24798 27 37.5 -1.2 0.375
124784 1.24798 27 25 -10 0.375
124784 1.24798 27 25 -1.2 10
124784 1.24798 27 25 -1.2 -0.375
124784 1.24798 27 25 -1.2 -0.075
124784 1.24798 27 25 -1.2 -0.225
124784 1.24798 27 25 -1.2 0.375
124784 1.24798 27 37.5 -0.4 10
124784 1.24798 27 37.5 -0.4 -0.375
124784 1.24798 27 37.5 -0.4 -0.075
124784 1.24798 27 37.5 -0.4 -0.225
124784 1.24798 27 25 -0.4 10
124784 1.24798 27 25 -0.4 -0.375
124784 1.24798 27 25 -0.4 -0.075
124784 1.24798 27 25 -0.4 -0.225
124784 1.24798 27 25 -0.4 0.375
124784 1.24798 27 25 -0.8 10
124784 1.24798 27 25 -0.8 -0.375
124784 1.24798 27 55 0.8 0.375
124784 1.24798 27 55 0.8 -0.225
124784 1.24798 27 37.5 -0.4 0.375
124784 1.24798 27 37.5 -0.8 10
124784 1.24798 27 37.5 -0.8 -0.375
124784 1.24798 27 37.5 -0.8 -0.075
124784 1.24798 27 37.5 -0.8 -0.225
124784 1.24798 27 55 0.8 -0.075
124784 1.24798 27 55 0.8 -0.375
124784 1.24798 27 55 0.8 10
124784 1.24798 27 55 -0.8 0.375
124784 1.24798 27 37.5 -0.8 0.375
124784 1.24798 27 37.5 0.8 10
124784 1.24798 27 37.5 0.8 -0.375
124784 1.24798 27 37.5 0.8 -0.075
124784 1.24798 27 40 -0.4 10
124784 1.24798 27 55 -0.8 -0.225
124784 1.24798 27 55 -0.8 -0.075
124784 1.24798 27 55 -0.8 -0.375
124784 1.24798 27 55 -0.8 10
124784 1.24798 27 55 -0.4 0.375
124784 1.24798 27 55 -0.4 -0.225
124784 1.24798 27 55 -0.4 -0.075
124784 1.24798 27 55 -0.4 -0.375
124784 1.24798 27 55 -0.4 10
124784 1.24798 27 55 -1.2 0.375
124784 1.24798 27 55 -1.2 -0.225
124784 1.24798 27 55 -1.2 -0.075
124784 1.24798 27 55 -1.2 -0.375
124784 1.24798 27 55 -1.2 10
124784 1.24798 27 40 -0.4 -0.375
124784 1.24798 27 37.5 0.8 0.375
124784 1.24798 27 37.5 0 10
124784 1.24798 27 37.5 0 -0.45
124784 1.24798 27 37.5 0 -0.15
124784 1.24798 27 37.5 0 -0.3
124784 1.24798 27 55 -10 -0.225
124784 1.24798 27 55 -10 -0.075
124784 1.24798 27 55 -10 -0.375
124784 1.24798 27 40 -0.4 -0.075
124784 1.24798 27 50 0 0.3
124784 1.24798 27 50 0 -0.3
124784 1.24798 27 50 0 -0.15
124784 1.24798 27 50 0 -0.45
124784 1.24798 27 50 0 10
124784 1.24798 27 37.5 0 0.3
124784 1.24798 27 42.5 -10 10
124784 1.24798 27 42.5 -10 -0.375
124784 1.24798 27 42.5 -10 -0.075
124784 1.24798 27 42.5 -10 -0.225
124784 1.24798 27 25 -0.8 -0.075
124784 1.24798 27 25 -0.8 -0.225
124784 1.24798 27 25 -0.8 0.375
124784 1.24798 27 25 0.8 10
124784 1.24798 27 25 0.8 -0.375
124784 1.24798 27 25 0.8 -0.075
124784 1.24798 27 35 -0.8 -0.225
124784 1.24798 27 25 0.8 -0.225
124784 1.24798 27 25 0.8 0.375
124784 1.24798 27 42.5 -10 0.375
124784 1.24798 27 50 0.8 0.375
124784 1.24798 27 50 0.8 -0.225
124784 1.24798 27 50 0.8 -0.075
124784 1.24798 27 50 0.8 -0.375
124784 1.24798 27 50 0.8 10
124784 1.24798 27 50 -0.8 0.375
124784 1.24798 27 50 -0.8 -0.225
124784 1.24798 27 50 -0.8 -0.075
124784 1.24798 27 50 -0.8 -0.375
124784 1.24798 27 50 -0.8 10
124784 1.24798 27 50 -0.4 0.375
124784 1.24798 27 50 -0.4 -0.225
124784 1.24798 27 50 -0.4 -0.075
124784 1.24798 27 50 -0.4 -0.375
124784 1.24798 27 50 -0.4 10
124784 1.24798 27 50 -1.2 0.375
124784 1.24798 27 50 -1.2 -0.225
124784 1.24798 27 50 -1.2 -0.075
124784 1.24798 27 50 -1.2 -0.375
124784 1.24798 27 50 -1.2 10
124784 1.24798 27 50 -10 0.375
124784 1.24798 27 50 -10 -0.225
124784 1.24798 27 50 -10 -0.075
124784 1.24798 27 42.5 -1.2 10
124784 1.24798 27 42.5 -1.2 -0.375
124784 1.24798 27 42.5 -1.2 -0.075
124784 1.24798 27 42.5 -1.2 -0.225
124784 1.24798 27 42.5 -1.2 0.375
124784 1.24798 27 42.5 -0.4 10
124784 1.24798 27 42.5 -0.4 -0.375
124784 1.24798 27 40 -0.4 -0.225
124784 1.24798 27 50 -10 -0.375
124784 1.24798 27 50 -10 10
124784 1.24798 27 40 0 0.3
124784 1.24798 27 40 0 -0.3
124784 1.24798 27 40 0 -0.15
124784 1.24798 27 40 0 -0.45
124784 1.24798 27 42.5 -0.4 -0.075
124784 1.24798 27 42.5 -0.4 -0.225
124784 1.24798 27 42.5 -0.4 0.375
124784 1.24798 27 42.5 -0.8 10
124784 1.24798 27 42.5 -0.8 -0.375
124784 1.24798 27 42.5 -0.8 -0.075
124784 1.24798 27 42.5 -0.8 -0.225
124784 1.24798 27 42.5 -0.8 0.375
124784 1.24798 27 42.5 0.8 10
124784 1.24798 27 42.5 0.8 -0.375
124784 1.24798 27 42.5 0.8 -0.075
124784 1.24798 27 42.5 0.8 -0.225
124784 1.24798 27 42.5 0.8 0.375
124784 1.24798 27 42.5 0 10
124784 1.24798 27 25 0 10
124784 1.24798 27 42.5 0 -0.45
124784 1.24798 27 25 0 -0.45
124784 1.24798 27 25 0 -0.15
124784 1.24798 27 25 0 -0.3
124784 1.24798 27 25 0 0.3
124784 1.24798 27 42.5 0 -0.15
124784 1.24798 27 42.5 0 -0.3
124784 1.24798 27 42.5 0 0.3
124784 1.24798 27 40 -10 10
124784 1.24798 27 40 -10 -0.375
124784 1.24798 27 40 -10 -0.075
124784 1.24798 27 40 0.8 0.375
124784 1.24798 27 40 -10 -0.225
124784 1.24798 27 40 0.8 -0.225
124784 1.24798 27 40 0.8 -0.075
124784 1.24798 27 40 -0.4 0.375
124784 1.24798 27 40 0.8 -0.375
124784 1.24798 27 40 0.8 10
124784 1.24798 27 40 -0.8 0.375
124784 1.24798 27 40 -0.8 -0.225
124784 1.24798 27 40 -0.8 -0.075
124784 1.24798 27 40 -0.8 -0.375
124784 1.24798 27 40 -0.8 10
123881 1.1131 0 60 3.2 10
123881 1.1131 0 62.5 3.2 10
123881 1.1131 0 100 3.2 10
123881 1.1131 0 57.5 3.2 10
122925 1.11653 27 55 -10 10
122925 1.11653 27 55 -10 0.375
121816 1.10376 0 15 1.6 10
121816 1.10376 0 15 1.6 0.525
121816 1.10376 0 15 1.6 0.375
121816 1.10376 0 15 1.6 0.225
121364 1.21373 30 25 2 -0.375
121364 1.21373 30 25 2 -0.075
121364 1.21373 30 25 2 -0.225
121364 1.21373 30 25 2 0.375
121364 1.21373 30 25 2 10
121364 1.21373 30 35 1.6 0.375
121364 1.21373 30 100 2 0.375
121364 1.21373 30 100 2 -0.225
121364 1.21373 30 35 1.6 -0.225
121364 1.21373 30 100 2 -0.075
121364 1.21373 30 100 2 -0.375
121364 1.21373 30 100 2 10
121364 1.21373 24 40 1.6 0.375
121364 1.21373 24 40 1.6 -0.225
121364 1.21373 24 40 1.6 -0.075
121364 1.21373 24 40 1.6 -0.375
121364 1.21373 24 40 1.6 10
121364 1.21373 30 60 2 10
121364 1.21373 27 25 1.6 0.375
121364 1.21373 27 42.5 1.6 0.375
121364 1.21373 27 42.5 1.6 -0.225
121364 1.21373 27 42.5 1.6 -0.075
121364 1.21373 30 50 1.6 0.375
121364 1.21373 27 42.5 1.6 -0.375
121364 1.21373 27 42.5 1.6 10
121364 1.21373 27 25 1.6 -0.225
121364 1.21373 30 60 2 -0.375
121364 1.21373 30 60 2 -0.075
121364 1.21373 30 60 2 -0.225
121364 1.21373 30 60 2 0.375
121364 1.21373 27 25 1.6 -0.075
121364 1.21373 27 25 1.6 -0.375
121364 1.21373 27 40 1.6 10
121364 1.21373 27 40 1.6 -0.375
121364 1.21373 27 40 1.6 -0.075
121364 1.21373 27 40 1.6 -0.225
121364 1.21373 27 40 1.6 0.375
121364 1.21373 24 37.5 1.6 -0.225
121364 1.21373 24 35 1.6 0.375
121364 1.21373 24 35 1.6 -0.225
121364 1.21373 30 35 1.6 -0.075
121364 1.21373 24 25 1.6 10
121364 1.21373 24 25 1.6 -0.375
121364 1.21373 24 25 1.6 -0.075
121364 1.21373 24 25 1.6 -0.225
121364 1.21373 24 25 1.6 0.375
121364 1.21373 30 35 1.6 -0.375
121364 1.21373 30 35 1.6 10
121364 1.21373 24 35 1.6 -0.075
121364 1.21373 24 35 1.6 -0.375
121364 1.21373 24 35 1.6 10
121364 1.21373 27 25 1.6 10
121364 1.21373 27 50 1.6 10
121364 1.21373 27 50 1.6 -0.375
121364 1.21373 27 50 1.6 -0.075
121364 1.21373 27 50 1.6 -0.225
121364 1.21373 27 50 1.6 0.375
121364 1.21373 30 35 2 0.375
121364 1.21373 30 35 2 -0.225
121364 1.21373 30 35 2 -0.075
121364 1.21373 30 35 2 -0.375
121364 1.21373 27 37.5 1.6 0.375
121364 1.21373 27 37.5 1.6 -0.225
121364 1.21373 27 37.5 1.6 -0.075
121364 1.21373 30 50 1.6 -0.225
121364 1.21373 30 50 1.6 -0.075
121364 1.21373 30 50 1.6 -0.375
121364 1.21373 30 50 1.6 10
121364 1.21373 27 37.5 1.6 -0.375
121364 1.21373 27 37.5 1.6 10
121364 1.21373 30 100 1.6 10
121364 1.21373 30 100 1.6 -0.375
121364 1.21373 30 100 1.6 -0.075
121364 1.21373 30 100 1.6 -0.225
121364 1.21373 30 35 2 10
121364 1.21373 30 45 1.6 0.375
121364 1.21373 30 45 1.6 -0.225
121364 1.21373 30 45 1.6 -0.075
121364 1.21373 30 45 1.6 -0.375
121364 1.21373 30 45 1.6 10
121364 1.21373 24 50 1.6 10
121364 1.21373 24 50 1.6 -0.375
121364 1.21373 24 50 1.6 -0.075
121364 1.21373 24 50 1.6 -0.225
121364 1.21373 24 50 1.6 0.375
121364 1.21373 30 60 1.6 10
121364 1.21373 30 60 1.6 -0.375
121364 1.21373 30 60 1.6 -0.075
121364 1.21373 30 60 1.6 -0.225
121364 1.21373 24 45 1.6 0.375
121364 1.21373 24 45 1.6 -0.225
121364 1.21373 24 45 1.6 -0.075
121364 1.21373 30 25 1.6 10
121364 1.21373 30 25 1.6 -0.375
121364 1.21373 30 25 1.6 -0.075
121364 1.21373 30 25 1.6 -0.225
121364 1.21373 30 25 1.6 0.375
121364 1.21373 24 45 1.6 -0.375
121364 1.21373 24 45 1.6 10
121364 1.21373 27 55 1.6 10
121364 1.21373 27 55 1.6 -0.375
121364 1.21373 27 55 1.6 -0.075
121364 1.21373 27 55 1.6 -0.225
121364 1.21373 27 55 1.6 0.375
121364 1.21373 30 45 2 0.375
121364 1.21373 30 45 2 -0.225
121364 1.21373 30 45 2 -0.075
121364 1.21373 30 60 1.6 0.375
121364 1.21373 30 45 2 -0.375
121364 1.21373 30 45 2 10
121364 1.21373 27 100 1.6 0.375
121364 1.21373 27 100 1.6 -0.225
121364 1.21373 27 100 1.6 -0.075
121364 1.21373 27 100 1.6 -0.375
121364 1.21373 27 100 1.6 10
121364 1.21373 30 100 1.6 0.375
121364 1.21373 27 35 1.6 0.375
121364 1.21373 27 35 1.6 -0.225
121364 1.21373 27 35 1.6 -0.075
121364 1.21373 27 35 1.6 -0.375
121364 1.21373 27 35 1.6 10
121364 1.21373 30 55 1.6 0.375
121364 1.21373 30 55 1.6 -0.225
121364 1.21373 30 55 1.6 -0.075
121364 1.21373 30 55 1.6 -0.375
121364 1.21373 30 55 1.6 10
121364 1.21373 27 45 1.6 10
121364 1.21373 27 45 1.6 -0.375
121364 1.21373 24 42.5 1.6 0.375
121364 1.21373 24 42.5 1.6 -0.225
121364 1.21373 24 42.5 1.6 -0.075
121364 1.21373 27 45 1.6 -0.075
121364 1.21373 27 45 1.6 -0.225
121364 1.21373 27 45 1.6 0.375
121364 1.21373 24 42.5 1.6 -0.375
121364 1.21373 24 42.5 1.6 10
121364 1.21373 24 55 1.6 10
121364 1.21373 24 55 1.6 -0.375
121364 1.21373 24 55 1.6 -0.075
121364 1.21373 24 55 1.6 -0.225
121364 1.21373 30 55 2 10
121364 1.21373 24 37.5 1.6 0.375
121364 1.21373 24 55 1.6 0.375
121364 1.21373 30 55 2 -0.375
121364 1.21373 30 55 2 -0.075
121364 1.21373 30 50 2 10
121364 1.21373 30 47.5 2 10
121364 1.21373 30 47.5 2 -0.375
121364 1.21373 30 55 2 -0.225
121364 1.21373 30 47.5 2 -0.075
121364 1.21373 30 47.5 2 -0.225
121364 1.21373 30 47.5 2 0.375
121364 1.21373 24 100 1.6 10
121364 1.21373 24 100 1.6 -0.375
121364 1.21373 30 47.5 1.6 10
121364 1.21373 30 47.5 1.6 -0.375
121364 1.21373 30 47.5 1.6 -0.075
121364 1.21373 30 47.5 1.6 -0.225
121364 1.21373 30 47.5 1.6 0.375
121364 1.21373 24 100 1.6 -0.075
121364 1.21373 24 100 1.6 -0.225
121364 1.21373 24 100 1.6 0.375
121364 1.21373 30 52.5 2 10
121364 1.21373 30 52.5 2 -0.375
121364 1.21373 30 52.5 2 -0.075
121364 1.21373 30 52.5 2 -0.225
121364 1.21373 30 52.5 2 0.375
121364 1.21373 30 52.5 1.6 10
121364 1.21373 30 55 2 0.375
121364 1.21373 30 52.5 1.6 -0.375
121364 1.21373 30 52.5 1.6 -0.075
121364 1.21373 30 52.5 1.6 -0.225
121364 1.21373 30 50 2 -0.375
121364 1.21373 30 52.5 1.6 0.375
121364 1.21373 24 37.5 1.6 10
121364 1.21373 24 37.5 1.6 -0.375
121364 1.21373 24 37.5 1.6 -0.075
121364 1.21373 30 50 2 0.375
121364 1.21373 30 50 2 -0.225
121364 1.21373 30 50 2 -0.075
120818 1.07199 27 100 -10 0.375
120586 1.02686 27 100 -10 10
119007 1.19038 24 42.5 0 0.3
119007 1.19038 24 55 0 0.3
119007 1.19038 24 45 -10 10
119007 1.19038 24 45 -10 -0.375
119007 1.19038 24 55 0 -0.15
119007 1.19038 24 55 0 -0.45
119007 1.19038 24 55 0 10
119007 1.19038 24 42.5 0.8 0.375
119007 1.19038 24 42.5 0.8 -0.225
119007 1.19038 24 42.5 0.8 -0.075
119007 1.19038 24 42.5 0.8 -0.375
119007 1.19038 24 42.5 0.8 10
119007 1.19038 24 45 -10 -0.075
119007 1.19038 24 45 -10 -0.225
119007 1.19038 24 45 -10 0.375
119007 1.19038 24 45 0.4 10
119007 1.19038 24 45 0.4 -0.375
119007 1.19038 24 45 0.4 -0.075
119007 1.19038 24 45 0.4 -0.225
119007 1.19038 24 45 0.4 0.375
119007 1.19038 24 45 0.8 10
119007 1.19038 24 45 0.8 -0.375
119007 1.19038 24 42.5 0.4 0.375
119007 1.19038 24 42.5 0.4 -0.225
119007 1.19038 24 42.5 0.4 -0.075
119007 1.19038 24 42.5 0.4 -0.375
119007 1.19038 24 42.5 0.4 10
119007 1.19038 24 42.5 -10 0.375
119007 1.19038 24 42.5 -10 -0.225
119007 1.19038 24 42.5 -10 -0.075
119007 1.19038 24 42.5 -10 -0.375
119007 1.19038 24 42.5 -10 10
119007 1.19038 24 37.5 0 0.3
119007 1.19038 24 37.5 0 -0.3
119007 1.19038 24 37.5 0 -0.15
119007 1.19038 24 37.5 0 -0.45
119007 1.19038 24 37.5 0 10
119007 1.19038 24 45 0.8 -0.075
119007 1.19038 24 55 0 -0.3
119007 1.19038 24 45 0.8 -0.225
119007 1.19038 24 45 0.8 0.375
119007 1.19038 24 55 0.8 0.375
119007 1.19038 24 55 0.8 -0.225
119007 1.19038 24 55 0.8 -0.075
119007 1.19038 24 55 0.8 -0.375
119007 1.19038 24 55 0.8 10
119007 1.19038 24 55 0.4 0.375
119007 1.19038 24 55 0.4 -0.225
119007 1.19038 24 55 0.4 -0.075
119007 1.19038 24 55 0.4 -0.375
119007 1.19038 24 55 0.4 10
119007 1.19038 24 40 -10 10
119007 1.19038 24 45 0 10
119007 1.19038 24 40 -10 -0.225
119007 1.19038 24 50 0.4 -0.375
119007 1.19038 24 40 -10 0.375
119007 1.19038 24 40 -10 -0.375
119007 1.19038 24 50 0 0.3
119007 1.19038 24 50 0 -0.3
119007 1.19038 24 50 0 -0.15
119007 1.19038 24 37.5 0.8 0.375
119007 1.19038 24 37.5 0.8 -0.225
119007 1.19038 24 37.5 0.8 -0.075
119007 1.19038 24 50 0 -0.45
119007 1.19038 24 50 0 10
119007 1.19038 24 45 0 -0.45
119007 1.19038 24 45 0 -0.15
119007 1.19038 24 45 0 -0.3
119007 1.19038 24 37.5 0.8 -0.375
119007 1.19038 24 37.5 0.8 10
119007 1.19038 24 37.5 0.4 0.375
119007 1.19038 24 37.5 0.4 -0.225
119007 1.19038 24 37.5 0.4 -0.075
119007 1.19038 24 37.5 0.4 -0.375
119007 1.19038 24 37.5 0.4 10
119007 1.19038 24 37.5 -10 0.375
119007 1.19038 24 37.5 -10 -0.225
119007 1.19038 24 37.5 -10 -0.075
119007 1.19038 24 45 0 0.3
119007 1.19038 24 35 -10 10
119007 1.19038 24 35 -10 -0.375
119007 1.19038 24 35 -10 -0.075
119007 1.19038 24 35 -10 -0.225
119007 1.19038 24 35 -10 0.375
119007 1.19038 24 35 0.4 10
119007 1.19038 24 35 0.4 -0.375
119007 1.19038 24 35 0.4 -0.075
119007 1.19038 24 35 0.4 -0.225
119007 1.19038 24 37.5 -10 -0.375
119007 1.19038 24 37.5 -10 10
119007 1.19038 24 100 0 0.3
119007 1.19038 24 100 0 -0.3
119007 1.19038 24 100 0 -0.15
119007 1.19038 24 100 0 -0.45
119007 1.19038 24 100 0 10
119007 1.19038 24 35 0.4 0.375
119007 1.19038 24 35 0.8 10
119007 1.19038 24 35 0.8 -0.375
119007 1.19038 24 35 0.8 -0.075
119007 1.19038 24 50 0.8 0.375
119007 1.19038 24 50 0.8 -0.225
119007 1.19038 24 50 0.8 -0.075
119007 1.19038 24 40 -10 -0.075
119007 1.19038 24 50 0.8 -0.375
119007 1.19038 24 50 0.8 10
119007 1.19038 24 50 0.4 0.375
119007 1.19038 24 50 0.4 -0.225
119007 1.19038 24 35 0.8 -0.225
119007 1.19038 24 35 0.8 0.375
119007 1.19038 24 35 0 10
119007 1.19038 24 35 0 -0.45
119007 1.19038 24 35 0 -0.15
119007 1.19038 24 50 0.4 -0.075
119007 1.19038 24 40 0.4 10
119007 1.19038 24 50 0.4 10
119007 1.19038 24 50 -10 0.375
119007 1.19038 24 50 -10 -0.225
119007 1.19038 24 50 -10 -0.075
119007 1.19038 24 100 0.8 0.375
119007 1.19038 24 100 0.8 -0.225
119007 1.19038 24 100 0.8 -0.075
119007 1.19038 24 100 0.8 -0.375
119007 1.19038 24 50 -10 -0.375
119007 1.19038 24 50 -10 10
119007 1.19038 24 40 0 0.3
119007 1.19038 24 40 0 -0.3
119007 1.19038 24 35 0 -0.3
119007 1.19038 24 35 0 0.3
119007 1.19038 24 25 -10 10
119007 1.19038 24 25 -10 -0.375
119007 1.19038 24 25 -10 -0.075
119007 1.19038 24 25 -10 -0.225
119007 1.19038 24 25 -10 0.375
119007 1.19038 24 25 0.4 10
119007 1.19038 24 25 0.4 -0.375
119007 1.19038 24 25 0.4 -0.075
119007 1.19038 24 25 0.4 -0.225
119007 1.19038 24 25 0.4 0.375
119007 1.19038 24 25 0.8 10
119007 1.19038 24 25 0.8 -0.375
119007 1.19038 24 25 0.8 -0.075
119007 1.19038 24 25 0.8 -0.225
119007 1.19038 24 25 0.8 0.375
119007 1.19038 24 40 0 -0.15
119007 1.19038 24 40 0 -0.45
119007 1.19038 24 42.5 0 10
119007 1.19038 24 42.5 0 -0.45
119007 1.19038 24 40 0 10
119007 1.19038 24 25 0 10
119007 1.19038 24 25 0 -0.45
119007 1.19038 24 25 0 -0.15
119007 1.19038 24 25 0 -0.3
119007 1.19038 24 42.5 0 -0.15
119007 1.19038 24 42.5 0 -0.3
119007 1.19038 24 25 0 0.3
119007 1.19038 24 40 0.8 0.375
119007 1.19038 24 40 0.8 -0.225
119007 1.19038 24 100 0.8 10
119007 1.19038 24 100 0.4 0.375
119007 1.19038 24 100 0.4 -0.225
119007 1.19038 24 100 0.4 -0.075
119007 1.19038 24 100 0.4 -0.375
119007 1.19038 24 40 0.4 -0.375
119007 1.19038 24 100 0.4 10
119007 1.19038 24 40 0.8 -0.075
119007 1.19038 24 40 0.8 -0.375
119007 1.19038 24 40 0.8 10
119007 1.19038 24 40 0.4 0.375
119007 1.19038 24 40 0.4 -0.225
119007 1.19038 24 40 0.4 -0.075
118592 1.09344 24 55 -10 -0.075
118592 1.09344 24 55 -10 -0.225
118592 1.09344 24 55 -10 -0.375
117227 1.08457 30 100 -10 10
116823 1.05732 24 55 -10 0.375
116823 1.05732 24 55 -10 10
115665 1.15701 36 55 2.4 10
115665 1.15701 21 35 2.4 10
115665 1.15701 36 52.5 2 -0.225
115665 1.15701 36 52.5 2 0.375
115665 1.15701 36 52.5 2.8 10
115665 1.15701 36 52.5 2.8 -0.375
115665 1.15701 36 52.5 2.8 -0.075
115665 1.15701 36 52.5 2.8 -0.225
115665 1.15701 36 52.5 2.8 0.375
115665 1.15701 36 52.5 2.4 10
115665 1.15701 36 52.5 2.4 -0.375
115665 1.15701 36 52.5 2.4 -0.075
115665 1.15701 36 52.5 2.4 -0.225
115665 1.15701 36 52.5 2.4 0.375
115665 1.15701 36 52.5 1.6 10
115665 1.15701 36 52.5 1.6 -0.375
115665 1.15701 36 52.5 1.6 -0.075
115665 1.15701 36 52.5 1.6 -0.225
115665 1.15701 36 52.5 1.6 0.375
115665 1.15701 36 50 2 10
115665 1.15701 36 50 2 -0.375
115665 1.15701 36 50 2 -0.075
115665 1.15701 36 50 2 -0.225
115665 1.15701 36 50 2 0.375
115665 1.15701 36 50 2.8 10
115665 1.15701 36 50 2.8 -0.375
115665 1.15701 36 45 2.4 10
115665 1.15701 36 45 2.8 0.375
115665 1.15701 36 45 2.8 -0.225
115665 1.15701 36 45 2.8 -0.075
115665 1.15701 36 45 2.8 -0.375
115665 1.15701 36 45 2.8 10
115665 1.15701 21 35 2.4 -0.375
115665 1.15701 36 45 2 0.375
115665 1.15701 36 45 2 -0.225
115665 1.15701 36 100 1.6 0.375
115665 1.15701 36 100 1.6 -0.225
115665 1.15701 36 100 1.6 -0.075
115665 1.15701 36 100 1.6 -0.375
115665 1.15701 36 100 1.6 10
115665 1.15701 36 45 2.4 -0.375
115665 1.15701 36 45 2.4 -0.075
115665 1.15701 36 45 2.4 -0.225
115665 1.15701 36 45 2.4 0.375
115665 1.15701 36 45 1.6 10
115665 1.15701 36 45 1.6 -0.375
115665 1.15701 36 45 1.6 -0.075
115665 1.15701 36 45 1.6 -0.225
115665 1.15701 36 45 1.6 0.375
115665 1.15701 30 100 2.4 0.375
115665 1.15701 30 100 2.4 -0.225
115665 1.15701 36 35 2 10
115665 1.15701 36 35 2 -0.375
115665 1.15701 36 35 2 -0.075
115665 1.15701 36 35 2 -0.225
115665 1.15701 36 35 2 0.375
115665 1.15701 21 35 2.4 -0.075
115665 1.15701 21 35 2.4 -0.225
115665 1.15701 21 45 2.4 0.375
115665 1.15701 21 45 2.4 -0.225
115665 1.15701 21 45 2.4 -0.075
115665 1.15701 21 45 2.4 -0.375
115665 1.15701 21 45 2.4 10
115665 1.15701 36 50 2.8 -0.075
115665 1.15701 36 50 2.8 -0.225
115665 1.15701 36 50 2.8 0.375
115665 1.15701 21 35 2.4 0.375
115665 1.15701 30 50 2.4 0.375
115665 1.15701 30 50 2.4 -0.225
115665 1.15701 30 25 2.4 0.375
115665 1.15701 30 25 2.4 -0.225
115665 1.15701 30 25 2.4 -0.075
115665 1.15701 30 25 2.4 -0.375
115665 1.15701 30 25 2.4 10
115665 1.15701 30 50 2.4 -0.075
115665 1.15701 30 50 2.4 -0.375
115665 1.15701 36 50 2.4 10
115665 1.15701 36 50 2.4 -0.375
115665 1.15701 36 50 2.4 -0.075
115665 1.15701 36 50 2.4 -0.225
115665 1.15701 36 50 2.4 0.375
115665 1.15701 36 50 1.6 10
115665 1.15701 30 25 2.8 0.375
115665 1.15701 30 25 2.8 -0.225
115665 1.15701 30 25 2.8 -0.075
115665 1.15701 30 25 2.8 -0.375
115665 1.15701 30 25 2.8 10
115665 1.15701 24 40 2.4 10
115665 1.15701 24 40 2.4 -0.375
115665 1.15701 24 40 2.4 -0.075
115665 1.15701 24 40 2.4 -0.225
115665 1.15701 30 100 2.4 -0.075
115665 1.15701 30 100 2.4 -0.375
115665 1.15701 30 100 2.4 10
115665 1.15701 36 35 2.8 10
115665 1.15701 36 35 2.8 -0.375
115665 1.15701 36 35 2.8 -0.075
115665 1.15701 36 35 2.8 -0.225
115665 1.15701 36 35 2.8 0.375
115665 1.15701 30 100 2.8 0.375
115665 1.15701 30 100 2.8 -0.225
115665 1.15701 36 35 2.4 10
115665 1.15701 36 35 2.4 -0.375
115665 1.15701 36 35 2.4 -0.075
115665 1.15701 30 100 2.8 -0.075
115665 1.15701 36 35 2.4 -0.225
115665 1.15701 36 35 2.4 0.375
115665 1.15701 36 35 1.6 10
115665 1.15701 36 35 1.6 -0.375
115665 1.15701 36 35 1.6 -0.075
115665 1.15701 36 35 1.6 -0.225
115665 1.15701 24 40 2.4 0.375
115665 1.15701 36 55 2.8 10
115665 1.15701 36 55 2 0.375
115665 1.15701 36 55 2 -0.225
115665 1.15701 36 55 2 -0.075
115665 1.15701 36 55 2 -0.375
115665 1.15701 36 55 2 10
115665 1.15701 30 50 2.4 10
115665 1.15701 30 50 2.8 0.375
115665 1.15701 30 50 2.8 -0.225
115665 1.15701 21 55 2.4 0.375
115665 1.15701 21 55 2.4 -0.225
115665 1.15701 21 55 2.4 -0.075
115665 1.15701 21 55 2.4 -0.375
115665 1.15701 21 55 2.4 10
115665 1.15701 36 50 1.6 -0.375
115665 1.15701 24 25 2.4 0.375
115665 1.15701 24 25 2.4 -0.225
115665 1.15701 24 25 2.4 -0.075
115665 1.15701 24 25 2.4 -0.375
115665 1.15701 24 25 2.4 10
115665 1.15701 30 50 2.8 -0.075
115665 1.15701 36 55 2.8 -0.375
115665 1.15701 36 55 2.8 -0.075
115665 1.15701 36 55 2.8 -0.225
115665 1.15701 36 52.5 2 -0.075
115665 1.15701 36 52.5 2 -0.375
115665 1.15701 36 52.5 2 10
115665 1.15701 36 47.5 1.6 0.375
115665 1.15701 36 47.5 1.6 -0.225
115665 1.15701 36 47.5 1.6 -0.075
115665 1.15701 36 47.5 1.6 -0.375
115665 1.15701 36 47.5 1.6 10
115665 1.15701 36 47.5 2.4 0.375
115665 1.15701 36 47.5 2.4 -0.225
115665 1.15701 30 100 2.8 -0.375
115665 1.15701 30 100 2.8 10
115665 1.15701 36 47.5 2.4 -0.075
115665 1.15701 36 47.5 2.4 -0.375
115665 1.15701 30 47.5 2.8 10
115665 1.15701 30 47.5 2.8 -0.375
115665 1.15701 30 47.5 2.8 -0.075
115665 1.15701 36 35 1.6 0.375
115665 1.15701 36 25 2 10
115665 1.15701 36 25 2 -0.375
115665 1.15701 36 25 2 -0.075
115665 1.15701 30 47.5 2.8 -0.225
115665 1.15701 30 47.5 2.8 0.375
115665 1.15701 24 100 2.4 10
115665 1.15701 30 47.5 2.4 10
115665 1.15701 30 47.5 2.4 -0.375
115665 1.15701 30 47.5 2.4 -0.075
115665 1.15701 30 47.5 2.4 -0.225
115665 1.15701 30 60 2.8 10
115665 1.15701 30 60 2.8 -0.375
115665 1.15701 30 60 2.8 -0.075
115665 1.15701 30 60 2.8 -0.225
115665 1.15701 30 60 2.8 0.375
115665 1.15701 30 47.5 2.4 0.375
115665 1.15701 21 50 2.4 0.375
115665 1.15701 21 50 2.4 -0.225
115665 1.15701 21 50 2.4 -0.075
115665 1.15701 21 50 2.4 -0.375
115665 1.15701 21 50 2.4 10
115665 1.15701 24 100 2.4 -0.375
115665 1.15701 24 100 2.4 -0.075
115665 1.15701 24 100 2.4 -0.225
115665 1.15701 36 50 1.6 -0.075
115665 1.15701 36 50 1.6 -0.225
115665 1.15701 30 35 2.4 0.375
115665 1.15701 30 35 2.4 -0.225
115665 1.15701 30 35 2.4 -0.075
115665 1.15701 30 35 2.4 -0.375
115665 1.15701 30 35 2.4 10
115665 1.15701 36 50 1.6 0.375
115665 1.15701 36 60 2 10
115665 1.15701 36 60 2 -0.375
115665 1.15701 24 35 2.4 0.375
115665 1.15701 24 35 2.4 -0.225
115665 1.15701 24 35 2.4 -0.075
115665 1.15701 24 35 2.4 -0.375
115665 1.15701 24 35 2.4 10
115665 1.15701 24 100 2.4 0.375
115665 1.15701 36 45 2 -0.075
115665 1.15701 30 35 2.8 0.375
115665 1.15701 30 35 2.8 -0.225
115665 1.15701 36 45 2 -0.375
115665 1.15701 36 45 2 10
115665 1.15701 36 47.5 2.4 10
115665 1.15701 36 100 2 10
115665 1.15701 36 100 2 -0.375
115665 1.15701 36 100 2 -0.075
115665 1.15701 36 25 2 -0.225
115665 1.15701 36 25 2 0.375
115665 1.15701 36 25 2.8 10
115665 1.15701 36 25 2.8 -0.375
115665 1.15701 36 25 2.8 -0.075
115665 1.15701 36 25 2.8 -0.225
115665 1.15701 36 25 2.8 0.375
115665 1.15701 36 25 2.4 10
115665 1.15701 36 25 2.4 -0.375
115665 1.15701 36 25 2.4 -0.075
115665 1.15701 36 100 2 -0.225
115665 1.15701 36 100 2 0.375
115665 1.15701 24 50 2.4 -0.375
115665 1.15701 24 50 2.4 -0.075
115665 1.15701 24 50 2.4 -0.225
115665 1.15701 24 50 2.4 0.375
115665 1.15701 36 60 1.6 0.375
115665 1.15701 30 60 2.4 10
115665 1.15701 30 60 2.4 -0.375
115665 1.15701 30 60 2.4 -0.075
115665 1.15701 30 60 2.4 -0.225
115665 1.15701 30 60 2.4 0.375
115665 1.15701 36 60 1.6 -0.225
115665 1.15701 36 60 1.6 -0.075
115665 1.15701 21 40 2.4 0.375
115665 1.15701 21 40 2.4 -0.225
115665 1.15701 21 40 2.4 -0.075
115665 1.15701 21 40 2.4 -0.375
115665 1.15701 21 40 2.4 10
115665 1.15701 30 35 2.8 -0.075
115665 1.15701 30 35 2.8 -0.375
115665 1.15701 30 35 2.8 10
115665 1.15701 36 100 2.8 10
115665 1.15701 36 100 2.8 -0.375
115665 1.15701 36 100 2.8 -0.075
115665 1.15701 36 100 2.8 -0.225
115665 1.15701 36 100 2.8 0.375
115665 1.15701 36 100 2.4 10
115665 1.15701 36 100 2.4 -0.375
115665 1.15701 36 100 2.4 -0.075
115665 1.15701 36 100 2.4 -0.225
115665 1.15701 30 52.5 2.8 10
115665 1.15701 30 52.5 2.8 -0.375
115665 1.15701 30 52.5 2.8 -0.075
115665 1.15701 30 52.5 2.8 -0.225
115665 1.15701 30 52.5 2.8 0.375
115665 1.15701 30 52.5 2.4 10
115665 1.15701 30 52.5 2.4 -0.375
115665 1.15701 30 52.5 2.4 -0.075
115665 1.15701 36 60 1.6 -0.375
115665 1.15701 36 60 1.6 10
115665 1.15701 30 52.5 2.4 -0.225
115665 1.15701 30 52.5 2.4 0.375
115665 1.15701 24 37.5 2.4 10
115665 1.15701 24 37.5 2.4 -0.375
115665 1.15701 24 37.5 2.4 -0.075
115665 1.15701 24 37.5 2.4 -0.225
115665 1.15701 24 37.5 2.4 0.375
115665 1.15701 36 55 1.6 0.375
115665 1.15701 36 100 2.4 0.375
115665 1.15701 21 52.5 2.4 0.375
115665 1.15701 21 52.5 2.4 -0.225
115665 1.15701 21 52.5 2.4 -0.075
115665 1.15701 21 52.5 2.4 -0.375
115665 1.15701 21 52.5 2.4 10
115665 1.15701 21 25 2.4 10
115665 1.15701 36 60 2 -0.075
115665 1.15701 36 60 2 -0.225
115665 1.15701 30 45 2.4 0.375
115665 1.15701 30 45 2.4 -0.225
115665 1.15701 30 45 2.4 -0.075
115665 1.15701 30 45 2.4 -0.375
115665 1.15701 30 45 2.4 10
115665 1.15701 36 60 2 0.375
115665 1.15701 36 60 2.8 10
115665 1.15701 36 60 2.8 -0.375
115665 1.15701 36 60 2.8 -0.075
115665 1.15701 36 60 2.8 -0.225
115665 1.15701 30 45 2.8 0.375
115665 1.15701 30 45 2.8 -0.225
115665 1.15701 30 45 2.8 -0.075
115665 1.15701 30 45 2.8 -0.375
115665 1.15701 30 45 2.8 10
115665 1.15701 21 25 2.4 -0.375
115665 1.15701 21 25 2.4 -0.075
115665 1.15701 21 25 2.4 -0.225
115665 1.15701 36 55 1.6 -0.225
115665 1.15701 36 55 1.6 -0.075
115665 1.15701 36 55 1.6 -0.375
115665 1.15701 36 55 1.6 10
115665 1.15701 36 55 2.4 0.375
115665 1.15701 36 55 2.4 -0.225
115665 1.15701 36 55 2.4 -0.075
115665 1.15701 21 25 2.4 0.375
115665 1.15701 24 55 2.4 10
115665 1.15701 24 55 2.4 -0.375
115665 1.15701 24 55 2.4 -0.075
115665 1.15701 24 55 2.4 -0.225
115665 1.15701 24 55 2.4 0.375
115665 1.15701 36 60 2.4 0.375
115665 1.15701 36 60 2.4 -0.225
115665 1.15701 36 60 2.4 -0.075
115665 1.15701 21 47.5 2.4 0.375
115665 1.15701 21 47.5 2.4 -0.225
115665 1.15701 21 47.5 2.4 -0.075
115665 1.15701 21 47.5 2.4 -0.375
115665 1.15701 21 47.5 2.4 10
115665 1.15701 36 60 2.8 0.375
115665 1.15701 24 45 2.4 0.375
115665 1.15701 24 45 2.4 -0.225
115665 1.15701 24 45 2.4 -0.075
115665 1.15701 24 45 2.4 -0.375
115665 1.15701 24 45 2.4 10
115665 1.15701 30 50 2.8 -0.375
115665 1.15701 30 50 2.8 10
115665 1.15701 36 25 2.4 -0.225
115665 1.15701 36 25 2.4 0.375
115665 1.15701 36 25 1.6 10
115665 1.15701 36 25 1.6 -0.375
115665 1.15701 36 25 1.6 -0.075
115665 1.15701 36 25 1.6 -0.225
115665 1.15701 36 25 1.6 0.375
115665 1.15701 36 55 2.8 0.375
115665 1.15701 36 47.5 2 10
115665 1.15701 36 47.5 2 -0.375
115665 1.15701 36 47.5 2 -0.075
115665 1.15701 36 47.5 2 -0.225
115665 1.15701 36 47.5 2 0.375
115665 1.15701 36 47.5 2.8 10
115665 1.15701 36 47.5 2.8 -0.375
115665 1.15701 36 47.5 2.8 -0.075
115665 1.15701 36 47.5 2.8 -0.225
115665 1.15701 36 47.5 2.8 0.375
115665 1.15701 30 55 2.4 0.375
115665 1.15701 30 55 2.4 -0.225
115665 1.15701 30 55 2.4 -0.075
115665 1.15701 30 55 2.4 -0.375
115665 1.15701 36 60 2.4 -0.375
115665 1.15701 36 60 2.4 10
115665 1.15701 24 42.5 2.4 10
115665 1.15701 24 42.5 2.4 -0.375
115665 1.15701 30 55 2.8 10
115665 1.15701 30 55 2.8 -0.375
115665 1.15701 30 55 2.8 -0.075
115665 1.15701 30 55 2.8 -0.225
115665 1.15701 30 55 2.8 0.375
115665 1.15701 24 42.5 2.4 -0.075
115665 1.15701 21 100 2.4 0.375
115665 1.15701 21 100 2.4 -0.225
115665 1.15701 24 50 2.4 10
115665 1.15701 21 100 2.4 -0.075
115665 1.15701 21 100 2.4 -0.375
115665 1.15701 21 100 2.4 10
115665 1.15701 30 55 2.4 10
115665 1.15701 24 42.5 2.4 -0.225
115665 1.15701 24 42.5 2.4 0.375
115665 1.15701 36 55 2.4 -0.375
114615 1.1463 36 47.5 -10 -0.375
114615 1.1463 36 47.5 -10 10
114615 1.1463 36 100 0 0.3
114615 1.1463 36 100 0 -0.3
114615 1.1463 36 100 0 -0.15
114615 1.1463 36 100 0 -0.45
114615 1.1463 36 25 0 -0.15
114615 1.1463 36 25 0 -0.45
114615 1.1463 36 25 0 10
114615 1.1463 36 25 0 -0.3
114615 1.1463 36 100 0 10
114615 1.1463 30 15 0 0.3
114615 1.1463 30 15 0 -0.3
114615 1.1463 36 25 0 0.3
114615 1.1463 30 15 0 -0.15
114615 1.1463 30 15 0 -0.45
114615 1.1463 30 15 0 10
114615 1.1463 36 47.5 -10 -0.075
114615 1.1463 36 47.5 -10 -0.225
114615 1.1463 36 15 -10 10
114615 1.1463 36 15 -10 -0.375
114615 1.1463 36 47.5 -10 0.375
114615 1.1463 30 15 0.8 0.375
114615 1.1463 30 15 0.8 -0.225
114615 1.1463 30 15 0.8 -0.075
114615 1.1463 30 15 0.8 -0.375
114615 1.1463 36 15 -10 -0.075
114615 1.1463 36 15 -10 -0.225
114615 1.1463 36 15 -10 0.375
114615 1.1463 36 15 -1.2 10
114615 1.1463 36 15 -1.2 -0.375
114615 1.1463 36 15 -1.2 -0.075
114615 1.1463 36 15 -1.2 -0.225
114615 1.1463 30 15 0.8 10
114615 1.1463 30 15 -0.8 0.375
114615 1.1463 36 47.5 0.8 10
114615 1.1463 36 47.5 0.8 -0.375
114615 1.1463 30 15 -0.8 -0.225
114615 1.1463 36 100 0.8 0.375
114615 1.1463 36 15 -1.2 0.375
114615 1.1463 36 100 0.8 -0.225
114615 1.1463 36 100 0.8 -0.075
114615 1.1463 36 100 0.8 -0.375
114615 1.1463 36 15 -0.4 10
114615 1.1463 36 15 -0.4 -0.375
114615 1.1463 36 15 -0.4 -0.075
114615 1.1463 36 15 -0.4 -0.225
114615 1.1463 36 15 -0.4 0.375
114615 1.1463 36 15 -0.8 10
114615 1.1463 36 15 -0.8 -0.375
114615 1.1463 36 15 -0.8 -0.075
114615 1.1463 36 15 -0.8 -0.225
114615 1.1463 36 15 -0.8 0.375
114615 1.1463 36 100 0.8 10
114615 1.1463 30 15 -0.8 -0.075
114615 1.1463 30 15 -0.8 -0.375
114615 1.1463 30 15 -0.8 10
114615 1.1463 30 15 -0.4 0.375
114615 1.1463 30 15 -0.4 -0.225
114615 1.1463 36 15 0.8 10
114615 1.1463 30 15 -0.4 -0.075
114615 1.1463 30 15 -0.4 -0.375
114615 1.1463 30 15 -0.4 10
114615 1.1463 36 15 0.8 -0.375
114615 1.1463 36 25 0.8 0.375
114615 1.1463 36 25 0.8 -0.225
114615 1.1463 36 25 0.8 -0.075
114615 1.1463 36 25 0.8 -0.375
114615 1.1463 36 25 0.8 10
114615 1.1463 36 15 0.8 -0.075
114615 1.1463 36 15 0.8 -0.225
114615 1.1463 36 15 0.8 0.375
114615 1.1463 36 15 0 10
114615 1.1463 36 15 0 -0.45
114615 1.1463 36 15 0 -0.15
114615 1.1463 36 15 0 -0.3
114615 1.1463 30 15 -1.2 0.375
114615 1.1463 36 100 -10 0.375
114615 1.1463 36 100 -10 -0.225
114615 1.1463 36 100 -10 -0.075
114615 1.1463 36 100 -10 -0.375
114615 1.1463 36 15 0 0.3
114615 1.1463 36 100 -10 10
114615 1.1463 36 47.5 0.8 -0.075
114615 1.1463 36 47.5 0.8 -0.225
114615 1.1463 36 47.5 0.8 0.375
114615 1.1463 30 15 -1.2 -0.225
114615 1.1463 30 15 -1.2 -0.075
114615 1.1463 30 100 -10 -0.375
114615 1.1463 30 15 -1.2 -0.375
114615 1.1463 36 47.5 0 10
114615 1.1463 27 15 -10 10
114615 1.1463 27 15 -10 -0.375
114615 1.1463 27 15 -10 -0.075
114615 1.1463 27 15 -10 -0.225
114615 1.1463 27 15 -10 0.375
114615 1.1463 27 15 -1.2 10
114615 1.1463 27 15 -1.2 -0.375
114615 1.1463 27 15 -1.2 -0.075
114615 1.1463 27 15 -1.2 -0.225
114615 1.1463 27 15 -1.2 0.375
114615 1.1463 27 15 -0.4 10
114615 1.1463 27 15 -0.4 -0.375
114615 1.1463 27 15 -0.4 -0.075
114615 1.1463 27 15 -0.4 -0.225
114615 1.1463 27 15 -0.4 0.375
114615 1.1463 27 15 -0.8 10
114615 1.1463 27 15 -0.8 -0.375
114615 1.1463 27 15 -0.8 -0.075
114615 1.1463 27 15 -0.8 -0.225
114615 1.1463 27 15 -0.8 0.375
114615 1.1463 27 15 0.8 10
114615 1.1463 27 15 0.8 -0.375
114615 1.1463 27 15 0.8 -0.075
114615 1.1463 27 15 0.8 -0.225
114615 1.1463 27 15 0.8 0.375
114615 1.1463 36 47.5 0 -0.45
114615 1.1463 30 100 -10 -0.075
114615 1.1463 30 100 -10 -0.225
114615 1.1463 36 25 -10 0.375
114615 1.1463 36 25 -10 -0.225
114615 1.1463 36 25 -10 -0.075
114615 1.1463 36 25 -10 -0.375
114615 1.1463 36 25 -10 10
114615 1.1463 36 35 0 0.3
114615 1.1463 36 35 0 -0.3
114615 1.1463 36 35 0 -0.15
114615 1.1463 36 35 0 -0.45
114615 1.1463 36 35 0 10
114615 1.1463 30 100 -10 0.375
114615 1.1463 36 47.5 0 -0.15
114615 1.1463 36 47.5 0 -0.3
114615 1.1463 36 47.5 0 0.3
114615 1.1463 36 52.5 -10 10
114615 1.1463 36 52.5 -10 -0.375
114615 1.1463 36 52.5 -10 -0.075
114615 1.1463 36 52.5 -10 -0.225
114615 1.1463 36 52.5 -10 0.375
114615 1.1463 30 15 -1.2 10
114615 1.1463 30 15 -10 0.375
114615 1.1463 30 15 -10 -0.225
114615 1.1463 27 15 0 10
114615 1.1463 27 15 0 -0.45
114615 1.1463 27 15 0 -0.15
114615 1.1463 27 15 0 -0.3
114615 1.1463 27 15 0 0.3
114615 1.1463 30 15 -10 -0.075
114615 1.1463 30 15 -10 -0.375
114615 1.1463 30 15 -10 10
114615 1.1463 36 35 0.8 0.375
114615 1.1463 36 35 0.8 -0.225
114615 1.1463 36 35 0.8 -0.075
114615 1.1463 36 35 0.8 -0.375
114615 1.1463 36 35 0.8 10
114615 1.1463 30 100 0.8 10
114615 1.1463 30 100 0.8 -0.375
114615 1.1463 30 100 0.8 -0.075
114615 1.1463 30 100 0.8 -0.225
114615 1.1463 30 100 0.8 0.375
114615 1.1463 30 25 0 0.3
114615 1.1463 30 25 0 -0.3
114615 1.1463 36 52.5 0.8 10
114615 1.1463 36 52.5 0.8 -0.375
114615 1.1463 36 52.5 0.8 -0.075
114615 1.1463 36 35 -10 0.375
114615 1.1463 36 35 -10 -0.225
114615 1.1463 36 35 -10 -0.075
114615 1.1463 36 35 -10 -0.375
114615 1.1463 36 35 -10 10
114615 1.1463 36 45 0 0.3
114615 1.1463 36 45 0 -0.3
114615 1.1463 36 45 0 -0.15
114615 1.1463 36 45 0 -0.45
114615 1.1463 36 45 0 10
114615 1.1463 36 52.5 0.8 -0.225
114615 1.1463 36 52.5 0.8 0.375
114615 1.1463 30 25 0 -0.15
114615 1.1463 30 25 0 -0.45
114615 1.1463 30 25 0 10
114615 1.1463 36 52.5 0 10
114615 1.1463 36 52.5 0 -0.45
114615 1.1463 36 52.5 0 -0.15
114615 1.1463 36 52.5 0 -0.3
114615 1.1463 36 52.5 0 0.3
114615 1.1463 36 50 -10 10
114615 1.1463 36 50 -10 -0.375
114615 1.1463 36 50 -10 -0.075
114615 1.1463 36 50 -10 -0.225
114615 1.1463 36 50 -10 0.375
114615 1.1463 36 45 0.8 0.375
114615 1.1463 36 45 0.8 -0.225
114615 1.1463 36 45 0.8 -0.075
114615 1.1463 36 45 0.8 -0.375
114615 1.1463 36 45 0.8 10
114615 1.1463 36 50 0.8 10
114615 1.1463 36 50 0.8 -0.375
114615 1.1463 30 25 0.8 0.375
114615 1.1463 30 25 0.8 -0.225
114615 1.1463 30 25 0.8 -0.075
114615 1.1463 30 25 0.8 -0.375
114615 1.1463 36 50 0.8 -0.075
114615 1.1463 36 50 0.8 -0.225
114615 1.1463 30 100 0 10
114615 1.1463 30 100 0 -0.45
114615 1.1463 30 100 0 -0.15
114615 1.1463 30 100 0 -0.3
114615 1.1463 30 100 0 0.3
114615 1.1463 30 47.5 -10 10
114615 1.1463 30 47.5 -10 -0.375
114615 1.1463 30 47.5 -10 -0.075
114615 1.1463 30 47.5 -10 -0.225
114615 1.1463 36 50 0.8 0.375
114615 1.1463 30 25 0.8 10
114615 1.1463 30 25 -10 0.375
114615 1.1463 30 25 -10 -0.225
114615 1.1463 30 25 -10 -0.075
114615 1.1463 30 47.5 -10 0.375
114615 1.1463 30 47.5 0.8 10
114615 1.1463 30 47.5 0.8 -0.375
114615 1.1463 30 47.5 0.8 -0.075
114615 1.1463 30 47.5 0.8 -0.225
114615 1.1463 30 47.5 0.8 0.375
114615 1.1463 30 25 -10 -0.375
114615 1.1463 30 25 -10 10
114615 1.1463 30 35 0 0.3
114615 1.1463 30 35 0 -0.3
114615 1.1463 30 35 0 -0.15
114615 1.1463 30 35 0 -0.45
114615 1.1463 30 35 0 10
114615 1.1463 36 45 -10 0.375
114615 1.1463 36 45 -10 -0.225
114615 1.1463 36 45 -10 -0.075
114615 1.1463 36 45 -10 -0.375
114615 1.1463 36 45 -10 10
114615 1.1463 36 55 0 0.3
114615 1.1463 36 55 0 -0.3
114615 1.1463 30 35 0.8 0.375
114615 1.1463 36 50 0 10
114615 1.1463 36 50 0 -0.45
114615 1.1463 36 55 0 -0.15
114615 1.1463 36 50 0 -0.15
114615 1.1463 36 50 0 -0.3
114615 1.1463 36 50 0 0.3
114615 1.1463 36 60 -10 10
114615 1.1463 36 60 -10 -0.375
114615 1.1463 36 60 -10 -0.075
114615 1.1463 36 60 -10 -0.225
114615 1.1463 36 60 -10 0.375
114615 1.1463 30 47.5 0 10
114615 1.1463 30 47.5 0 -0.45
114615 1.1463 30 47.5 0 -0.15
114615 1.1463 30 47.5 0 -0.3
114615 1.1463 30 47.5 0 0.3
114615 1.1463 30 52.5 -10 10
114615 1.1463 30 52.5 -10 -0.375
114615 1.1463 30 52.5 -10 -0.075
114615 1.1463 30 52.5 -10 -0.225
114615 1.1463 30 52.5 -10 0.375
114615 1.1463 30 52.5 0.8 10
114615 1.1463 21 15 0 0.3
114615 1.1463 21 15 0 -0.3
114615 1.1463 21 15 0 -0.15
114615 1.1463 21 15 0 -0.45
114615 1.1463 21 15 0 10
114615 1.1463 30 52.5 0.8 -0.375
114615 1.1463 30 52.5 0.8 -0.075
114615 1.1463 30 35 0.8 -0.225
114615 1.1463 30 35 0.8 -0.075
114615 1.1463 30 35 0.8 -0.375
114615 1.1463 30 35 0.8 10
114615 1.1463 30 35 -10 0.375
114615 1.1463 30 52.5 0.8 -0.225
114615 1.1463 30 52.5 0.8 0.375
114615 1.1463 30 35 -10 -0.225
114615 1.1463 30 35 -10 -0.075
114615 1.1463 30 35 -10 -0.375
114615 1.1463 30 35 -10 10
114615 1.1463 30 45 0 0.3
114615 1.1463 30 45 0 -0.3
114615 1.1463 30 45 0 -0.15
114615 1.1463 30 45 0 -0.45
114615 1.1463 36 55 0 -0.45
114615 1.1463 36 55 0 10
114615 1.1463 30 45 0 10
114615 1.1463 30 52.5 0 10
114615 1.1463 30 52.5 0 -0.45
114615 1.1463 21 15 0.8 0.375
114615 1.1463 21 15 0.8 -0.225
114615 1.1463 30 45 0.8 0.375
114615 1.1463 30 45 0.8 -0.225
114615 1.1463 30 45 0.8 -0.075
114615 1.1463 30 45 0.8 -0.375
114615 1.1463 30 45 0.8 10
114615 1.1463 21 15 0.8 -0.075
114615 1.1463 21 15 0.8 -0.375
114615 1.1463 21 15 0.8 10
114615 1.1463 30 45 -10 0.375
114615 1.1463 36 60 0.8 10
114615 1.1463 36 60 0.8 -0.375
114615 1.1463 36 60 0.8 -0.075
114615 1.1463 30 45 -10 -0.225
114615 1.1463 21 15 -0.8 0.375
114615 1.1463 21 15 -0.8 -0.225
114615 1.1463 21 15 -0.8 -0.075
114615 1.1463 21 15 -0.8 -0.375
114615 1.1463 21 15 -0.8 10
114615 1.1463 21 15 -0.4 0.375
114615 1.1463 21 15 -0.4 -0.225
114615 1.1463 21 15 -0.4 -0.075
114615 1.1463 21 15 -0.4 -0.375
114615 1.1463 21 15 -0.4 10
114615 1.1463 21 15 -1.2 0.375
114615 1.1463 21 15 -1.2 -0.225
114615 1.1463 21 15 -1.2 -0.075
114615 1.1463 21 15 -1.2 -0.375
114615 1.1463 21 15 -1.2 10
114615 1.1463 21 15 -10 0.375
114615 1.1463 21 15 -10 -0.225
114615 1.1463 21 15 -10 -0.075
114615 1.1463 21 15 -10 -0.375
114615 1.1463 21 15 -10 10
114615 1.1463 30 45 -10 -0.075
114615 1.1463 30 45 -10 -0.375
114615 1.1463 30 45 -10 10
114615 1.1463 30 55 0 0.3
114615 1.1463 30 55 0 -0.3
114615 1.1463 30 55 0 -0.15
114615 1.1463 30 55 0 -0.45
114615 1.1463 30 55 0 10
114615 1.1463 30 55 0.8 0.375
114615 1.1463 30 55 0.8 -0.225
114615 1.1463 30 52.5 0 -0.15
114615 1.1463 30 52.5 0 -0.3
114615 1.1463 30 52.5 0 0.3
114615 1.1463 30 50 -10 10
114615 1.1463 30 50 -10 -0.375
114615 1.1463 30 50 -10 -0.075
114615 1.1463 30 50 -10 -0.225
114615 1.1463 36 55 0.8 0.375
114615 1.1463 36 55 0.8 -0.225
114615 1.1463 36 55 0.8 -0.075
114615 1.1463 36 55 0.8 -0.375
114615 1.1463 36 55 0.8 10
114615 1.1463 30 50 -10 0.375
114615 1.1463 30 55 0.8 -0.075
114615 1.1463 30 55 0.8 -0.375
114615 1.1463 30 55 0.8 10
114615 1.1463 36 60 0.8 -0.225
114615 1.1463 36 60 0.8 0.375
114615 1.1463 30 55 -10 0.375
114615 1.1463 30 55 -10 -0.225
114615 1.1463 30 55 -10 -0.075
114615 1.1463 30 55 -10 -0.375
114615 1.1463 30 55 -10 10
114615 1.1463 30 60 0 0.3
114615 1.1463 30 60 0 -0.3
114615 1.1463 30 60 0 -0.15
114615 1.1463 30 60 0 -0.45
114615 1.1463 30 50 0.8 10
114615 1.1463 30 50 0.8 -0.375
114615 1.1463 30 50 0.8 -0.075
114615 1.1463 30 50 0.8 -0.225
114615 1.1463 30 50 0.8 0.375
114615 1.1463 30 60 0 10
114615 1.1463 30 60 0.8 0.375
114615 1.1463 36 60 0 10
114615 1.1463 36 60 0 -0.45
114615 1.1463 36 60 0 -0.15
114615 1.1463 36 60 0 -0.3
114615 1.1463 36 60 0 0.3
114615 1.1463 30 60 0.8 -0.225
114615 1.1463 30 60 0.8 -0.075
114615 1.1463 30 60 0.8 -0.375
114615 1.1463 30 60 0.8 10
114615 1.1463 30 60 -10 0.375
114615 1.1463 30 60 -10 -0.225
114615 1.1463 30 60 -10 -0.075
114615 1.1463 30 60 -10 -0.375
114615 1.1463 30 60 -10 10
114615 1.1463 30 50 0 0.3
114615 1.1463 30 50 0 -0.3
114615 1.1463 30 50 0 10
114615 1.1463 30 50 0 -0.15
114615 1.1463 36 55 -10 10
114615 1.1463 36 55 -10 -0.375
114615 1.1463 36 55 -10 -0.075
114615 1.1463 36 55 -10 -0.225
114615 1.1463 36 55 -10 0.375
114615 1.1463 30 50 0 -0.45
114614 1.1463 24 35 1.2 10
114614 1.1463 24 35 1.2 -0.375
114614 1.1463 24 35 1.2 -0.075
114614 1.1463 24 35 1.2 -0.225
114614 1.1463 24 35 1.2 0.375
114614 1.1463 24 37.5 1.2 0.375
114614 1.1463 24 37.5 1.2 -0.225
114614 1.1463 24 37.5 1.2 -0.075
114614 1.1463 24 37.5 1.2 -0.375
114614 1.1463 24 37.5 1.2 10
114614 1.1463 24 100 1.2 0.375
114614 1.1463 24 25 1.2 10
114614 1.1463 24 25 1.2 -0.375
114614 1.1463 24 25 1.2 -0.075
114614 1.1463 24 25 1.2 -0.225
114614 1.1463 24 25 1.2 0.375
114614 1.1463 24 100 1.2 -0.225
114614 1.1463 24 42.5 1.2 10
114614 1.1463 24 42.5 1.2 -0.375
114614 1.1463 24 42.5 1.2 -0.075
114614 1.1463 24 42.5 1.2 -0.225
114614 1.1463 24 42.5 1.2 0.375
114614 1.1463 24 100 1.2 -0.075
114614 1.1463 24 40 1.2 0.375
114614 1.1463 24 40 1.2 -0.225
114614 1.1463 24 40 1.2 -0.075
114614 1.1463 24 40 1.2 -0.375
114614 1.1463 24 40 1.2 10
114614 1.1463 24 45 1.2 0.375
114614 1.1463 24 45 1.2 -0.225
114614 1.1463 24 45 1.2 -0.075
114614 1.1463 24 45 1.2 -0.375
114614 1.1463 24 45 1.2 10
114614 1.1463 24 100 1.2 -0.375
114614 1.1463 24 100 1.2 10
114614 1.1463 24 15 -10 10
114614 1.1463 24 15 -10 -0.375
114614 1.1463 24 15 -10 -0.075
114614 1.1463 24 15 -10 -0.225
114614 1.1463 24 15 -10 0.375
114614 1.1463 24 15 -1.2 10
114614 1.1463 24 15 -1.2 -0.375
114614 1.1463 24 50 1.2 10
114614 1.1463 24 50 1.2 -0.375
114614 1.1463 24 50 1.2 -0.075
114614 1.1463 24 50 1.2 -0.225
114614 1.1463 24 50 1.2 0.375
114614 1.1463 24 15 -1.2 -0.075
114614 1.1463 24 15 -1.2 -0.225
114614 1.1463 24 15 -1.2 0.375
114614 1.1463 24 15 -0.4 10
114614 1.1463 24 15 -0.4 -0.375
114614 1.1463 24 15 -0.4 -0.075
114614 1.1463 24 15 -0.4 -0.225
114614 1.1463 24 15 -0.4 0.375
114614 1.1463 24 15 -0.8 10
114614 1.1463 24 15 -0.8 -0.375
114614 1.1463 24 15 -0.8 -0.075
114614 1.1463 24 15 -0.8 -0.225
114614 1.1463 24 15 -0.8 0.375
114614 1.1463 24 55 1.2 0.375
114614 1.1463 24 55 1.2 -0.225
114614 1.1463 24 55 1.2 -0.075
114614 1.1463 24 55 1.2 -0.375
114614 1.1463 24 55 1.2 10
114614 1.1463 24 15 0.8 10
114614 1.1463 24 15 0.8 -0.375
114614 1.1463 24 15 0 0.3
114614 1.1463 24 15 0.8 -0.075
114614 1.1463 24 15 0.8 -0.225
114614 1.1463 24 15 0.8 0.375
114614 1.1463 24 15 0 10
114614 1.1463 24 15 0 -0.45
114614 1.1463 24 15 0 -0.15
114614 1.1463 24 15 0 -0.3
113359 1.1337 0 62.5 4.8 0.375
113359 1.1337 30 100 4.8 0.525
113359 1.1337 0 62.5 4.8 0.525
113359 1.1337 24 50 4.8 0.375
113359 1.1337 30 100 4.8 0.225
113359 1.1337 21 52.5 4.8 0.375
113359 1.1337 30 60 4.8 0.525
113359 1.1337 21 52.5 4.8 0.525
113359 1.1337 21 52.5 4.8 0.225
113359 1.1337 21 52.5 4.8 10
113359 1.1337 30 60 4.8 0.375
113359 1.1337 30 100 4.8 0.375
113359 1.1337 0 50 4.8 10
113359 1.1337 0 50 4.8 0.225
113359 1.1337 0 50 4.8 0.525
113359 1.1337 0 50 4.8 0.375
113359 1.1337 24 50 4.8 0.525
113359 1.1337 24 50 4.8 0.225
113359 1.1337 24 50 4.8 10
113359 1.1337 30 100 4.8 10
113359 1.1337 0 62.5 4.8 0.225
113359 1.1337 21 47.5 4.8 0.375
113359 1.1337 30 60 4.8 0.225
113359 1.1337 30 60 4.8 10
113359 1.1337 30 50 4.8 0.225
113359 1.1337 0 62.5 4.8 10
113359 1.1337 27 42.5 4.8 10
113359 1.1337 21 47.5 4.8 0.525
113359 1.1337 21 47.5 4.8 0.225
113359 1.1337 21 47.5 4.8 10
113359 1.1337 30 50 4.8 10
113359 1.1337 27 42.5 4.8 0.225
113359 1.1337 27 42.5 4.8 0.525
113359 1.1337 27 42.5 4.8 0.375
113359 1.1337 21 45 4.8 0.375
113359 1.1337 30 50 4.8 0.525
113359 1.1337 21 40 4.8 10
113359 1.1337 21 40 4.8 0.225
113359 1.1337 21 40 4.8 0.525
113359 1.1337 21 45 4.8 0.525
113359 1.1337 21 40 4.8 0.375
113359 1.1337 27 40 4.8 10
113359 1.1337 24 42.5 4.8 0.375
113359 1.1337 27 40 4.8 0.225
113359 1.1337 27 40 4.8 0.525
113359 1.1337 27 40 4.8 0.375
113359 1.1337 24 42.5 4.8 0.525
113359 1.1337 24 55 4.8 10
113359 1.1337 24 55 4.8 0.225
113359 1.1337 24 55 4.8 0.525
113359 1.1337 24 42.5 4.8 0.225
113359 1.1337 24 55 4.8 0.375
113359 1.1337 0 57.5 4.8 0.375
113359 1.1337 21 45 4.8 0.225
113359 1.1337 21 50 4.8 10
113359 1.1337 21 50 4.8 0.225
113359 1.1337 21 50 4.8 0.525
113359 1.1337 21 50 4.8 0.375
113359 1.1337 27 100 4.8 0.375
113359 1.1337 27 100 4.8 0.525
113359 1.1337 21 100 4.8 0.375
113359 1.1337 21 100 4.8 0.525
113359 1.1337 21 100 4.8 0.225
113359 1.1337 21 100 4.8 10
113359 1.1337 24 42.5 4.8 10
113359 1.1337 0 60 4.8 10
113359 1.1337 0 60 4.8 0.225
113359 1.1337 0 60 4.8 0.525
113359 1.1337 27 100 4.8 0.225
113359 1.1337 30 55 4.8 10
113359 1.1337 30 55 4.8 0.225
113359 1.1337 30 55 4.8 0.525
113359 1.1337 30 55 4.8 0.375
113359 1.1337 27 100 4.8 10
113359 1.1337 0 57.5 4.8 0.525
113359 1.1337 0 57.5 4.8 0.225
113359 1.1337 0 60 4.8 0.375
113359 1.1337 0 57.5 4.8 10
113359 1.1337 27 50 4.8 10
113359 1.1337 27 50 4.8 0.225
113359 1.1337 21 45 4.8 10
113359 1.1337 30 50 4.8 0.375
113359 1.1337 0 55 4.8 10
113359 1.1337 0 55 4.8 0.225
113359 1.1337 0 55 4.8 0.525
113359 1.1337 27 50 4.8 0.525
113359 1.1337 27 50 4.8 0.375
113359 1.1337 27 55 4.8 10
113359 1.1337 27 55 4.8 0.225
113359 1.1337 27 55 4.8 0.525
113359 1.1337 27 55 4.8 0.375
113359 1.1337 0 55 4.8 0.375
113359 1.1337 24 40 4.8 0.375
113359 1.1337 0 100 4.8 0.375
113359 1.1337 24 40 4.8 0.525
113359 1.1337 24 40 4.8 0.225
113359 1.1337 24 40 4.8 10
113359 1.1337 0 100 4.8 0.525
113359 1.1337 0 100 4.8 0.225
113359 1.1337 30 47.5 4.8 10
113359 1.1337 30 47.5 4.8 0.225
113359 1.1337 30 45 4.8 10
113359 1.1337 24 45 4.8 10
113359 1.1337 24 45 4.8 0.225
113359 1.1337 24 45 4.8 0.525
113359 1.1337 30 45 4.8 0.225
113359 1.1337 24 45 4.8 0.375
113359 1.1337 30 47.5 4.8 0.525
113359 1.1337 30 47.5 4.8 0.375
113359 1.1337 0 45 4.8 10
113359 1.1337 0 45 4.8 0.225
113359 1.1337 0 45 4.8 0.525
113359 1.1337 0 45 4.8 0.375
113359 1.1337 30 45 4.8 0.525
113359 1.1337 30 45 4.8 0.375
113359 1.1337 24 100 4.8 10
113359 1.1337 24 100 4.8 0.225
113359 1.1337 24 100 4.8 0.525
113359 1.1337 24 100 4.8 0.375
113359 1.1337 0 100 4.8 10
113359 1.1337 27 45 4.8 10
113359 1.1337 27 45 4.8 0.225
113359 1.1337 27 45 4.8 0.525
113359 1.1337 21 55 4.8 10
113359 1.1337 30 52.5 4.8 10
113359 1.1337 27 45 4.8 0.375
113359 1.1337 30 52.5 4.8 0.375
113359 1.1337 30 52.5 4.8 0.525
113359 1.1337 30 52.5 4.8 0.225
113359 1.1337 21 55 4.8 0.225
113359 1.1337 21 55 4.8 0.525
113359 1.1337 21 55 4.8 0.375
111732 1.11733 21 55 3.2 -0.375
111732 1.11733 0 25 3.2 -0.375
111732 1.11733 0 25 3.2 -0.075
111732 1.11733 0 25 3.2 -0.225
111732 1.11733 0 25 3.2 0.375
111732 1.11733 0 25 3.2 10
111732 1.11733 30 52.5 3.2 10
111732 1.11733 30 52.5 3.2 -0.375
111732 1.11733 30 52.5 3.2 -0.075
111732 1.11733 30 52.5 3.2 -0.225
111732 1.11733 30 52.5 3.2 0.375
111732 1.11733 0 35 3.2 0.375
111732 1.11733 0 35 3.2 -0.225
111732 1.11733 0 35 3.2 -0.075
111732 1.11733 0 35 3.2 -0.375
111732 1.11733 0 35 3.2 10
111732 1.11733 30 45 3.2 0.375
111732 1.11733 30 47.5 3.2 0.375
111732 1.11733 30 47.5 3.2 -0.225
111732 1.11733 24 100 3.2 0.375
111732 1.11733 24 100 3.2 -0.225
111732 1.11733 24 100 3.2 -0.075
111732 1.11733 24 100 3.2 -0.375
111732 1.11733 24 100 3.2 10
111732 1.11733 30 45 3.2 -0.225
111732 1.11733 30 45 3.2 -0.075
111732 1.11733 30 45 3.2 -0.375
111732 1.11733 30 45 3.2 10
111732 1.11733 30 35 3.2 10
111732 1.11733 30 35 3.2 -0.375
111732 1.11733 24 35 3.2 10
111732 1.11733 24 35 3.2 -0.375
111732 1.11733 24 35 3.2 -0.075
111732 1.11733 24 35 3.2 -0.225
111732 1.11733 24 35 3.2 0.375
111732 1.11733 30 35 3.2 -0.075
111732 1.11733 30 35 3.2 -0.225
111732 1.11733 30 35 3.2 0.375
111732 1.11733 0 45 3.2 0.375
111732 1.11733 0 45 3.2 -0.225
111732 1.11733 0 45 3.2 -0.075
111732 1.11733 0 45 3.2 -0.375
111732 1.11733 0 45 3.2 10
111732 1.11733 27 45 3.2 0.375
111732 1.11733 24 45 3.2 0.375
111732 1.11733 24 45 3.2 -0.225
111732 1.11733 24 45 3.2 -0.075
111732 1.11733 30 47.5 3.2 -0.075
111732 1.11733 30 47.5 3.2 -0.375
111732 1.11733 30 47.5 3.2 10
111732 1.11733 24 45 3.2 -0.375
111732 1.11733 24 45 3.2 10
111732 1.11733 36 55 3.2 0.375
111732 1.11733 36 55 3.2 -0.225
111732 1.11733 36 55 3.2 -0.075
111732 1.11733 36 55 3.2 -0.375
111732 1.11733 36 55 3.2 10
111732 1.11733 24 37.5 3.2 10
111732 1.11733 24 37.5 3.2 -0.375
111732 1.11733 24 37.5 3.2 -0.075
111732 1.11733 24 37.5 3.2 -0.225
111732 1.11733 0 55 3.2 0.375
111732 1.11733 0 55 3.2 -0.225
111732 1.11733 0 55 3.2 -0.075
111732 1.11733 0 55 3.2 -0.375
111732 1.11733 0 55 3.2 10
111732 1.11733 24 37.5 3.2 0.375
111732 1.11733 21 25 3.2 0.375
111732 1.11733 21 25 3.2 -0.225
111732 1.11733 21 25 3.2 -0.075
111732 1.11733 30 55 3.2 0.375
111732 1.11733 0 60 3.2 0.375
111732 1.11733 36 50 3.2 0.375
111732 1.11733 36 50 3.2 -0.225
111732 1.11733 36 50 3.2 -0.075
111732 1.11733 36 50 3.2 -0.375
111732 1.11733 36 50 3.2 10
111732 1.11733 0 60 3.2 -0.225
111732 1.11733 0 60 3.2 -0.075
111732 1.11733 0 60 3.2 -0.375
111732 1.11733 30 55 3.2 -0.225
111732 1.11733 30 55 3.2 -0.075
111732 1.11733 30 55 3.2 -0.375
111732 1.11733 30 55 3.2 10
111732 1.11733 21 25 3.2 -0.375
111732 1.11733 24 25 3.2 10
111732 1.11733 24 25 3.2 -0.375
111732 1.11733 24 25 3.2 -0.075
111732 1.11733 24 25 3.2 -0.225
111732 1.11733 24 25 3.2 0.375
111732 1.11733 21 25 3.2 10
111732 1.11733 21 35 3.2 0.375
111732 1.11733 21 35 3.2 -0.225
111732 1.11733 21 100 3.2 10
111732 1.11733 21 100 3.2 -0.375
111732 1.11733 27 100 3.2 10
111732 1.11733 27 100 3.2 -0.375
111732 1.11733 30 25 3.2 10
111732 1.11733 0 50 3.2 0.375
111732 1.11733 0 50 3.2 -0.225
111732 1.11733 21 100 3.2 -0.075
111732 1.11733 24 55 3.2 0.375
111732 1.11733 24 55 3.2 -0.225
111732 1.11733 24 55 3.2 -0.075
111732 1.11733 24 55 3.2 -0.375
111732 1.11733 24 55 3.2 10
111732 1.11733 21 100 3.2 -0.225
111732 1.11733 21 100 3.2 0.375
111732 1.11733 21 35 3.2 -0.075
111732 1.11733 24 42.5 3.2 10
111732 1.11733 36 60 3.2 10
111732 1.11733 36 60 3.2 -0.375
111732 1.11733 36 60 3.2 -0.075
111732 1.11733 36 60 3.2 -0.225
111732 1.11733 24 42.5 3.2 -0.375
111732 1.11733 24 42.5 3.2 -0.075
111732 1.11733 24 42.5 3.2 -0.225
111732 1.11733 24 42.5 3.2 0.375
111732 1.11733 21 35 3.2 -0.375
111732 1.11733 21 35 3.2 10
111732 1.11733 21 47.5 3.2 10
111732 1.11733 21 47.5 3.2 -0.375
111732 1.11733 21 47.5 3.2 -0.075
111732 1.11733 21 47.5 3.2 -0.225
111732 1.11733 21 47.5 3.2 0.375
111732 1.11733 27 100 3.2 -0.075
111732 1.11733 27 100 3.2 -0.225
111732 1.11733 0 50 3.2 -0.075
111732 1.11733 0 50 3.2 -0.375
111732 1.11733 0 50 3.2 10
111732 1.11733 30 60 3.2 0.375
111732 1.11733 30 25 3.2 -0.375
111732 1.11733 30 60 3.2 -0.225
111732 1.11733 30 60 3.2 -0.075
111732 1.11733 30 60 3.2 -0.375
111732 1.11733 30 25 3.2 -0.075
111732 1.11733 30 25 3.2 -0.225
111732 1.11733 27 100 3.2 0.375
111732 1.11733 30 100 3.2 0.375
111732 1.11733 30 100 3.2 -0.225
111732 1.11733 30 100 3.2 -0.075
111732 1.11733 30 100 3.2 -0.375
111732 1.11733 36 45 3.2 10
111732 1.11733 36 45 3.2 -0.375
111732 1.11733 36 45 3.2 -0.075
111732 1.11733 36 45 3.2 -0.225
111732 1.11733 36 45 3.2 0.375
111732 1.11733 30 25 3.2 0.375
111732 1.11733 30 100 3.2 10
111732 1.11733 30 60 3.2 10
111732 1.11733 21 52.5 3.2 10
111732 1.11733 21 52.5 3.2 -0.375
111732 1.11733 21 52.5 3.2 -0.075
111732 1.11733 24 50 3.2 0.375
111732 1.11733 24 50 3.2 -0.225
111732 1.11733 0 62.5 3.2 0.375
111732 1.11733 0 62.5 3.2 -0.225
111732 1.11733 36 52.5 3.2 0.375
111732 1.11733 36 52.5 3.2 -0.225
111732 1.11733 36 52.5 3.2 -0.075
111732 1.11733 36 52.5 3.2 -0.375
111732 1.11733 36 52.5 3.2 10
111732 1.11733 0 62.5 3.2 -0.075
111732 1.11733 0 62.5 3.2 -0.375
111732 1.11733 24 50 3.2 -0.075
111732 1.11733 24 50 3.2 -0.375
111732 1.11733 24 50 3.2 10
111732 1.11733 36 60 3.2 0.375
111732 1.11733 21 52.5 3.2 -0.225
111732 1.11733 27 37.5 3.2 10
111732 1.11733 27 37.5 3.2 -0.375
111732 1.11733 27 37.5 3.2 -0.075
111732 1.11733 21 52.5 3.2 0.375
111732 1.11733 21 45 3.2 0.375
111732 1.11733 27 37.5 3.2 -0.225
111732 1.11733 27 37.5 3.2 0.375
111732 1.11733 21 45 3.2 -0.225
111732 1.11733 21 45 3.2 -0.075
111732 1.11733 21 45 3.2 -0.375
111732 1.11733 21 45 3.2 10
111732 1.11733 27 42.5 3.2 10
111732 1.11733 36 35 3.2 10
111732 1.11733 36 35 3.2 -0.375
111732 1.11733 36 35 3.2 -0.075
111732 1.11733 36 35 3.2 -0.225
111732 1.11733 36 35 3.2 0.375
111732 1.11733 27 42.5 3.2 -0.375
111732 1.11733 27 42.5 3.2 -0.075
111732 1.11733 27 42.5 3.2 -0.225
111732 1.11733 27 42.5 3.2 0.375
111732 1.11733 21 40 3.2 10
111732 1.11733 21 40 3.2 -0.375
111732 1.11733 21 40 3.2 -0.075
111732 1.11733 21 40 3.2 -0.225
111732 1.11733 0 57.5 3.2 0.375
111732 1.11733 0 57.5 3.2 -0.225
111732 1.11733 0 57.5 3.2 -0.075
111732 1.11733 36 47.5 3.2 0.375
111732 1.11733 36 47.5 3.2 -0.225
111732 1.11733 36 47.5 3.2 -0.075
111732 1.11733 36 47.5 3.2 -0.375
111732 1.11733 36 47.5 3.2 10
111732 1.11733 0 57.5 3.2 -0.375
111732 1.11733 21 40 3.2 0.375
111732 1.11733 27 40 3.2 10
111732 1.11733 21 50 3.2 10
111732 1.11733 21 50 3.2 -0.375
111732 1.11733 27 40 3.2 -0.375
111732 1.11733 27 40 3.2 -0.075
111732 1.11733 27 40 3.2 -0.225
111732 1.11733 27 40 3.2 0.375
111732 1.11733 27 25 3.2 0.375
111732 1.11733 27 25 3.2 -0.225
111732 1.11733 27 25 3.2 -0.075
111732 1.11733 27 25 3.2 -0.375
111732 1.11733 21 50 3.2 -0.075
111732 1.11733 27 25 3.2 10
111732 1.11733 21 50 3.2 -0.225
111732 1.11733 21 50 3.2 0.375
111732 1.11733 30 50 3.2 10
111732 1.11733 24 40 3.2 0.375
111732 1.11733 27 50 3.2 10
111732 1.11733 27 50 3.2 -0.375
111732 1.11733 27 50 3.2 -0.075
111732 1.11733 27 50 3.2 -0.225
111732 1.11733 27 50 3.2 0.375
111732 1.11733 24 40 3.2 -0.225
111732 1.11733 24 40 3.2 -0.075
111732 1.11733 24 40 3.2 -0.375
111732 1.11733 24 40 3.2 10
111732 1.11733 27 55 3.2 10
111732 1.11733 0 100 3.2 0.375
111732 1.11733 0 100 3.2 -0.225
111732 1.11733 0 100 3.2 -0.075
111732 1.11733 0 100 3.2 -0.375
111732 1.11733 27 55 3.2 -0.375
111732 1.11733 27 55 3.2 -0.075
111732 1.11733 30 50 3.2 -0.375
111732 1.11733 27 55 3.2 -0.225
111732 1.11733 30 50 3.2 -0.075
111732 1.11733 30 50 3.2 -0.225
111732 1.11733 30 50 3.2 0.375
111732 1.11733 27 55 3.2 0.375
111732 1.11733 27 35 3.2 0.375
111732 1.11733 27 35 3.2 -0.225
111732 1.11733 27 35 3.2 -0.075
111732 1.11733 27 35 3.2 -0.375
111732 1.11733 27 35 3.2 10
111732 1.11733 36 25 3.2 10
111732 1.11733 36 25 3.2 -0.375
111732 1.11733 36 100 3.2 10
111732 1.11733 36 100 3.2 -0.375
111732 1.11733 36 100 3.2 -0.075
111732 1.11733 36 100 3.2 -0.225
111732 1.11733 36 100 3.2 0.375
111732 1.11733 36 25 3.2 -0.075
111732 1.11733 36 25 3.2 -0.225
111732 1.11733 36 25 3.2 0.375
111732 1.11733 21 55 3.2 0.375
111732 1.11733 27 45 3.2 -0.225
111732 1.11733 21 55 3.2 -0.225
111732 1.11733 21 55 3.2 -0.075
111732 1.11733 21 55 3.2 10
111732 1.11733 27 45 3.2 10
111732 1.11733 27 45 3.2 -0.375
111732 1.11733 27 45 3.2 -0.075
109632 1.09641 0 15 1.6 -0.225
100000 1 36 100 4.8 0.375
100000 1 36 100 4.8 -0.225
100000 1 36 100 4.8 -0.075
100000 1 36 100 4.8 -0.375
100000 1 36 100 4.8 10
100000 1 36 100 6.4 0.375
100000 1 36 100 6.4 -0.225
100000 1 36 100 6.4 -0.075
100000 1 36 100 6.4 -0.375
100000 1 36 100 6.4 10
100000 1 36 100 8 0.375
100000 1 36 100 8 -0.225
100000 1 36 100 8 -0.075
100000 1 36 100 8 -0.375
100000 1 36 100 8 10
100000 1 24 5 0 0.3
100000 1 24 5 0 -0.3
100000 1 24 5 0 -0.15
100000 1 24 5 0 -0.45
100000 1 24 5 0 10
100000 1 24 5 1.6 0.375
100000 1 24 5 1.6 -0.225
100000 1 24 5 1.6 -0.075
100000 1 36 47.5 8 10
100000 1 36 47.5 8 -0.375
100000 1 36 47.5 8 -0.075
100000 1 36 47.5 8 -0.225
100000 1 36 47.5 8 0.375
100000 1 36 47.5 6.4 10
100000 1 36 47.5 6.4 -0.375
100000 1 36 47.5 6.4 -0.075
100000 1 36 47.5 6.4 -0.225
100000 1 36 47.5 6.4 0.375
100000 1 36 47.5 4.8 10
100000 1 36 47.5 4.8 -0.375
100000 1 36 47.5 4.8 -0.075
100000 1 36 47.5 4.8 -0.225
100000 1 36 47.5 4.8 0.375
100000 1 24 5 1.6 -0.375
100000 1 24 5 1.6 10
100000 1 24 5 3.2 0.375
100000 1 24 5 3.2 -0.225
100000 1 24 5 3.2 -0.075
100000 1 24 5 3.2 -0.375
100000 1 24 5 3.2 10
100000 1 24 5 4.8 0.375
100000 1 24 5 4.8 -0.225
100000 1 24 5 4.8 -0.075
100000 1 24 5 4.8 -0.375
100000 1 24 5 4.8 10
100000 1 24 5 6.4 0.375
100000 1 24 5 6.4 -0.225
100000 1 24 5 6.4 -0.075
100000 1 24 5 6.4 -0.375
100000 1 24 5 6.4 10
100000 1 24 5 8 0.375
100000 1 24 5 8 -0.225
100000 1 24 5 8 -0.075
100000 1 24 5 8 -0.375
100000 1 24 5 8 10
100000 1 24 5 8.8 0.375
100000 1 24 5 8.8 -0.225
100000 1 24 5 8.8 -0.075
100000 1 24 5 8.8 -0.375
100000 1 24 5 8.8 10
100000 1 24 5 7.2 0.375
100000 1 24 5 7.2 -0.225
100000 1 24 5 7.2 -0.075
100000 1 24 5 7.2 -0.375
100000 1 24 5 7.2 10
100000 1 24 5 7.6 0.375
100000 1 24 5 7.6 -0.225
100000 1 24 5 7.6 -0.075
100000 1 24 5 7.6 -0.375
100000 1 24 5 7.6 10
100000 1 24 5 6.8 0.375
100000 1 24 5 6.8 -0.225
100000 1 24 5 6.8 -0.075
100000 1 36 52.5 8 10
100000 1 36 52.5 8 -0.375
100000 1 36 52.5 8 -0.075
100000 1 36 52.5 8 -0.225
100000 1 36 52.5 8 0.375
100000 1 36 52.5 6.4 10
100000 1 36 52.5 6.4 -0.375
100000 1 36 52.5 6.4 -0.075
100000 1 36 52.5 6.4 -0.225
100000 1 36 52.5 6.4 0.375
100000 1 36 52.5 4.8 10
100000 1 36 52.5 4.8 -0.375
100000 1 36 52.5 4.8 -0.075
100000 1 36 52.5 4.8 -0.225
100000 1 36 52.5 4.8 0.375
100000 1 24 5 6.8 -0.375
100000 1 24 5 6.8 10
100000 1 24 5 -10 0.375
100000 1 24 5 -10 -0.225
100000 1 24 5 -10 -0.075
100000 1 24 5 -10 -0.375
100000 1 24 5 -10 10
100000 1 24 15 1.6 0.375
100000 1 24 15 1.6 -0.225
100000 1 24 15 1.6 -0.075
100000 1 24 15 1.6 -0.375
100000 1 24 15 1.6 10
100000 1 24 15 3.2 0.375
100000 1 24 15 3.2 -0.225
100000 1 24 15 3.2 -0.075
100000 1 24 15 3.2 -0.375
100000 1 24 15 3.2 10
100000 1 24 15 4.8 0.375
100000 1 24 15 4.8 -0.225
100000 1 24 15 4.8 -0.075
100000 1 24 15 4.8 -0.375
100000 1 24 15 4.8 10
100000 1 24 15 6.4 0.375
100000 1 24 15 6.4 -0.225
100000 1 24 15 6.4 -0.075
100000 1 24 15 6.4 -0.375
100000 1 24 15 6.4 10
100000 1 24 15 8 0.375
100000 1 24 15 8 -0.225
100000 1 24 15 8 -0.075
100000 1 24 15 8 -0.375
100000 1 24 15 8 10
100000 1 24 25 4.8 0.375
100000 1 24 25 4.8 -0.225
100000 1 24 25 4.8 -0.075
100000 1 24 25 4.8 -0.375
100000 1 24 25 4.8 10
100000 1 24 25 6.4 0.375
100000 1 24 25 6.4 -0.225
100000 1 24 25 6.4 -0.075
100000 1 36 50 8 10
100000 1 36 50 8 -0.375
100000 1 36 50 8 -0.075
100000 1 36 50 8 -0.225
100000 1 36 50 8 0.375
100000 1 36 50 6.4 10
100000 1 36 50 6.4 -0.375
100000 1 36 50 6.4 -0.075
100000 1 36 50 6.4 -0.225
100000 1 36 50 6.4 0.375
100000 1 36 50 4.8 10
100000 1 36 50 4.8 -0.375
100000 1 36 50 4.8 -0.075
100000 1 36 50 4.8 -0.225
100000 1 36 50 4.8 0.375
100000 1 24 25 6.4 -0.375
100000 1 24 25 6.4 10
100000 1 24 25 8 0.375
100000 1 24 25 8 -0.225
100000 1 24 25 8 -0.075
100000 1 24 25 8 -0.375
100000 1 24 25 8 10
100000 1 24 35 4.8 0.375
100000 1 24 35 4.8 -0.225
100000 1 24 35 4.8 -0.075
100000 1 24 35 4.8 -0.375
100000 1 24 35 4.8 10
100000 1 24 35 6.4 0.375
100000 1 24 35 6.4 -0.225
100000 1 24 35 6.4 -0.075
100000 1 24 35 6.4 -0.375
100000 1 24 35 6.4 10
100000 1 24 35 8 0.375
100000 1 24 35 8 -0.225
100000 1 24 35 8 -0.075
100000 1 24 35 8 -0.375
100000 1 24 35 8 10
100000 1 24 45 4.8 -0.225
100000 1 24 45 6.4 0.375
100000 1 24 45 6.4 -0.225
100000 1 24 45 6.4 -0.075
100000 1 24 45 6.4 -0.375
100000 1 24 45 6.4 10
100000 1 24 45 8 0.375
100000 1 24 45 8 -0.225
100000 1 24 45 8 -0.075
100000 1 24 45 8 -0.375
100000 1 24 45 8 10
100000 1 24 55 4.8 -0.225
100000 1 24 55 6.4 0.375
100000 1 24 55 6.4 -0.225
100000 1 24 55 6.4 -0.075
100000 1 24 55 6.4 -0.375
100000 1 24 55 6.4 10
100000 1 24 55 8 0.375
100000 1 36 60 8 10
100000 1 36 60 8 -0.375
100000 1 36 60 8 -0.075
100000 1 36 60 8 -0.225
100000 1 36 60 8 0.375
100000 1 36 60 6.4 10
100000 1 36 60 6.4 -0.375
100000 1 36 60 6.4 -0.075
100000 1 36 60 6.4 -0.225
100000 1 36 60 6.4 0.375
100000 1 36 60 4.8 10
100000 1 36 60 4.8 -0.375
100000 1 36 60 4.8 -0.075
100000 1 36 60 4.8 -0.225
100000 1 36 60 4.8 0.375
100000 1 24 55 8 -0.225
100000 1 24 55 8 -0.075
100000 1 24 55 8 -0.375
100000 1 24 55 8 10
100000 1 24 50 4.8 -0.225
100000 1 24 50 6.4 0.375
100000 1 24 50 6.4 -0.225
100000 1 24 50 6.4 -0.075
100000 1 24 50 6.4 -0.375
100000 1 24 50 6.4 10
100000 1 24 50 8 0.375
100000 1 24 50 8 -0.225
100000 1 24 50 8 -0.075
100000 1 24 50 8 -0.375
100000 1 24 50 8 10
100000 1 24 40 4.8 -0.225
100000 1 24 40 6.4 0.375
100000 1 24 40 6.4 -0.225
100000 1 24 40 6.4 -0.075
100000 1 24 40 6.4 -0.375
100000 1 24 40 6.4 10
100000 1 24 40 8 0.375
100000 1 24 40 8 -0.225
100000 1 24 40 8 -0.075
100000 1 24 40 8 -0.375
100000 1 24 40 8 10
100000 1 24 42.5 4.8 -0.225
100000 1 24 42.5 6.4 0.375
100000 1 24 42.5 6.4 -0.225
100000 1 24 42.5 6.4 -0.075
100000 1 24 42.5 6.4 -0.375
100000 1 24 42.5 6.4 10
100000 1 24 42.5 8 0.375
100000 1 24 42.5 8 -0.225
100000 1 24 42.5 8 -0.075
100000 1 24 42.5 8 -0.375
100000 1 24 42.5 8 10
100000 1 24 37.5 4.8 0.375
100000 1 24 37.5 4.8 -0.225
100000 1 24 37.5 4.8 -0.075
100000 1 36 55 8 10
100000 1 36 55 8 -0.375
100000 1 36 55 8 -0.075
100000 1 36 55 8 -0.225
100000 1 36 55 8 0.375
100000 1 36 55 6.4 10
100000 1 36 55 6.4 -0.375
100000 1 36 55 6.4 -0.075
100000 1 36 55 6.4 -0.225
100000 1 36 55 6.4 0.375
100000 1 36 55 4.8 10
100000 1 36 55 4.8 -0.375
100000 1 36 55 4.8 -0.075
100000 1 36 55 4.8 -0.225
100000 1 36 55 4.8 0.375
100000 1 24 37.5 4.8 -0.375
100000 1 24 37.5 4.8 10
100000 1 24 37.5 6.4 0.375
100000 1 24 37.5 6.4 -0.225
100000 1 24 37.5 6.4 -0.075
100000 1 24 37.5 6.4 -0.375
100000 1 24 37.5 6.4 10
100000 1 24 37.5 8 0.375
100000 1 24 37.5 8 -0.225
100000 1 24 37.5 8 -0.075
100000 1 24 37.5 8 -0.375
100000 1 24 37.5 8 10
100000 1 24 100 4.8 -0.225
100000 1 24 100 6.4 0.375
100000 1 24 100 6.4 -0.225
100000 1 24 100 6.4 -0.075
100000 1 24 100 6.4 -0.375
100000 1 24 100 6.4 10
100000 1 24 100 8 0.375
100000 1 24 100 8 -0.225
100000 1 24 100 8 -0.075
100000 1 24 100 8 -0.375
100000 1 24 100 8 10
100000 1 27 5 0 0.3
100000 1 27 5 0 -0.3
100000 1 27 5 0 -0.15
100000 1 27 5 0 -0.45
100000 1 27 5 0 10
100000 1 27 5 1.6 0.375
100000 1 27 5 1.6 -0.225
100000 1 27 5 1.6 -0.075
100000 1 27 5 1.6 -0.375
100000 1 27 5 1.6 10
100000 1 27 5 3.2 0.375
100000 1 27 5 3.2 -0.225
100000 1 27 5 3.2 -0.075
100000 1 27 5 3.2 -0.375
100000 1 27 5 3.2 10
100000 1 27 5 4.8 0.375
100000 1 27 5 4.8 -0.225
100000 1 36 45 8 10
100000 1 36 45 8 -0.375
100000 1 36 45 8 -0.075
100000 1 36 45 8 -0.225
100000 1 36 45 8 0.375
100000 1 36 45 6.4 10
100000 1 36 45 6.4 -0.375
100000 1 36 45 6.4 -0.075
100000 1 36 45 6.4 -0.225
100000 1 36 45 6.4 0.375
100000 1 36 45 4.8 10
100000 1 36 45 4.8 -0.375
100000 1 36 45 4.8 -0.075
100000 1 36 45 4.8 -0.225
100000 1 36 45 4.8 0.375
100000 1 27 5 4.8 -0.075
100000 1 27 5 4.8 -0.375
100000 1 27 5 4.8 10
100000 1 27 5 6.4 0.375
100000 1 27 5 6.4 -0.225
100000 1 27 5 6.4 -0.075
100000 1 27 5 6.4 -0.375
100000 1 27 5 6.4 10
100000 1 27 5 8 0.375
100000 1 27 5 8 -0.225
100000 1 27 5 8 -0.075
100000 1 27 5 8 -0.375
100000 1 27 5 8 10
100000 1 27 5 8.8 0.375
100000 1 27 5 8.8 -0.225
100000 1 27 5 8.8 -0.075
100000 1 27 5 8.8 -0.375
100000 1 27 5 8.8 10
100000 1 27 5 7.2 0.375
100000 1 27 5 7.2 -0.225
100000 1 27 5 7.2 -0.075
100000 1 27 5 7.2 -0.375
100000 1 27 5 7.2 10
100000 1 27 5 7.6 0.375
100000 1 27 5 7.6 -0.225
100000 1 27 5 7.6 -0.075
100000 1 27 5 7.6 -0.375
100000 1 27 5 7.6 10
100000 1 27 5 6.8 0.375
100000 1 27 5 6.8 -0.225
100000 1 27 5 6.8 -0.075
100000 1 27 5 6.8 -0.375
100000 1 27 5 6.8 10
100000 1 27 5 -10 0.375
100000 1 27 5 -10 -0.225
100000 1 27 5 -10 -0.075
100000 1 27 5 -10 -0.375
100000 1 27 5 -10 10
100000 1 27 15 1.6 0.375
100000 1 27 15 1.6 -0.225
100000 1 36 35 8 10
100000 1 36 35 8 -0.375
100000 1 36 35 8 -0.075
100000 1 36 35 8 -0.225
100000 1 36 35 8 0.375
100000 1 36 35 6.4 10
100000 1 36 35 6.4 -0.375
100000 1 36 35 6.4 -0.075
100000 1 36 35 6.4 -0.225
100000 1 36 35 6.4 0.375
100000 1 36 35 4.8 10
100000 1 36 35 4.8 -0.375
100000 1 36 35 4.8 -0.075
100000 1 36 35 4.8 -0.225
100000 1 36 35 4.8 0.375
100000 1 27 15 1.6 -0.075
100000 1 27 15 1.6 -0.375
100000 1 27 15 1.6 10
100000 1 27 15 3.2 0.375
100000 1 27 15 3.2 -0.225
100000 1 27 15 3.2 -0.075
100000 1 27 15 3.2 -0.375
100000 1 27 15 3.2 10
100000 1 27 15 4.8 0.375
100000 1 27 15 4.8 -0.225
100000 1 27 15 4.8 -0.075
100000 1 27 15 4.8 -0.375
100000 1 27 15 4.8 10
100000 1 27 15 6.4 0.375
100000 1 27 15 6.4 -0.225
100000 1 27 15 6.4 -0.075
100000 1 27 15 6.4 -0.375
100000 1 27 15 6.4 10
100000 1 27 15 8 0.375
100000 1 27 15 8 -0.225
100000 1 27 15 8 -0.075
100000 1 27 15 8 -0.375
100000 1 27 15 8 10
100000 1 27 25 4.8 0.375
100000 1 27 25 4.8 -0.225
100000 1 27 25 4.8 -0.075
100000 1 27 25 4.8 -0.375
100000 1 27 25 4.8 10
100000 1 27 25 6.4 0.375
100000 1 27 25 6.4 -0.225
100000 1 27 25 6.4 -0.075
100000 1 27 25 6.4 -0.375
100000 1 27 25 6.4 10
100000 1 27 25 8 0.375
100000 1 27 25 8 -0.225
100000 1 27 25 8 -0.075
100000 1 27 25 8 -0.375
100000 1 27 25 8 10
100000 1 27 35 4.8 0.375
100000 1 27 35 4.8 -0.225
100000 1 36 25 8 10
100000 1 36 25 8 -0.375
100000 1 36 25 8 -0.075
100000 1 36 25 8 -0.225
100000 1 36 25 8 0.375
100000 1 36 25 6.4 10
100000 1 36 25 6.4 -0.375
100000 1 36 25 6.4 -0.075
100000 1 36 25 6.4 -0.225
100000 1 36 25 6.4 0.375
100000 1 36 25 4.8 10
100000 1 36 25 4.8 -0.375
100000 1 36 25 4.8 -0.075
100000 1 36 25 4.8 -0.225
100000 1 36 25 4.8 0.375
100000 1 27 35 4.8 -0.075
100000 1 27 35 4.8 -0.375
100000 1 27 35 4.8 10
100000 1 27 35 6.4 0.375
100000 1 27 35 6.4 -0.225
100000 1 27 35 6.4 -0.075
100000 1 27 35 6.4 -0.375
100000 1 27 35 6.4 10
100000 1 27 35 8 0.375
100000 1 27 35 8 -0.225
100000 1 27 35 8 -0.075
100000 1 27 35 8 -0.375
100000 1 27 35 8 10
100000 1 27 45 4.8 -0.225
100000 1 27 45 6.4 0.375
100000 1 27 45 6.4 -0.225
100000 1 27 45 6.4 -0.075
100000 1 27 45 6.4 -0.375
100000 1 27 45 6.4 10
100000 1 27 45 8 0.375
100000 1 27 45 8 -0.225
100000 1 27 45 8 -0.075
100000 1 27 45 8 -0.375
100000 1 27 45 8 10
100000 1 27 55 4.8 -0.225
100000 1 27 55 6.4 0.375
100000 1 27 55 6.4 -0.225
100000 1 27 55 6.4 -0.075
100000 1 27 55 6.4 -0.375
100000 1 27 55 6.4 10
100000 1 27 55 8 0.375
100000 1 27 55 8 -0.225
100000 1 27 55 8 -0.075
100000 1 27 55 8 -0.375
100000 1 27 55 8 10
100000 1 27 50 4.8 -0.225
100000 1 27 50 6.4 0.375
100000 1 27 50 6.4 -0.225
100000 1 27 50 6.4 -0.075
100000 1 27 50 6.4 -0.375
100000 1 36 15 8 10
100000 1 36 15 8 -0.375
100000 1 36 15 8 -0.075
100000 1 36 15 8 -0.225
100000 1 36 15 8 0.375
100000 1 36 15 6.4 10
100000 1 36 15 6.4 -0.375
100000 1 36 15 6.4 -0.075
100000 1 36 15 6.4 -0.225
100000 1 36 15 6.4 0.375
100000 1 36 15 4.8 10
100000 1 36 15 4.8 -0.375
100000 1 36 15 4.8 -0.075
100000 1 36 15 4.8 -0.225
100000 1 36 15 4.8 0.375
100000 1 36 15 3.2 10
100000 1 36 15 3.2 -0.375
100000 1 36 15 3.2 -0.075
100000 1 36 15 3.2 -0.225
100000 1 36 15 3.2 0.375
100000 1 36 15 1.6 10
100000 1 36 15 1.6 -0.375
100000 1 36 15 1.6 -0.075
100000 1 36 15 1.6 -0.225
100000 1 36 15 1.6 0.375
100000 1 27 50 6.4 10
100000 1 27 50 8 0.375
100000 1 27 50 8 -0.225
100000 1 27 50 8 -0.075
100000 1 27 50 8 -0.375
100000 1 36 5 -10 10
100000 1 36 5 -10 -0.375
100000 1 36 5 -10 -0.075
100000 1 36 5 -10 -0.225
100000 1 36 5 -10 0.375
100000 1 36 5 6.8 10
100000 1 36 5 6.8 -0.375
100000 1 36 5 6.8 -0.075
100000 1 36 5 6.8 -0.225
100000 1 36 5 6.8 0.375
100000 1 36 5 7.6 10
100000 1 36 5 7.6 -0.375
100000 1 36 5 7.6 -0.075
100000 1 36 5 7.6 -0.225
100000 1 36 5 7.6 0.375
100000 1 36 5 7.2 10
100000 1 36 5 7.2 -0.375
100000 1 36 5 7.2 -0.075
100000 1 36 5 7.2 -0.225
100000 1 36 5 7.2 0.375
100000 1 36 5 8.8 10
100000 1 36 5 8.8 -0.375
100000 1 36 5 8.8 -0.075
100000 1 36 5 8.8 -0.225
100000 1 36 5 8.8 0.375
100000 1 36 5 8 10
100000 1 36 5 8 -0.375
100000 1 36 5 8 -0.075
100000 1 36 5 8 -0.225
100000 1 36 5 8 0.375
100000 1 36 5 6.4 10
100000 1 36 5 6.4 -0.375
100000 1 36 5 6.4 -0.075
100000 1 36 5 6.4 -0.225
100000 1 36 5 6.4 0.375
100000 1 36 5 4.8 10
100000 1 36 5 4.8 -0.375
100000 1 36 5 4.8 -0.075
100000 1 36 5 4.8 -0.225
100000 1 36 5 4.8 0.375
100000 1 36 5 3.2 10
100000 1 36 5 3.2 -0.375
100000 1 36 5 3.2 -0.075
100000 1 36 5 3.2 -0.225
100000 1 36 5 3.2 0.375
100000 1 36 5 1.6 10
100000 1 36 5 1.6 -0.375
100000 1 36 5 1.6 -0.075
100000 1 36 5 1.6 -0.225
100000 1 36 5 1.6 0.375
100000 1 36 5 0 10
100000 1 36 5 0 -0.45
100000 1 36 5 0 -0.15
100000 1 36 5 0 -0.3
100000 1 36 5 0 0.3
100000 1 90 100 -10 10
100000 1 90 100 -10 -0.375
100000 1 90 100 -10 -0.075
100000 1 90 100 -10 -0.225
100000 1 90 100 -10 0.375
100000 1 90 100 6.8 10
100000 1 90 100 6.8 -0.375
100000 1 90 100 6.8 -0.075
100000 1 90 100 6.8 -0.225
100000 1 90 100 6.8 0.375
100000 1 90 100 7.6 10
100000 1 90 100 7.6 -0.375
100000 1 90 100 7.6 -0.075
100000 1 90 100 7.6 -0.225
100000 1 90 100 7.6 0.375
100000 1 90 100 7.2 10
100000 1 90 100 7.2 -0.375
100000 1 90 100 7.2 -0.075
100000 1 90 100 7.2 -0.225
100000 1 90 100 7.2 0.375
100000 1 90 100 8.8 10
100000 1 90 100 8.8 -0.375
100000 1 90 100 8.8 -0.075
100000 1 90 100 8.8 -0.225
100000 1 90 100 8.8 0.375
100000 1 90 100 8 10
100000 1 90 100 8 -0.375
100000 1 90 100 8 -0.075
100000 1 90 100 8 -0.225
100000 1 90 100 8 0.375
100000 1 90 100 6.4 10
100000 1 90 100 6.4 -0.375
100000 1 90 100 6.4 -0.075
100000 1 90 100 6.4 -0.225
100000 1 90 100 6.4 0.375
100000 1 90 100 4.8 10
100000 1 90 100 4.8 -0.375
100000 1 90 100 4.8 -0.075
100000 1 90 100 4.8 -0.225
100000 1 90 100 4.8 0.375
100000 1 90 100 3.2 10
100000 1 90 100 3.2 -0.375
100000 1 90 100 3.2 -0.075
100000 1 90 100 3.2 -0.225
100000 1 90 100 3.2 0.375
100000 1 90 100 1.6 10
100000 1 90 100 1.6 -0.375
100000 1 90 100 1.6 -0.075
100000 1 90 100 1.6 -0.225
100000 1 90 100 1.6 0.375
100000 1 90 100 0 10
100000 1 90 100 0 -0.45
100000 1 90 100 0 -0.15
100000 1 90 100 0 -0.3
100000 1 90 100 0 0.3
100000 1 90 47.5 -10 10
100000 1 90 47.5 -10 -0.375
100000 1 90 47.5 -10 -0.075
100000 1 90 47.5 -10 -0.225
100000 1 90 47.5 -10 0.375
100000 1 90 47.5 6.8 10
100000 1 90 47.5 6.8 -0.375
100000 1 90 47.5 6.8 -0.075
100000 1 90 47.5 6.8 -0.225
100000 1 90 47.5 6.8 0.375
100000 1 90 47.5 7.6 10
100000 1 90 47.5 7.6 -0.375
100000 1 90 47.5 7.6 -0.075
100000 1 90 47.5 7.6 -0.225
100000 1 90 47.5 7.6 0.375
100000 1 90 47.5 7.2 10
100000 1 90 47.5 7.2 -0.375
100000 1 90 47.5 7.2 -0.075
100000 1 90 47.5 7.2 -0.225
100000 1 90 47.5 7.2 0.375
100000 1 90 47.5 8.8 10
100000 1 90 47.5 8.8 -0.375
100000 1 90 47.5 8.8 -0.075
100000 1 90 47.5 8.8 -0.225
100000 1 90 47.5 8.8 0.375
100000 1 90 47.5 8 10
100000 1 90 47.5 8 -0.375
100000 1 90 47.5 8 -0.075
100000 1 90 47.5 8 -0.225
100000 1 90 47.5 8 0.375
100000 1 90 47.5 6.4 10
100000 1 90 47.5 6.4 -0.375
100000 1 90 47.5 6.4 -0.075
100000 1 90 47.5 6.4 -0.225
100000 1 90 47.5 6.4 0.375
100000 1 90 47.5 4.8 10
100000 1 90 47.5 4.8 -0.375
100000 1 90 47.5 4.8 -0.075
100000 1 90 47.5 4.8 -0.225
100000 1 90 47.5 4.8 0.375
100000 1 90 47.5 3.2 10
100000 1 90 47.5 3.2 -0.375
100000 1 90 47.5 3.2 -0.075
100000 1 90 47.5 3.2 -0.225
100000 1 90 47.5 3.2 0.375
100000 1 90 47.5 1.6 10
100000 1 90 47.5 1.6 -0.375
100000 1 90 47.5 1.6 -0.075
100000 1 90 47.5 1.6 -0.225
100000 1 90 47.5 1.6 0.375
100000 1 90 47.5 0 10
100000 1 90 47.5 0 -0.45
100000 1 90 47.5 0 -0.15
100000 1 90 47.5 0 -0.3
100000 1 90 47.5 0 0.3
100000 1 90 52.5 -10 10
100000 1 90 52.5 -10 -0.375
100000 1 90 52.5 -10 -0.075
100000 1 90 52.5 -10 -0.225
100000 1 90 52.5 -10 0.375
100000 1 90 52.5 6.8 10
100000 1 90 52.5 6.8 -0.375
100000 1 90 52.5 6.8 -0.075
100000 1 90 52.5 6.8 -0.225
100000 1 90 52.5 6.8 0.375
100000 1 90 52.5 7.6 10
100000 1 90 52.5 7.6 -0.375
100000 1 90 52.5 7.6 -0.075
100000 1 90 52.5 7.6 -0.225
100000 1 90 52.5 7.6 0.375
100000 1 90 52.5 7.2 10
100000 1 90 52.5 7.2 -0.375
100000 1 90 52.5 7.2 -0.075
100000 1 90 52.5 7.2 -0.225
100000 1 90 52.5 7.2 0.375
100000 1 90 52.5 8.8 10
100000 1 90 52.5 8.8 -0.375
100000 1 90 52.5 8.8 -0.075
100000 1 90 52.5 8.8 -0.225
100000 1 90 52.5 8.8 0.375
100000 1 90 52.5 8 10
100000 1 90 52.5 8 -0.375
100000 1 90 52.5 8 -0.075
100000 1 90 52.5 8 -0.225
100000 1 90 52.5 8 0.375
100000 1 90 52.5 6.4 10
100000 1 90 52.5 6.4 -0.375
100000 1 90 52.5 6.4 -0.075
100000 1 90 52.5 6.4 -0.225
100000 1 90 52.5 6.4 0.375
100000 1 90 52.5 4.8 10
100000 1 90 52.5 4.8 -0.375
100000 1 90 52.5 4.8 -0.075
100000 1 90 52.5 4.8 -0.225
100000 1 90 52.5 4.8 0.375
100000 1 90 52.5 3.2 10
100000 1 90 52.5 3.2 -0.375
100000 1 90 52.5 3.2 -0.075
100000 1 90 52.5 3.2 -0.225
100000 1 90 52.5 3.2 0.375
100000 1 90 52.5 1.6 10
100000 1 90 52.5 1.6 -0.375
100000 1 90 52.5 1.6 -0.075
100000 1 90 52.5 1.6 -0.225
100000 1 90 52.5 1.6 0.375
100000 1 90 52.5 0 10
100000 1 90 52.5 0 -0.45
100000 1 90 52.5 0 -0.15
100000 1 90 52.5 0 -0.3
100000 1 90 52.5 0 0.3
100000 1 90 50 -10 10
100000 1 90 50 -10 -0.375
100000 1 90 50 -10 -0.075
100000 1 90 50 -10 -0.225
100000 1 90 50 -10 0.375
100000 1 90 50 6.8 10
100000 1 90 50 6.8 -0.375
100000 1 90 50 6.8 -0.075
100000 1 90 50 6.8 -0.225
100000 1 90 50 6.8 0.375
100000 1 90 50 7.6 10
100000 1 90 50 7.6 -0.375
100000 1 90 50 7.6 -0.075
100000 1 90 50 7.6 -0.225
100000 1 90 50 7.6 0.375
100000 1 90 50 7.2 10
100000 1 90 50 7.2 -0.375
100000 1 90 50 7.2 -0.075
100000 1 90 50 7.2 -0.225
100000 1 90 50 7.2 0.375
100000 1 90 50 8.8 10
100000 1 90 50 8.8 -0.375
100000 1 90 50 8.8 -0.075
100000 1 90 50 8.8 -0.225
100000 1 90 50 8.8 0.375
100000 1 90 50 8 10
100000 1 90 50 8 -0.375
100000 1 90 50 8 -0.075
100000 1 90 50 8 -0.225
100000 1 90 50 8 0.375
100000 1 90 50 6.4 10
100000 1 90 50 6.4 -0.375
100000 1 90 50 6.4 -0.075
100000 1 90 50 6.4 -0.225
100000 1 90 50 6.4 0.375
100000 1 90 50 4.8 10
100000 1 90 50 4.8 -0.375
100000 1 90 50 4.8 -0.075
100000 1 90 50 4.8 -0.225
100000 1 90 50 4.8 0.375
100000 1 90 50 3.2 10
100000 1 90 50 3.2 -0.375
100000 1 90 50 3.2 -0.075
100000 1 90 50 3.2 -0.225
100000 1 90 50 3.2 0.375
100000 1 90 50 1.6 10
100000 1 90 50 1.6 -0.375
100000 1 90 50 1.6 -0.075
100000 1 90 50 1.6 -0.225
100000 1 90 50 1.6 0.375
100000 1 90 50 0 10
100000 1 90 50 0 -0.45
100000 1 90 50 0 -0.15
100000 1 90 50 0 -0.3
100000 1 90 50 0 0.3
100000 1 90 60 -10 10
100000 1 90 60 -10 -0.375
100000 1 90 60 -10 -0.075
100000 1 90 60 -10 -0.225
100000 1 90 60 -10 0.375
100000 1 90 60 6.8 10
100000 1 90 60 6.8 -0.375
100000 1 90 60 6.8 -0.075
100000 1 90 60 6.8 -0.225
100000 1 90 60 6.8 0.375
100000 1 90 60 7.6 10
100000 1 90 60 7.6 -0.375
100000 1 90 60 7.6 -0.075
100000 1 90 60 7.6 -0.225
100000 1 90 60 7.6 0.375
100000 1 90 60 7.2 10
100000 1 90 60 7.2 -0.375
100000 1 90 60 7.2 -0.075
100000 1 90 60 7.2 -0.225
100000 1 90 60 7.2 0.375
100000 1 90 60 8.8 10
100000 1 90 60 8.8 -0.375
100000 1 90 60 8.8 -0.075
100000 1 90 60 8.8 -0.225
100000 1 90 60 8.8 0.375
100000 1 90 60 8 10
100000 1 90 60 8 -0.375
100000 1 90 60 8 -0.075
100000 1 90 60 8 -0.225
100000 1 90 60 8 0.375
100000 1 90 60 6.4 10
100000 1 90 60 6.4 -0.375
100000 1 90 60 6.4 -0.075
100000 1 90 60 6.4 -0.225
100000 1 90 60 6.4 0.375
100000 1 90 60 4.8 10
100000 1 90 60 4.8 -0.375
100000 1 90 60 4.8 -0.075
100000 1 90 60 4.8 -0.225
100000 1 90 60 4.8 0.375
100000 1 90 60 3.2 10
100000 1 90 60 3.2 -0.375
100000 1 90 60 3.2 -0.075
100000 1 90 60 3.2 -0.225
100000 1 90 60 3.2 0.375
100000 1 90 60 1.6 10
100000 1 90 60 1.6 -0.375
100000 1 90 60 1.6 -0.075
100000 1 90 60 1.6 -0.225
100000 1 90 60 1.6 0.375
100000 1 90 60 0 10
100000 1 90 60 0 -0.45
100000 1 90 60 0 -0.15
100000 1 90 60 0 -0.3
100000 1 90 60 0 0.3
100000 1 90 55 -10 10
100000 1 90 55 -10 -0.375
100000 1 90 55 -10 -0.075
100000 1 90 55 -10 -0.225
100000 1 90 55 -10 0.375
100000 1 90 55 6.8 10
100000 1 90 55 6.8 -0.375
100000 1 90 55 6.8 -0.075
100000 1 90 55 6.8 -0.225
100000 1 90 55 6.8 0.375
100000 1 90 55 7.6 10
100000 1 90 55 7.6 -0.375
100000 1 90 55 7.6 -0.075
100000 1 90 55 7.6 -0.225
100000 1 90 55 7.6 0.375
100000 1 90 55 7.2 10
100000 1 90 55 7.2 -0.375
100000 1 90 55 7.2 -0.075
100000 1 90 55 7.2 -0.225
100000 1 90 55 7.2 0.375
100000 1 90 55 8.8 10
100000 1 90 55 8.8 -0.375
100000 1 90 55 8.8 -0.075
100000 1 90 55 8.8 -0.225
100000 1 90 55 8.8 0.375
100000 1 90 55 8 10
100000 1 90 55 8 -0.375
0
774244 0 57.5 -10 0.375