1146906 1.13983 18 0 -0.6 0.45
1146906 1.13983 18 50 -0.6 0.45
1090820 1.20463 18 50 -1 0.45
1090820 1.20463 18 0 -1 0.45
1067857 1.17466 18 45 -0.8 0.45
1062031 1.10734 18 45 -0.4 0.45
1054871 1.08498 18 0 -0.2 0.45
1035337 1.08622 18 50 -0.2 0.45
1001630 1.18796 24 65 -0.6 0.9
997271 1.07299 15 57.5 -0.6 -0.15
966686 1.06073 24 65 -0.2 0.45
962486 1.05994 15 57.5 -0.2 -0.15
951779 1.08828 18 57.5 -0.6 0.3
946721 1.02221 18 57.5 1 -0.45
939180 1.08578 18 55 -0.2 0.45
938394 1.02213 18 57.5 1 -0.3
932264 1.05496 18 57.5 -0.6 -0.3
914324 1.02472 18 60 1 -0.15
914324 1.02472 18 60 1 -0.45
907942 1.07375 24 65 -0.6 0.3
903604 1.02459 18 60 1 -0.3
891014 1.06198 18 60 -0.6 -0.45
891014 1.06198 18 60 -0.6 -0.15
884072 1.05949 18 57.5 -0.6 0
880585 1.06169 18 60 -0.6 -0.3
870621 1.05653 15 50 -0.6 0
868337 1.09251 18 60 -0.6 0.3
865488 1.10579 15 57.5 -1 -0.15
863044 1.02191 18 57.5 1 -0.15
856531 1.05023 24 65 -0.2 0.3
856449 1.01478 18 57.5 10 -0.45
853058 1.11211 24 65 -0.6 0.6
852514 1.02465 18 57.5 0.6 -0.45
849586 1.04454 18 50 -0.6 0
848921 1.01473 18 57.5 10 -0.3
846853 1.02749 18 60 0.6 -0.15
846853 1.02749 18 60 0.6 -0.45
846681 1.06526 15 57.5 -0.6 -0.45
845405 1.07942 15 57.5 -0.6 0
844995 1.02457 18 57.5 0.6 -0.3
841925 1.02468 18 60 1 0
839256 1.06501 15 57.5 -0.6 -0.3
838633 1.02024 18 57.5 1.4 -0.45
836940 1.02736 18 60 0.6 -0.3
834024 1.09698 21 70 1 0.9
831247 1.02017 18 57.5 1.4 -0.3
822811 1.06308 18 60 -0.6 0
822579 1.05146 15 0 -0.6 0
817148 1.0542 15 57.5 -0.2 -0.45
815897 1.06336 15 57.5 -0.2 0
812744 1.06962 24 0 -0.6 0.45
812744 1.06962 24 55 -0.6 0.45
809962 1.05398 15 57.5 -0.2 -0.3
808275 1.02818 15 57.5 1 -0.15
804064 1.06184 18 57.5 -0.6 0.15
801752 1.05822 21 55 -0.6 0.3
797276 1.06977 24 65 -0.2 0.6
796444 1.01979 18 57.5 1 -10
795713 1.02254 18 60 1 -10
795051 1.02212 18 57.5 1 0
791247 1.0496 18 57.5 -0.6 -10
790458 1.13233 24 65 -0.6 0.75
790014 1.13015 24 65 -1 0.45
784025 1.10906 21 70 0.6 0.9
782003 1.02742 18 60 0.6 0
780699 1.01453 18 57.5 10 -0.15
778202 1.10793 24 65 -1 0.3
777932 1.04353 24 65 -0.2 0
777147 1.02434 18 57.5 0.6 -0.15
775435 1.05693 18 60 -0.6 -10
772618 1.02698 15 57.5 1 -0.45
771636 1.08502 18 45 -0.8 0.3
769378 1.02214 18 60 1.4 -0.45
769378 1.02214 18 60 1.4 -0.15
767966 1.06182 24 65 1 0.9
765802 1.02687 15 57.5 1 -0.3
764512 1.01994 18 57.5 1.4 -0.15
764292 1.05176 24 55 -0.6 0.3
761400 1.07933 21 55 -0.6 0.45
761400 1.07933 21 0 -0.6 0.45
760394 1.02202 18 60 1.4 -0.3
757202 1.10961 21 72.5 1 0.9
756140 1.07731 24 70 1 0.9
754942 1.17807 18 45 -1.2 0.15
753888 1.1149 15 57.5 -1 0
752769 1.27014 18 45 -1.2 0.45
750846 1.0739 18 55 -0.6 0.3
750496 1.07839 15 50 -1 0
749900 1.06036 15 45 -0.8 0
749432 1.07185 18 50 -0.6 0.3
749432 1.07185 18 0 -0.6 0.3
748472 1.09591 15 57.5 -1 -0.45
748306 1.12775 21 72.5 0.6 0.9
745354 1.03937 18 0 -0.6 0
744965 1.05725 15 55 -0.6 -0.15
741903 1.09552 15 57.5 -1 -0.3
740964 1.06854 24 57.5 -0.6 0.45
739296 1.04862 15 57.5 -0.2 -10
737497 1.03462 21 0 -0.6 0
736996 1.02504 18 60 0.6 -10
733937 1.07767 15 0 -1 0
733791 1.03323 21 55 -0.2 0.15
733480 1.05201 24 57.5 -0.6 0.3
733222 1.10162 21 70 1.4 0.9
731819 1.06168 18 50 -1 0
727217 1.13045 15 60 -1 0.15
726432 1.11913 15 57.5 -0.6 0.3
725302 1.04349 24 65 -0.2 0.15
724622 1.17501 24 70 -0.6 0.9
723260 1.11822 15 45 -1.2 -0.15
720569 1.0316 18 55 -0.2 -10
720499 1.01309 18 57.5 10 -10
719240 1.01449 18 57.5 10 0
719125 1.105 18 45 -1.2 0
717714 1.12397 15 60 -0.6 0.3
717196 1.0219 18 57.5 0.6 -10
714998 1.05676 24 65 -0.6 0
714360 1.05072 21 0 -0.2 0.45
712291 1.05914 15 57.5 -0.6 -10
712245 1.10506 18 0 -1 0.3
712245 1.10506 18 50 -1 0.3
708495 1.02206 18 60 1.4 0
708436 1.04269 18 55 -0.6 -10
708174 1.07489 18 0 -1 0.15
707076 1.03864 15 50 -0.2 0
705951 1.04304 15 55 -0.2 -0.15
705516 1.01795 18 57.5 1.4 -10
704852 1.13116 24 65 -0.2 0.9
704285 1.02006 18 57.5 1.4 0
704212 1.05398 18 45 -0.4 0.3
703691 1.03061 21 55 -0.2 0
703475 1.02426 18 57.5 0.6 0
703466 1.05199 21 0 -0.6 0.3
702825 1.06338 15 55 -0.6 0
702226 1.04253 18 55 -0.6 -0.3
702123 1.04505 24 60 -0.2 0.45
702010 1.14419 15 45 -1.2 0
701963 1.06055 21 60 -0.6 0.3
701778 1.08005 21 67.5 1 0.9
701130 1.05144 21 55 -0.2 0.45
699793 1.08166 15 45 -0.8 0.15
698660 1.07984 21 65 1 0.9
697131 1.03791 21 55 -0.2 0.3
696850 1.05845 18 45 -0.8 0.15
696325 1.10879 18 55 -1 0.3
695433 1.04739 24 62.5 -0.2 0.45
693273 1.04104 24 0 -0.2 0.45
691621 1.0623 21 45 -0.4 0.45
691141 1.04887 24 0 -0.6 0.3
689235 1.02828 15 57.5 1 0
688299 1.04125 24 65 -0.2 -10
687081 1.05992 18 0 -1 0
684494 1.03537 18 50 -0.6 -0.3
684405 1.1175 18 55 -0.6 0.45
684063 1.04189 15 45 -0.4 0
682370 1.11691 21 72.5 1.4 0.9
680921 1.14466 24 62.5 -0.6 0.9
680921 1.14466 24 60 -0.6 0.9
680433 1.04149 24 55 -0.2 0.45
677432 1.04283 21 65 1 0.6
676586 1.08038 24 45 -0.8 0.45
675887 1.11127 15 60 -1 0
675769 1.03135 24 0 -0.6 0
674904 1.04754 18 55 -0.6 0
673388 1.04305 18 0 -0.2 0.3
672809 1.07981 18 55 -1 0.15
672728 1.04096 21 55 -0.6 0
672148 1.04726 18 55 -0.2 0.3
671513 1.02638 21 0 -0.2 0.15
670874 1.04546 18 50 -0.2 0.3
670236 1.05849 24 62.5 -0.6 0.3
669577 1.02008 18 60 1.4 -10
669198 1.05328 24 60 -0.6 0.3
668731 1.07726 18 50 -1 0.15
668336 1.2043 15 60 -1 0.3
668336 1.2043 15 57.5 -1 0.3
667888 1.09232 15 60 -0.2 0.3
665981 1.04621 15 55 -0.2 0
665328 1.03084 18 0 -0.2 0.15
664193 1.02892 18 50 -0.2 0
664115 1.03089 18 55 -0.2 -0.3
663738 1.03865 15 55 -0.2 -10
663543 1.09625 24 45 -1.2 0.15
662022 1.06867 15 60 -0.2 0
658079 1.0877 21 67.5 0.6 0.9
658079 1.0877 21 65 0.6 0.9
657682 1.04202 21 55 -0.6 0.15
656562 1.11835 15 45 -0.8 0.3
655548 1.04378 18 45 -0.8 0
655414 1.04895 15 50 -0.2 0.15
655243 1.0814 21 60 -0.6 0.45
654580 1.08049 15 60 -0.6 0
651887 1.015 18 0 10 0.45
651876 1.03114 15 0 -0.2 0
651354 1.05023 15 55 -0.6 -10
651354 1.05023 15 55 -0.6 -0.45
650981 1.17322 18 55 -1 0.45
649978 1.02389 15 57.5 1 -10
649172 1.05972 21 70 10 0.9
643791 1.11899 21 45 -1.2 0.15
641406 1.02549 21 65 1 0
640551 1.03542 21 60 -0.2 0
640442 1.01522 18 60 10 -0.15
640442 1.01522 18 60 10 -0.45
639925 1.04331 18 0 -0.6 0.15
639831 1.05527 21 60 -0.2 0.45
638813 1.03213 18 57.5 0.6 0.3
638603 1.09107 15 55 -1 0
638429 1.05737 24 45 -0.8 0.3
638336 1.03369 18 55 -0.2 0
638160 1.02774 18 57.5 1 0.3
638128 1.14895 24 65 -1 0.6
637487 1.08376 15 57.5 -0.2 0.3
637151 1.04063 18 62.5 1 0.45
636247 1.03498 18 50 -0.2 0.15
634909 1.05987 21 45 -0.8 0.3
634616 1.04771 18 50 -0.6 0.15
634449 1.03356 21 60 -0.2 -10
633133 1.00755 15 0 10 -0.15
632945 1.01513 18 60 10 -0.3
632617 1.05388 24 65 -0.6 -10
632411 1.07546 24 55 -1 0.3
632139 1.05051 15 55 -0.6 -0.3
631257 1.03862 24 62.5 -0.2 0.3
631225 1.03429 18 60 0.6 0.3
630731 1.04444 21 45 -0.8 0.15
630412 1.09245 24 75 1 0.9
630208 1.02166 21 0 -0.2 0
629668 1.08652 15 57.5 -1 -10
629548 1.20518 21 60 1 1.2
629548 1.20518 21 55 1 1.2
629548 1.20518 21 0 1 1.2
629277 1.06217 15 50 -0.6 0.15
628044 1.08363 24 45 -1.2 0
626218 1.0179 15 57.5 10 -0.15
626098 1.03602 21 0 -0.6 0.15
623641 1.0966 24 0 -1 0.45
623641 1.0966 24 55 -1 0.45
623109 1.04246 21 60 -0.2 0.3
622930 1.00815 18 0 10 0.15
622858 1.07254 15 60 -0.2 0.15
622841 1.02955 18 60 1 0.3
622399 1.0363 21 60 -0.2 0.15
622188 1.02914 15 60 1 0
621960 1.02746 18 62.5 1 0.15
621329 1.03302 18 50 -0.6 -10
620340 1.04013 24 57.5 -0.2 0.45
619663 1.03113 21 45 -0.4 0.15
619604 1.01704 18 57.5 10 0.3
619590 1.05855 15 0 -0.6 0.15
619293 1.09091 21 45 -0.8 0.45
619174 1.03686 18 55 -0.2 0.15
618795 1.04415 21 60 -0.6 0
618386 1.03142 24 55 -0.2 0.3
617389 1.02403 18 0 -0.2 0
617276 1.10509 15 55 -1 0.15
617176 1.03804 15 55 -0.2 -0.45
616762 1.20351 21 45 0.8 1.2
616614 1.09569 15 55 -0.6 0.3
616244 1.04137 15 0 -0.2 0.15
615862 1.08546 15 60 -0.6 0.15
615470 1.08473 21 67.5 1.4 0.9
615436 1.09179 15 0 -0.6 0.3
615436 1.09179 15 50 -0.6 0.3
614871 1.04579 18 62.5 0.6 0.45
614706 1.03265 24 65 1 0.6
613952 1.03207 21 0 -0.2 0.3
613835 1.04886 18 55 -0.6 0.15
613728 1.13085 15 0 -0.2 0.45
613728 1.13085 15 50 -0.2 0.45
613548 1.10061 15 0 -1 0.15
613548 1.10061 15 50 -1 0.15
613466 1.08618 24 75 1.4 0.9
612846 1.08924 21 55 -1 0.3
612813 1.06813 18 55 -1 0
611082 1.03895 21 45 -0.4 0.3
609666 1.08681 15 45 -1.2 -10
609135 1.05148 15 45 -0.4 0.15
608287 1.0635 21 60 1 0.9
607677 1.16352 18 45 -1.2 0.3
606921 1.07676 24 57.5 -1 0.3
606709 1.01026 18 0 10 0.3
606668 1.0882 21 45 -1.2 0
605865 1.37979 12 50 -1 0.3
605865 1.37979 12 45 -0.8 0.3
605865 1.37979 12 0 -1 0.3
603792 1.1264 24 65 1 1.2
602892 1.03764 18 45 -0.4 0.15
601281 1.04517 21 60 -0.6 0.15
601144 1.03496 24 55 -0.6 0
600413 1.04217 24 45 -0.8 0.15
599034 1.08527 24 65 -1 0.15
599000 1.03808 15 55 -0.2 -0.3
598558 1.01711 15 57.5 10 -0.45
598040 1.02879 21 65 1 0.3
597602 1.11969 24 57.5 1 1.2
597602 1.11969 24 62.5 1 1.2
597602 1.11969 24 0 1 1.2
597602 1.11969 24 60 1 1.2
597602 1.11969 24 55 1 1.2
597350 1.02528 21 55 -0.2 -10
596945 1.04455 21 65 0.6 0.6
596900 1.12571 21 0 -1 0.45
596900 1.12571 21 55 -1 0.45
596475 1.01671 21 60 1 0
596190 1.03669 24 57.5 -0.6 0
595992 1.28788 12 0 -0.6 0.3
595992 1.28788 12 50 -0.6 0.3
595247 1.2273 21 67.5 1 1.2
595247 1.2273 21 65 1 1.2
595035 1.09787 24 60 -1 0.45
594614 1.04646 12 0 1 0.3
594388 1.02991 18 45 -0.4 0
593960 1.03876 15 45 -0.8 -10
593296 1.01703 15 57.5 10 -0.3
592620 1.06509 18 55 -1 -10
592339 1.09243 24 60 -0.6 0.6
592339 1.09243 24 62.5 -0.6 0.6
592339 1.09243 24 0 -0.6 0.6
592339 1.09243 24 55 -0.6 0.6
592339 1.09243 24 57.5 -0.6 0.6
592335 1.43769 12 55 -1 0.3
592150 1.06715 21 55 -1 0.15
592059 1.23505 12 45 -0.4 0.3
592054 1.07966 21 65 1.4 0.9
589707 1.01513 18 60 10 0
588882 1.07035 21 60 -1 0.15
587408 1.06483 18 55 -1 -0.3
587213 1.02525 18 62.5 1 0
586965 1.16916 12 45 -1.2 -0.15
586185 1.03916 24 60 -0.6 0
586078 1.0711 24 0 -1 0.3
585876 1.30716 21 72.5 1 1.2
585876 1.30716 21 70 1 1.2
585221 1.17108 21 72.5 1 1.05
584907 1.055 15 60 -0.2 -10
584519 1.00667 18 0 10 0
584175 1.0526 18 50 -1 -0.3
583453 1.02627 21 45 -0.4 0
583040 1.0328 21 60 -0.2 -0.3
581133 1.07383 15 55 -1 -10
580331 1.07025 15 45 -0.4 0.3
580274 1.14522 15 50 -1 0.3
580274 1.14522 15 0 -1 0.3
579911 1.03455 21 55 -0.6 -10
578909 1.0766 18 65 1 0.75
578899 1.03295 24 62.5 -0.2 0.15
577678 1.09837 15 60 -1 -0.3
576875 1.05199 21 0 -1 0
576347 1.28431 12 45 -0.8 0.15
575394 1.12914 18 0 -0.2 0.6
575394 1.12914 18 50 -0.2 0.6
574813 1.0344 21 55 -0.6 -0.3
574725 1.31331 18 45 -0.8 0.6
574270 1.16433 21 72.5 0.6 1.05
574079 1.02563 24 55 -0.2 0.15
574026 1.06049 15 60 -0.2 -0.3
573728 1.03935 15 50 -0.6 -0.3
573648 1.02744 15 60 1 -0.15
573497 1.24466 12 55 -1 0
573409 1.06376 15 55 -0.2 0.3
572368 1.2086 12 50 -0.6 0.15
572314 1.06029 15 50 -0.2 0.3
572227 1.12541 18 62.5 -0.6 0.45
572104 1.24992 21 67.5 0.6 1.2
572104 1.24992 21 65 0.6 1.2
571735 1.02387 24 55 -0.2 0
571594 1.04411 24 62.5 -0.6 0
571336 1.03187 24 57.5 -0.2 0.3
569694 1.19217 12 0 -0.6 0.15
569288 1.10284 24 62.5 -1 0.45
569152 1.05931 21 0 -1 0.15
568878 1.04153 21 60 -0.6 -10
568597 1.1706 24 75 1 1.2
568563 1.09605 24 57.5 -1 0.45
567893 1.07897 24 65 -1 0
567591 1.07022 15 60 -0.6 -0.3
567516 1.02391 21 65 1 -10
567301 1.15387 15 55 -1 0.3
567116 1.0291 18 65 10 0.45
566639 1.03652 21 45 -0.8 0
566603 1.03154 18 62.5 1 0.3
565967 1.03548 24 55 -0.6 0.15
565927 1.16639 12 45 -0.4 0.15
565655 1.318 12 50 -1 0.15
565655 1.318 12 0 -1 0.15
565655 1.02593 15 45 -0.4 -10
565618 1.28141 12 55 -0.6 0.3
564664 1.02829 24 60 -0.2 0
564597 1.03015 18 62.5 0.6 0.15
564484 1.35203 21 70 0.6 1.2
564484 1.35203 21 72.5 0.6 1.2
564016 1.07476 15 55 -1 -0.3
563825 1.05623 15 0 -0.2 0.3
563460 1.61085 18 45 -1.2 0.6
562806 1.02885 18 62.5 0.6 0
562674 1.03518 24 45 -0.8 0
562541 1.16257 18 45 -0.4 0.6
562234 1.04129 21 60 -0.6 -0.3
562153 1.21846 12 45 -1.2 0
562010 1.13219 18 65 -0.6 0.45
561340 1.10593 24 75 0.6 0.9
561276 1.03723 24 57.5 -0.6 0.15
561271 1.02807 24 0 -0.2 0.3
560991 1.03147 24 62.5 -0.2 0
560889 1.05987 15 50 -1 -0.3
560776 1.08628 24 62.5 -1 0.3
560460 1.07825 24 60 -1 0.3
560448 1.05503 24 62.5 -0.2 0.6
560448 1.05503 24 0 -0.2 0.6
560448 1.05503 24 60 -0.2 0.6
560448 1.05503 24 57.5 -0.2 0.6
560448 1.05503 24 55 -0.2 0.6
559598 1.45497 18 57.5 0.6 1.2
559598 1.45497 18 60 0.6 1.2
559598 1.45497 18 62.5 0.6 1.2
559427 1.05577 18 65 1 0.6
559304 1.02689 24 60 -0.2 -10
558495 1.16334 12 55 -1 -0.3
558253 1.0246 18 57.5 1.4 0.3
557608 1.15134 24 70 1 1.2
557434 1.5847 18 65 0.6 1.2
557434 1.5847 18 65 1 1.2
557361 1.01369 18 60 10 -10
557020 1.24444 18 0 -0.6 0.6
557020 1.24444 18 50 -0.6 0.6
556605 1.08875 18 65 0.6 0.75
556438 1.16601 12 50 -1 0
556382 1.42812 12 55 -1 0.15
556188 1.0601 21 72.5 1 0.6
556027 1.03047 18 65 1 0
554336 1.40501 18 0 1 1.2
554336 1.40501 18 60 1 1.2
554336 1.40501 18 45 0.8 1.2
554336 1.40501 18 55 1 1.2
554336 1.40501 18 57.5 1 1.2
554336 1.40501 18 50 1 1.2
554336 1.40501 18 62.5 1 1.2
554148 1.02676 15 60 1 -0.45
553995 1.17984 24 75 1.4 1.2
553862 1.21127 12 57.5 -1 -0.3
553824 1.12641 24 70 -0.6 0.75
553179 1.17005 12 55 -0.6 0
553084 1.03538 18 62.5 0.6 0.3
552732 1.03353 24 60 -0.2 0.3
551819 1.11216 18 57.5 -0.6 0.45
551495 1.07393 21 72.5 10 0.9
551274 1.10845 24 62.5 -0.6 0.75
551274 1.10845 24 60 -0.6 0.75
551081 1.07754 21 0 -1 0.3
551007 1.32095 12 60 -1 0
550923 1.01569 21 60 1 -10
550552 1.02454 21 55 -0.2 -0.3
550071 1.03093 21 65 0.6 0.3
549996 1.03206 24 0 -0.6 0.15
549824 1.02432 18 62.5 1 -10
549121 1.13698 12 57.5 -0.6 -0.3
548924 1.02186 24 0 -0.2 0.15
548629 1.10296 12 55 -0.6 -0.3
548227 1.06593 21 65 -0.6 0.3
548147 1.16359 12 0 -1 0
548015 1.02543 24 57.5 -0.2 0
547864 1.05091 12 50 1 0.3
547650 1.02659 15 60 1 -0.3
547347 1.08884 15 60 -1 -10
546363 1.14913 12 57.5 -0.6 -0.15
545987 1.08688 12 45 -0.4 0
545637 1.02431 18 0 -0.6 -0.3
544417 1.04045 21 67.5 1 0.6
543483 1.11587 12 50 -0.6 0
543380 1.02417 18 62.5 1 -0.3
543138 1.09434 21 60 -1 0.3
543061 1.037 15 50 -0.6 -10
542011 1.24502 12 60 -0.6 0
541929 1.03065 24 55 -0.6 -10
541445 1.04972 18 50 -1 -10
541016 1.22156 12 57.5 -1 -0.15
540517 1.02051 24 65 1 0
540021 1.48336 12 57.5 -1 0.3
540021 1.48336 12 60 -1 0.3
539701 1.12849 24 70 -0.2 0.9
539219 1.04547 24 57.5 1 0.9
539219 1.04547 24 60 1 0.9
538909 1.03683 24 60 -0.6 -10
538286 1.06572 21 72.5 0.6 0.6
538125 1.05786 21 70 1 0.75
537878 1.09595 15 45 -1.2 -0.3
537771 1.06402 15 60 -0.6 -10
537380 1.04892 21 72.5 1 0
537317 1.01833 24 0 -0.2 0
537157 1.03052 24 55 -0.6 -0.3
536807 1.06193 18 65 0.6 0.6
536783 1.01684 21 65 10 0.15
535141 1.10864 24 45 -1.2 0.3
535131 1.05232 18 60 0.6 0.6
534605 1.02615 21 65 0.6 0
534238 1.15847 12 50 -0.2 0.3
534004 1.01742 15 57.5 10 0
532685 1.18256 18 65 0.6 1.05
532609 1.17709 21 72.5 1.4 1.05
532442 1.11365 24 45 0.8 1.2
531855 1.16778 18 65 1 1.05
531197 1.33622 12 60 -0.6 0.3
531073 1.14503 21 70 1 1.05
530933 1.05599 15 50 -1 -10
530561 1.12908 12 45 -0.8 0
530307 1.07561 21 67.5 -0.6 0.3
530240 1.27769 12 57.5 -1 0
530088 1.14885 12 0 -0.2 0.3
529994 1.00483 18 0 10 -0.3
529590 1.14093 12 50 -0.2 0.15
529142 1.21993 12 55 -0.6 0.15
528379 1.04638 21 67.5 10 0.9
528340 1.02859 24 60 -0.2 0.15
528185 1.05268 12 60 1 0
528102 1.05539 24 55 -1 0.15
528090 1.04684 24 62.5 1 0.9
527911 1.04766 18 62.5 1 0.6
527533 1.04671 24 0 -1 0
527336 1.06629 21 72.5 1 0.75
527157 1.08316 21 65 -0.6 0.45
526479 1.03331 18 62.5 1.4 0.45
526375 1.12462 15 62.5 -0.6 0.3
526364 1.01996 21 65 10 0.45
526289 1.03405 18 65 0.6 0
525900 1.06333 21 60 -1 0
525813 1.05755 24 60 -1 0.15
524645 1.08024 18 62.5 -0.6 0.3
524245 1.11977 21 65 1 1.05
524245 1.11977 21 67.5 1 1.05
524123 1.02591 18 60 1.4 0.3
523512 1.28062 21 72.5 1.4 1.2
523504 1.05261 12 45 0.8 0.3
522903 1.09958 12 0 -0.6 0
522836 1.11395 12 0 -0.2 0.15
522599 1.05363 21 72.5 0.6 0
522160 1.10027 24 45 -0.8 0.6
521940 1.14551 21 70 0.6 1.05
521906 1.02274 24 57.5 -0.2 -10
521661 1.01818 21 65 10 0.3
521415 1.01616 21 65 10 0
521121 1.19863 12 57.5 -0.6 0
520722 1.09137 21 65 10 1.2
520517 1.0319 24 57.5 -0.6 -10
520078 1.02355 18 62.5 1.4 0.15
519865 1.03453 21 65 1.4 0.6
519332 1.11753 18 65 1 0.9
519184 1.43899 18 0 -1 0.6
519184 1.43899 18 50 -1 0.6
519072 1.02767 18 62.5 0.6 -10
518898 1.02475 15 60 1 -10
518318 1.03122 18 45 -0.8 -0.3
518275 1.05843 21 55 -1 0
518200 1.13896 21 45 -1.2 0.3
518162 1.05234 24 0 -1 0.15
517670 1.20691 21 65 1.4 1.2
517670 1.20691 21 67.5 1.4 1.2
517511 1.03614 18 65 1 0.3
516659 1.07478 18 45 -1.2 -0.3
516200 1.08071 24 65 1 1.05
515930 1.03176 24 57.5 -0.6 -0.3
515664 1.29042 12 57.5 -0.6 0.3
515479 1.02758 15 0 -0.6 -0.3
515383 1.03713 12 50 1 0.15
513987 1.11594 21 67.5 0.6 1.05
513987 1.11594 21 65 0.6 1.05
513975 1.0261 24 60 -0.2 -0.3
513836 1.02056 24 55 -0.2 -10
513197 1.03335 21 70 1 0
513004 1.0275 18 62.5 0.6 -0.3
512942 1.1291 18 65 0.6 0.9
511751 1.04164 24 62.5 -0.6 -10
511488 1.00789 15 0 10 0
511374 1.05257 18 62.5 0.6 0.6
510747 1.25739 21 70 1.4 1.2
510543 1.0184 15 60 10 0
510268 1.19716 12 60 -0.2 0
509878 1.02582 24 57.5 -0.2 0.15
509877 1.15743 12 55 -1 -10
509369 1.04593 21 70 1 0.6
508422 1.06514 21 55 10 1.2
507760 1.06374 18 65 1.4 0.75
507248 1.06997 21 67.5 -0.6 0.15
507243 1.47188 12 60 -1 0.15
507022 1.16631 12 55 -0.2 0.3
506925 1.071 21 72.5 0.6 0.75
506850 1.02919 18 65 1 -10
506822 1.05591 24 57.5 -1 0.15
505641 1.20282 12 57.5 -1 -0.45
505641 1.20282 12 57.5 -1 -10
505488 1.08001 12 60 1 0.3
505096 1.07947 21 60 1 1.05
504745 1.17739 24 75 0.6 1.2
503676 1.12292 21 60 -1 0.45
503547 1.01496 15 57.5 10 -10
503403 1.04209 21 67.5 0.6 0.6
503026 1.02076 15 0 -0.6 -10
502461 1.07434 24 65 -1 -10
502447 1.07401 21 0 -0.2 0.6
502447 1.07401 21 55 -0.2 0.6
502447 1.07401 21 60 -0.2 0.6
502243 1.02952 24 62.5 -0.2 -10
501749 1.11381 12 55 -0.2 0
501324 1.13122 12 57.5 -0.6 -0.45
501324 1.13122 12 57.5 -0.6 -10
500945 1.19945 24 45 -0.4 1.2
500874 1.09901 12 55 -0.6 -10
500402 1.07787 12 50 -0.2 0
500086 1.24222 12 60 -0.2 0.3
498993 1.05424 21 0 1 0.9
498993 1.05424 21 55 1 0.9
498940 1.32802 12 60 -0.6 0.15
497653 1.25355 24 65 -1 0.9
497640 1.07497 12 55 -0.2 -0.3
497112 1.09174 15 65 -0.2 0
496371 1.02933 24 62.5 -0.2 -0.3
496318 1.01771 12 0 10 0.3
495893 1.02254 21 65 10 0.6
495860 1.01417 12 0 10 0.15
495819 1.02053 18 65 10 0
495295 1.14953 18 45 0.8 1.05
494521 1.13991 18 0 1 1.05
494521 1.13991 18 55 1 1.05
494521 1.13991 18 50 1 1.05
494342 1.26791 12 60 -1 -0.3
494246 1.0998 24 70 1 1.05
493807 1.03639 15 60 1 0.3
493331 1.02725 21 67.5 1 0
493325 1.10346 12 57.5 -0.2 -0.3
493294 1.19537 12 60 -0.6 -0.3
492925 1.12537 24 75 1 1.05
492608 1.05902 24 45 -0.4 0.6
492480 1.05498 18 0 1 0.75
492366 1.04675 21 72.5 1 -10
492115 1.01577 15 50 1 0
491953 1.02066 24 0 -0.6 -0.3
491396 1.0126 18 50 1 0
491127 1.02782 24 65 10 0.9
491078 1.02173 18 62.5 1.4 0
490854 1.1116 12 57.5 -0.2 -0.15
490050 1.02134 18 45 -0.4 -0.3
490014 1.06517 24 62.5 -1 0.15
489428 1.0366 15 62.5 0.6 0
489420 1.06065 12 60 1 0.15
489123 1.05477 12 55 1 0.3
488884 1.04676 18 65 1.4 0.6
488646 1.1952 24 70 -0.2 1.2
488646 1.1952 24 0 -0.2 1.2
488646 1.1952 24 57.5 -0.2 1.2
488646 1.1952 24 60 -0.2 1.2
488646 1.1952 24 55 -0.2 1.2
488646 1.1952 24 62.5 -0.2 1.2
488646 1.1952 24 65 -0.2 1.2
488466 1.01362 18 55 1 -10
488295 1.04902 18 57.5 0.6 0.6
488273 1.1412 21 70 10 1.2
487983 1.04806 12 60 1 -0.3
487899 1.0382 12 57.5 1 -0.3
487713 1.04585 21 65 1 0.75
487341 1.08382 15 45 -1.2 -0.45
486233 1.06799 21 67.5 -0.6 0
486198 1.02053 18 45 -0.4 -10
486012 1.02137 18 50 -0.2 -0.3
485906 1.10132 21 67.5 10 1.2
485741 1.12043 24 75 1.4 1.05
485445 1.03889 12 57.5 1 -0.15
485301 1.02244 24 65 1 0.3
484427 1.02086 18 50 -0.2 -10
484012 1.13738 18 65 1.4 1.05
483437 1.05147 15 0 -1 -0.3
482820 1.10856 21 60 -0.6 0.6
482820 1.10856 21 55 -0.6 0.6
482820 1.10856 21 0 -0.6 0.6
482681 1.368 21 55 10 1.65
482003 1.07132 18 45 -1.2 -10
481160 1.03874 15 45 -0.8 -0.3
480347 1.01737 18 60 10 0.3
479897 1.0848 18 65 -0.6 0.3
479745 1.03262 18 65 0.6 -10
479201 1.03096 15 62.5 1 0
479167 1.09967 24 0 -0.2 0.9
479167 1.09967 24 57.5 -0.2 0.9
478859 1.05924 21 70 0.6 0.75
478838 1.05122 21 72.5 0.6 -10
478282 1.00551 15 0 10 -0.3
478257 1.01922 24 65 1 -10
478205 1.02907 18 45 -0.8 -10
477854 1.02898 15 62.5 1.4 0
477546 1.27711 12 0 -0.2 0.45
477546 1.27711 12 50 -0.2 0.45
477546 1.27711 12 55 -0.2 0.45
477000 1.11666 18 45 10 1.2
477000 1.11666 18 55 10 1.2
477000 1.11666 18 0 10 1.2
477000 1.11666 18 57.5 10 1.2
477000 1.11666 18 50 10 1.2
476981 1.05707 21 45 0.8 0.9
476343 1.1487 24 45 -1.2 0.6
476204 1.06748 21 60 10 1.2
476061 1.09192 21 67.5 -0.6 0.45
475603 1.04118 12 55 1 0.15
475495 1.04712 24 70 -0.2 0
475488 1.23357 12 60 -1 -10
475348 1.17887 18 65 10 1.2
475316 1.00929 18 55 10 -10
475003 1.06029 21 0 10 1.2
475003 1.06029 21 45 10 1.2
474885 1.02102 18 65 10 0.15
474655 1.12199 18 62.5 10 1.2
474655 1.12199 18 60 10 1.2
474489 1.17431 12 60 -0.6 -10
474319 1.14135 12 55 -0.2 0.15
473962 1.37381 21 45 10 1.65
473962 1.37381 21 0 10 1.65
473830 1.02591 18 65 1.4 0
473807 1.02691 18 62.5 1.4 0.3
473593 1.01995 24 55 -0.2 -0.3
473330 1.06971 24 70 -0.6 0.3
473093 1.06362 24 70 -0.2 0.6
473016 1.02441 21 65 0.6 -10
472669 1.04007 24 55 1 0.9
472669 1.04007 24 0 1 0.9
472101 1.05695 18 55 1 0.75
472101 1.05695 18 50 1 0.75
471540 1.14675 21 70 1.4 1.05
471298 1.07806 15 62.5 -0.6 0
471051 1.03426 12 55 1 0
470905 1.03924 15 62.5 0.6 0.15
470850 1.05958 21 60 -1 -10
470691 1.01731 15 60 10 -0.15
470191 1.09769 18 50 1 0.9
470191 1.09769 18 55 1 0.9
470191 1.09769 18 0 1 0.9
469727 1.23585 12 60 -0.2 0.15
469594 1.0521 24 60 -1 0
469376 1.03407 15 57.5 1 0.3
469374 1.04631 12 60 1 -10
468849 1.13653 24 45 -1.2 0.45
468672 1.02581 12 50 1 0
468630 1.05842 12 0 -0.2 0
468540 1.05234 24 65 10 1.2
468461 1.07232 24 75 1 0.75
468179 1.13965 12 57.5 -0.2 0
467547 1.08537 21 45 -0.4 0.6
466168 1.03222 12 45 0.8 0.15
465754 1.04165 12 57.5 1 0
465333 1.0592 21 60 -1 -0.3
464704 1.38745 15 50 -1 0.45
464704 1.38745 15 0 -1 0.45
464704 1.38745 15 55 -1 0.45
464466 1.02924 12 55 1 -0.3
464427 1.1602 12 60 -0.2 -0.3
464344 1.12284 21 65 1.4 1.05
464344 1.12284 21 67.5 1.4 1.05
464128 1.09613 18 65 1.4 0.9
463826 1.02803 12 0 1 0.15
463769 1.01063 18 50 1 -10
463132 1.05517 18 62.5 -0.6 0
462884 1.02083 24 45 -0.4 0
462760 1.04664 21 67.5 1 0.75
462373 1.10521 18 45 0.8 0.9
462356 1.02023 21 0 -0.6 -0.3
462213 1.04853 24 55 -1 0
461989 1.03327 15 62.5 1 0.15
461904 1.03962 18 45 0.8 0.6
461779 1.01291 24 65 10 0
461512 1.02314 18 65 10 0.3
461330 1.0151 21 65 10 -0.3
461330 1.0151 21 65 10 -10
461247 1.11653 18 75 0.6 0.45
460685 1.03091 15 62.5 1.4 0.15
460461 1.02329 21 65 1.4 0.3
460208 1.02006 21 65 1.4 0
459774 1.02087 18 62.5 1.4 -10
459774 1.05346 21 72.5 1.4 0.6
459755 1.05068 21 65 -0.6 0
459676 1.51519 21 70 10 1.5
459452 1.03134 21 70 1 -10
459079 1.09546 15 65 -0.6 0
458100 1.07519 21 0 1 1.05
458100 1.07519 21 55 1 1.05
457820 1.18573 12 57.5 -0.2 0.3
457793 1.07526 21 45 0.8 1.05
457573 1.09421 21 55 10 1.35
456863 1.04269 18 60 1 0.6
456653 1.01065 15 50 10 0
456332 1.19229 24 60 -0.6 1.05
456281 1.04753 21 70 0.6 0.6
455111 1.04239 18 0 -1 -0.3
455061 1.03661 21 70 0.6 0
454766 1.02905 21 67.5 0.6 0
454689 1.01691 15 60 10 -0.45
454378 1.02073 18 62.5 1.4 -0.3
454321 1.07187 12 55 -0.2 -10
453908 1.10059 18 75 1 0.45
453004 1.0341 24 65 1 0.75
452955 1.01068 12 0 10 0
452481 1.291 15 45 -0.8 0.45
452369 1.01725 24 65 10 0.6
451958 1.01964 18 65 10 -0.3
451958 1.01964 18 65 10 -10
451590 1.0187 21 67.5 10 0
451502 1.02289 12 45 0.8 0
451135 1.02701 12 60 10 0
450901 1.62317 21 72.5 10 1.5
450386 1.0988 12 57.5 -0.2 -10
450386 1.0988 12 57.5 -0.2 -0.45
450217 1.05708 18 45 0.8 0.75
449866 1.05043 24 57.5 -1 0
449386 1.01679 15 60 10 -0.3
449184 1.34644 18 65 1.4 1.2
448460 1.03568 21 60 1 0.75
447964 1.00823 18 50 10 0
447042 1.01821 15 50 1 0.15
446733 1.05234 21 65 -0.6 0.15
446718 1.14423 12 60 -0.2 -10
446695 1.27124 18 62.5 1.4 1.2
446695 1.27124 18 57.5 1.4 1.2
446695 1.27124 18 60 1.4 1.2
445858 1.03998 18 62.5 1.4 0.6
445401 1.03663 12 57.5 1 -10
445401 1.03663 12 57.5 1 -0.45
445048 1.08616 15 65 -0.2 -0.15
444341 1.03403 21 67.5 1.4 0.6
443889 1.05032 24 75 1 -10
443889 1.05032 24 75 1 0
443615 1.04524 15 62.5 0.6 0.3
443385 1.09309 24 70 -0.6 0.6
443252 1.00438 24 0 10 0
443081 1.11942 24 62.5 -1 0.6
443081 1.11942 24 0 -1 0.6
443081 1.11942 24 60 -1 0.6
443081 1.11942 24 55 -1 0.6
443081 1.11942 24 57.5 -1 0.6
442732 1.15 21 72.5 10 1.2
441964 1.06346 24 70 -0.6 0
441864 1.04772 21 70 1.4 0.75
441837 1.07517 21 70 -0.6 0.15
441413 1.0087 21 0 1 0
441160 1.03651 24 70 10 0.9
441089 1.0654 18 45 10 1.05
441037 1.03045 18 65 1.4 0.3
438927 1.01177 15 50 10 0.15
437638 1.06285 12 57.5 1 0.3
437622 1.05904 24 62.5 -1 0
437449 1.05938 21 72.5 1.4 0.75
437442 1.03384 12 60 10 0.3
437114 1.01226 24 57.5 1 0
437063 1.04075 36 0 -0.6 0.45
437063 1.04075 60 0 -0.6 0.45
437063 1.04075 100 0 -0.6 0.45
437063 1.04075 48 0 -0.6 0.45
436995 1.10632 24 75 0.6 1.05
436490 1.02542 21 67.5 1 -10
436170 1.07352 18 62.5 10 1.05
434184 1.04277 21 72.5 1.4 0
433250 1.03936 15 62.5 1 0.3
432843 1.10965 18 75 0.6 0.3
432843 1.10965 18 75 0.6 0.15
432651 1.04205 24 45 0.8 0.9
432592 1.06126 18 65 -0.6 0
432033 1.036 15 62.5 1.4 0.3
431930 1.02475 18 65 1.4 -10
431735 1.00489 21 0 10 0
430953 1.01811 12 55 10 -0.15
430787 1.02386 15 50 -0.2 -10
430613 1.048 21 65 0.6 0.75
430541 1.02042 15 0 1 0.3
430300 1.12846 24 70 -0.2 1.05
430260 1.08084 15 65 -0.2 -0.3
430260 1.08084 15 65 -0.2 -10
430260 1.08084 15 65 -0.2 -0.45
430228 1.06351 21 67.5 -0.6 -10
430228 1.06351 21 67.5 -0.6 -0.3
430011 1.08781 18 75 1.4 0.45
429027 1.06043 24 57.5 1 1.05
429027 1.06043 24 60 1 1.05
429017 1.01175 21 55 1 0
428723 1.0963 21 70 -0.6 0.45
428578 1.10304 18 75 0.6 -0.3
428578 1.10304 18 75 0.6 0
428578 1.10304 18 75 0.6 -10
427831 1.06625 18 50 10 1.05
427831 1.06625 18 55 10 1.05
427506 1.08517 21 45 10 1.35
427506 1.08517 21 0 10 1.35
427325 1.10811 24 70 -1 0.45
427265 1.00484 15 0 10 -0.45
427138 1.05273 18 62.5 -0.6 -10
426927 1.12145 21 75 0.6 0.9
426394 1.12841 15 65 -1 0
426294 1.01067 15 0 10 0.3
426125 1.02467 15 45 -0.4 -0.3
425968 1.09523 18 75 1 0.15
425968 1.09523 18 75 1 0.3
425897 1.02787 21 60 1 0.6
425765 1.01558 15 60 10 -10
425687 1.09843 21 72.5 10 1.05
425674 1.04445 24 70 -0.2 -10
425241 1.04096 24 70 1 0.75
425202 1.07397 12 55 1 0.45
424890 1.10874 21 65 -0.6 0.6
424614 1.01334 15 45 0.8 0
424603 1.08532 15 62.5 -0.6 0.15
424017 1.02804 12 55 1 -10
423829 1.10506 21 75 1 0.9
423686 1.04869 21 67.5 0.6 0.75
423521 1.07287 21 70 -0.6 0
423291 1.0331 15 62.5 0.6 -10
423157 1.02455 15 50 -0.2 -0.3
423136 1.07901 21 70 -0.6 0.3
422762 1.00706 18 50 10 -10
422141 1.05239 18 62.5 -0.6 -0.3
422022 1.05382 24 75 1 0.6
421769 1.08999 18 75 1 0
421769 1.08999 18 75 1 -0.3
421769 1.08999 18 75 1 -10
420981 1.01514 18 62.5 10 0
420831 1.01334 18 0 -0.2 -0.3
420676 1.02825 15 62.5 1 -10
420426 1.04879 24 60 -1 -10
420205 1.04078 48 55 -0.6 0.45
420205 1.04078 100 55 -0.6 0.45
420205 1.04078 60 55 -0.6 0.45
420205 1.04078 36 55 -0.6 0.45
419862 1.04488 24 57.5 10 1.2
419639 1.064 24 75 1.4 0.75
419611 1.01876 12 45 10 0.3
419502 1.02649 15 62.5 1.4 -10
419471 1.09589 24 70 -1 0.3
419422 1.02301 15 45 0.8 0.3
419259 1.02586 24 45 -0.8 -0.3
418894 1.32419 21 67.5 10 1.5
418640 1.05749 18 62.5 -0.6 0.15
418358 1.03385 18 0 1 0.6
418317 1.03286 15 62.5 0.6 -0.3
418050 1.02902 12 60 10 0.15
417985 1.02712 15 65 10 0
417865 1.2368 21 45 -1.2 0.6
417398 1.11319 21 67.5 -0.6 0.6
416832 1.02501 12 60 10 -0.3
416759 1.03809 21 70 1.4 0.6
416604 1.06191 12 0 -1 -10
416442 1.11819 21 75 1.4 0.9
416123 1.01113 24 57.5 1 -10
416110 1.01607 15 55 1 -0.15
415866 1.11422 21 45 -0.8 0.6
415756 1.02804 15 62.5 1 -0.3
415748 1.01362 18 55 1 0
415508 1.04846 24 60 -1 -0.3
415056 1.01972 15 62.5 10 0
414874 1.01125 15 0 1 0
414701 1.02844 21 70 1.4 0
414582 1.0263 15 62.5 1.4 -0.3
414505 1.18115 15 0 -0.6 0.45
414505 1.18115 15 50 -0.6 0.45
414317 1.01635 18 0 -0.6 -10
413904 1.19084 21 45 -1.2 0.45
413430 1.01853 12 55 10 0
413313 1.0251 60 0 -0.2 0.45
413313 1.0251 100 0 -0.2 0.45
413313 1.0251 36 0 -0.2 0.45
413313 1.0251 48 0 -0.2 0.45
411954 1.01778 12 50 10 0.15
411764 1.01532 15 0 -0.2 -0.3
411637 1.04986 21 55 -1 -10
411002 1.08895 15 65 -0.6 -0.15
410527 1.02084 15 60 10 0.3
410173 1.11394 18 55 -0.2 0.6
410008 1.01414 15 0 1 0.15
409862 1.07366 15 62.5 1 0.6
409703 1.03828 18 57.5 1 0.6
409590 1.01526 15 55 1 -10
409590 1.01526 15 55 1 -0.45
409203 1.02865 18 65 10 0.6
408575 1.01206 24 65 10 -10
408482 1.04741 24 62.5 10 1.2
408376 1.00931 18 0 1 0
407994 1.04962 21 55 -1 -0.3
407646 1.01682 12 55 10 -0.3
407585 1.06881 15 62.5 -0.6 -10
407397 1.03434 21 70 0.6 -10
407208 1.01864 21 65 1.4 -10
406920 1.08251 21 70 10 1.05
406792 1.0472 21 65 -0.6 -0.3
406792 1.0472 21 65 -0.6 -10
406273 1.08604 15 62.5 0.6 0.6
405997 1.04501 18 62.5 10 0.9
405757 1.07758 24 75 0.6 0.75
405601 1.03933 15 0 -1 -10
405518 1.01694 18 0 10 0.6
405401 1.02322 21 67.5 1.4 0
405184 1.02312 21 67.5 10 0.6
404810 1.02278 12 55 10 0.3
404574 1.00915 18 55 10 0
404098 1.01259 24 60 1 0
403535 1.08352 18 75 1.4 0.3
403535 1.08352 18 75 1.4 0.15
402818 1.06831 15 62.5 -0.6 -0.3
402593 1.1633 24 75 -0.6 0.9
402394 1.02702 21 67.5 0.6 -10
402173 1.3229 15 45 -1.2 0.3
400938 1.02424 12 60 10 -10
400616 1.05842 15 62.5 0.6 0.45
400190 1.02059 15 62.5 10 0.15
400093 1.0898 12 45 -1.2 -10
399740 1.55211 15 65 10 1.2
399699 1.04594 24 57.5 -1 -10
399597 1.77858 24 75 1.4 1.5
399597 1.77858 24 75 1 1.5
399558 1.01744 21 67.5 10 -10
399537 1.07926 18 75 1.4 0
399537 1.07926 18 75 1.4 -0.3
399537 1.07926 18 75 1.4 -10
399205 1.03603 18 50 1 0.6
398743 1.07854 24 70 -0.2 0.75
398206 1.02504 24 70 1 0
397850 1.45345 15 45 10 1.2
397850 1.45345 15 60 10 1.2
397850 1.45345 15 55 10 1.2
397850 1.45345 15 0 10 1.2
397850 1.45345 15 50 10 1.2
397850 1.45345 15 57.5 10 1.2
397850 1.45345 15 62.5 10 1.2
397809 1.04072 21 72.5 1.4 -10
397503 1.0151 15 55 1 -0.3
397343 1.08304 15 65 -0.6 -10
397343 1.08304 15 65 -0.6 -0.3
397343 1.08304 15 65 -0.6 -0.45
396228 1.0441 24 75 1.4 0
396228 1.0441 24 75 1.4 -10
396189 1.0457 24 57.5 -1 -0.3
396120 1.01545 15 45 0.8 0.15
395906 1.30404 36 85 1 0.9
395694 1.05973 24 70 -0.6 -10
395086 1.06401 12 50 1 0.45
394884 1.01689 15 55 1 0
394629 1.13537 15 45 -0.4 0.45
394537 1.01391 24 0 -0.6 -10
394328 1.05843 18 65 -0.6 -10
394328 1.05843 18 65 -0.6 -0.3
394124 1.0145 18 62.5 10 -10
394000 1.09311 24 70 -1 0.15
393987 1.10036 12 45 -1.2 -0.3
392768 1.03001 60 65 -0.2 0.45
392768 1.03001 36 65 -0.2 0.45
392768 1.03001 48 65 -0.2 0.45
392768 1.03001 100 65 -0.2 0.45
391883 1.04221 24 55 10 1.2
391793 1.05529 24 62.5 -1 -10
391300 1.02225 15 50 1 0.3
391076 1.06454 18 65 -0.6 0.15
390945 1.0805 36 80 1.4 0.9
390533 1.03925 15 65 1 0
390110 1.12558 18 75 0.6 0.6
390070 1.65562 36 85 1 1.2
390007 1.02502 48 55 -0.2 0.45
390007 1.02502 100 55 -0.2 0.45
390007 1.02502 36 55 -0.2 0.45
390007 1.02502 60 55 -0.2 0.45
389895 1.04996 15 62.5 1 0.45
389827 1.03418 12 45 -0.4 -10
389558 1.12717 24 70 -1 0.6
389130 1.05421 24 0 1 1.05
389130 1.05421 24 55 1 1.05
389053 1.22679 12 62.5 10 1.05
389053 1.22679 12 65 10 1.05
388328 1.03567 12 45 -0.4 -0.3
387171 1.02 12 50 10 0.3
387023 1.05282 24 75 0.6 0
387023 1.05282 24 75 0.6 -10
386844 1.03251 24 70 1 0.6
386781 1.08679 36 80 1 0.9
386487 1.08459 12 62.5 0.6 0
385875 1.06555 15 62.5 1.4 0.6
385583 1.12475 12 65 10 0.9
385583 1.12475 12 62.5 10 0.9
385399 1.25248 36 85 1.4 0.9
385012 1.02478 21 45 -0.8 -0.3
384749 1.01835 18 50 10 0.6
384146 1.04302 15 62.5 1.4 0.45
383912 1.10589 18 75 1 0.6
383870 1.04283 24 55 -1 -10
383326 1.03213 21 70 10 0.75
383194 1.17632 21 0 -1 0.6
383194 1.17632 21 55 -1 0.6
383194 1.17632 21 60 -1 0.6
383163 1.0285 18 62.5 10 0.75
382905 1.0314 15 0 1 0.45
382687 1.12344 21 70 -0.6 0.6
382575 1.04025 18 45 10 0.9
381735 1.11925 15 65 -1 -0.15
381335 1.10932 12 62.5 0.6 0.3
381280 1.04901 12 45 -0.8 -10
380504 1.0426 24 55 -1 -0.3
380422 1.00821 15 45 10 0
380204 1.02313 15 62.5 10 0.3
380014 1.09121 24 70 -1 0
379790 1.05255 12 45 -0.8 -0.3
379719 1.47749 36 85 1.4 1.2
379176 1.06808 21 70 -0.6 -10
379176 1.06808 21 70 -0.6 -0.3
379012 1.03859 21 67.5 1.4 0.75
379010 1.01005 21 55 1 -10
377997 1.29516 36 85 0.6 0.9
377915 1.0622 21 67.5 10 1.05
377812 1.01094 15 0 -0.2 -10
377666 1.01595 21 45 -0.4 -10
377078 1.02011 18 57.5 10 0.6
376704 1.04675 24 75 1.4 0.6
376491 1.01661 21 45 -0.4 -0.3
376131 1.04447 24 60 10 1.2
375747 1.03589 18 60 1.4 0.6
375611 1.03587 21 65 1.4 0.75
375521 1.06716 12 62.5 1 0.15
375508 1.11324 15 45 10 1.05
375418 1.02616 12 0 -0.6 -10
374741 1.08459 12 62.5 1 0.3
374570 1.05904 21 45 -1.2 -0.3
374220 1.02528 15 65 10 -0.15
373762 1.07404 12 0 -1 -0.3
373257 1.0307 60 55 -0.6 0.3
373257 1.0307 36 55 -0.6 0.3
373257 1.0307 48 55 -0.6 0.3
373257 1.0307 100 55 -0.6 0.3
373218 1.01171 24 60 1 -10
372881 1.01672 18 45 10 0.6
372621 1.0366 15 45 0.8 0.45
372427 1.63785 36 85 0.6 1.2
372175 1.01598 12 55 10 -10
372175 1.01598 12 55 10 -0.45
371807 1.0165 12 0 1 0
371275 1.02656 21 70 1.4 -10
371265 1.05954 12 62.5 1 0
371089 1.0404 18 50 10 0.9
371089 1.0404 18 55 10 0.9
370949 1.00324 18 0 10 -10
370372 1.03309 15 50 1 0.45
369887 1.64385 12 55 -1 0.45
369887 1.64385 12 50 -1 0.45
369887 1.64385 12 0 -1 0.45
369734 1.05749 24 62.5 1 1.05
369041 1.10936 15 65 -1 -0.45
369041 1.10936 15 65 -1 -10
369041 1.10936 15 65 -1 -0.3
368914 1.01915 24 57.5 10 0.9
368483 1.05332 12 62.5 1.4 0.15
368076 1.0269 21 70 10 0.6
368017 1.0212 21 70 10 0
367987 1.0575 24 75 0.6 0.6
367816 1.14734 12 62.5 1.4 0.6
367732 1.06354 12 62.5 1.4 0.3
367130 1.08007 12 65 10 0.75
367078 1.11259 36 80 1.4 1.2
367020 1.03918 48 75 1 0.9
367020 1.03918 36 75 1 0.9
367020 1.03918 100 75 1 0.9
367020 1.03918 60 75 1 0.9
366982 1.0773 12 62.5 10 0.75
366279 1.11277 36 80 1 1.2
366091 1.03379 21 72.5 10 0.6
365968 1.05777 12 65 10 0.6
365910 1.00991 18 45 0.8 0
365323 1.02937 21 0 1 0.75
364854 1.10695 24 45 -0.4 1.05
364771 1.05723 24 45 -1.2 -0.3
364378 1.01796 15 62.5 10 -10
364312 1.04812 12 62.5 1.4 0
364108 1.01136 15 50 1 -0.3
364005 1.07145 100 80 1.4 0.9
364005 1.07145 60 80 1.4 0.9
364005 1.07145 48 80 1.4 0.9
363708 1.03476 12 0 -0.6 -0.3
363688 1.09081 18 75 1.4 0.6
363612 1.02302 24 45 -0.8 -10
363511 1.01037 15 55 10 -10
363212 1.07093 36 65 -0.6 0.9
363212 1.07093 48 55 -0.6 0.9
363212 1.07093 36 55 -0.6 0.9
363212 1.07093 60 65 -0.6 0.9
363212 1.07093 48 65 -0.6 0.9
363212 1.07093 60 55 -0.6 0.9
363212 1.07093 100 55 -0.6 0.9
363212 1.07093 100 65 -0.6 0.9
363076 1.01324 24 62.5 1 0
362829 1.22794 24 0 1 1.5
362829 1.22794 24 60 1 1.5
362829 1.22794 24 62.5 1 1.5
362829 1.22794 24 55 1 1.5
362829 1.22794 24 57.5 1 1.5
362814 1.01447 12 45 10 0.15
362531 1.3175 21 75 1 1.2
361945 1.02255 21 0 1 0.6
361778 1.02449 15 65 10 -10
361778 1.02449 15 65 10 -0.45
361778 1.02449 15 65 10 -0.3
361115 1.29992 24 70 1 1.5
361077 1.02145 24 62.5 1 0.6
360701 1.09128 12 62.5 0.6 0.15
360278 1.03321 21 60 10 1.05
360127 1.07514 48 80 1 0.9
360127 1.07514 60 80 1 0.9
360127 1.07514 100 80 1 0.9
360125 1.01782 15 62.5 10 -0.3
359828 1.09382 24 75 10 1.2
359708 1.02443 21 45 0.8 0.6
359258 1.00399 15 0 10 -10
359122 1.02283 21 45 -0.8 -10
359101 1.01778 15 57.5 10 0.3
359002 1.13809 12 50 1 0.6
358706 1.02153 21 67.5 1.4 -10
357991 1.03519 12 62.5 10 0.3
357733 1.06931 36 80 1.4 0
357733 1.06931 36 80 1.4 -10
357657 1.05441 12 0 1 0.45
357261 1.02131 18 60 10 0.6
356914 1.1461 21 75 0.6 1.05
356844 1.1667 21 75 1 1.05
356498 1.02343 24 70 1 -10
356407 1.06752 24 70 10 1.2
356333 1.26312 24 45 0.8 1.5
356190 1.08915 12 45 -1.2 -0.45
356038 1.31447 21 75 0.6 1.2
355457 1.07281 36 80 1.4 0.6
355457 1.07281 36 80 1.4 0.75
355262 1.07601 36 80 1 -10
355262 1.07601 36 80 1 0
354221 1.07624 12 62.5 0.6 -0.3
354092 1.18076 21 75 1.4 1.05
353597 1.03909 24 0 10 1.2
353555 1.05163 12 65 10 0.3
353283 1.05572 21 45 -1.2 -10
353221 1.29376 21 75 1.4 1.2
353037 1.03292 18 57.5 1.4 0.6
353029 1.05539 36 45 -1.2 0.15
353029 1.05539 48 45 -1.2 0.15
353029 1.05539 100 45 -1.2 0.15
353029 1.05539 60 45 -1.2 0.15
353014 1.08008 36 80 1 0.6
353014 1.08008 36 80 1 0.75
352988 1.01174 12 45 10 0
352685 1.0475 24 75 10 0.9
352146 1.06236 15 60 1 0.6
351726 1.05289 24 45 0.8 1.05
351468 1.02171 18 62.5 10 0.6
351305 1.01232 15 50 10 0.3
350820 1.0835 24 45 -0.4 0.9
350764 1.15083 36 80 -0.6 0.9
350483 1.01122 15 55 10 0
350208 1.02938 15 65 10 0.3
350175 1.02947 21 55 1 0.75
349643 1.03646 15 65 1 -0.15
349462 1.60033 12 45 -0.8 0.45
349299 1.01917 12 57.5 10 -0.3
349278 1.02589 15 62.5 10 0.45
348765 1.11552 15 55 10 1.05
348352 1.03189 24 65 10 1.05
347982 1.01338 12 50 10 0
347669 1.02216 15 55 1 0.3
347528 1.0192 12 57.5 10 -0.15
347064 1.06107 15 45 10 0.9
346937 1.06323 21 75 1 0.6
346758 1.23234 36 85 1 0
346758 1.23234 36 85 1 -10
346736 1.02843 36 0 -0.6 0.3
346736 1.02843 100 0 -0.6 0.3
346736 1.02843 60 0 -0.6 0.3
346736 1.02843 48 0 -0.6 0.3
345965 1.09434 36 80 0.6 0.9
345068 1.03631 100 75 1.4 0.9
345068 1.03631 48 75 1.4 0.9
345068 1.03631 36 75 1.4 0.9
345068 1.03631 60 75 1.4 0.9
344655 1.01075 15 50 1 -10
344156 1.05449 12 62.5 1 -0.3
343975 1.03904 24 45 10 1.2
343459 1.27821 36 85 1 0.6
343459 1.27821 36 85 1 0.75
343425 1.00851 21 45 0.8 0
343320 1.03682 21 72.5 10 0.75
342707 1.04925 12 62.5 10 0.6
342229 1.06952 21 75 0.6 0.6
342205 1.26711 24 60 -0.6 1.2
342205 1.26711 24 55 -0.6 1.2
342205 1.26711 24 65 -0.6 1.2
342205 1.26711 24 0 -0.6 1.2
342205 1.26711 24 70 -0.6 1.2
342205 1.26711 24 75 -0.6 1.2
342205 1.26711 24 62.5 -0.6 1.2
342205 1.26711 24 57.5 -0.6 1.2
342016 1.09105 24 75 -0.6 0
342016 1.09105 24 75 -0.6 -10
341788 1.09845 60 80 1.4 1.2
341788 1.09845 100 80 1.4 1.2
341788 1.09845 48 80 1.4 1.2
341498 1.03444 18 55 1 0.6
341301 1.05087 12 60 10 0.6
341042 1.09826 100 80 1 1.2
341042 1.09826 60 80 1 1.2
341042 1.09826 48 80 1 1.2
340757 1.06807 12 45 0.8 0.45
340754 1.0569 21 75 1 0
340754 1.0569 21 75 1 -10
340727 1.07193 12 62.5 0.6 -10
340246 1.08517 24 70 -1 -10
339400 1.04999 48 45 -1.2 0
339400 1.04999 36 45 -1.2 0
339400 1.04999 100 45 -1.2 0
339400 1.04999 60 45 -1.2 0
338617 1.16989 24 65 -0.6 1.05
338617 1.16989 24 70 -0.6 1.05
338518 1.16438 12 60 1 0.6
338309 1.19019 24 62.5 -1 0.9
338019 1.03515 15 65 1 -0.45
338019 1.03515 15 65 1 -0.3
338019 1.03515 15 65 1 -10
337828 1.00791 15 50 10 -0.3
337555 1.19619 36 85 1.4 0
337555 1.19619 36 85 1.4 -10
337515 1.53718 24 45 -0.8 1.2
337284 1.06615 24 45 -0.4 0.75
337206 1.04364 36 45 -0.8 0.45
337206 1.04364 100 45 -0.8 0.45
337206 1.04364 60 45 -0.8 0.45
337206 1.04364 48 45 -0.8 0.45
337184 1.00569 12 0 10 -0.3
336808 1.01054 21 0 -0.2 -0.3
336802 1.02439 24 60 1 0.75
336267 1.0323 18 0 -1 -10
336129 1.06175 21 75 0.6 -10
336129 1.06175 21 75 0.6 0
334775 1.01871 36 55 -0.2 0.3
334775 1.01871 100 55 -0.2 0.3
334775 1.01871 48 55 -0.2 0.3
334775 1.01871 60 55 -0.2 0.3
334344 1.23033 36 85 1.4 0.75
334344 1.23033 36 85 1.4 0.6
333460 1.03318 12 60 10 0.45
333455 1.01949 12 57.5 10 0
333082 1.06126 48 80 1.4 -10
333082 1.06126 100 80 1.4 0
333082 1.06126 60 80 1.4 0
333082 1.06126 48 80 1.4 0
333082 1.06126 100 80 1.4 -10
333082 1.06126 60 80 1.4 -10
332385 1.05602 48 0 -1 0.45
332385 1.05602 60 0 -1 0.45
332385 1.05602 36 0 -1 0.45
332385 1.05602 100 0 -1 0.45
332182 1.00678 24 57.5 10 0
331869 1.02418 24 57.5 1 0.75
331785 1.03379 48 45 -0.8 0.3
331785 1.03379 36 45 -0.8 0.3
331785 1.03379 60 45 -0.8 0.3
331785 1.03379 100 45 -0.8 0.3
331478 1.04155 12 55 10 0.6
331130 1.02828 12 62.5 10 0
331073 1.22473 36 85 0.6 0
331073 1.22473 36 85 0.6 -10
331032 1.05191 12 62.5 1 -10
330963 1.06438 48 80 1.4 0.75
330963 1.06438 60 80 1.4 0.75
330963 1.06438 60 80 1.4 0.6
330963 1.06438 48 80 1.4 0.6
330963 1.06438 100 80 1.4 0.75
330963 1.06438 100 80 1.4 0.6
330784 1.06549 100 80 1 0
330784 1.06549 48 80 1 0
330784 1.06549 60 80 1 0
330784 1.06549 48 80 1 -10
330784 1.06549 60 80 1 -10
330784 1.06549 100 80 1 -10
329975 1.01231 24 62.5 1 -10
329913 1.02802 21 72.5 10 0
329581 1.0261 36 45 -0.8 0.15
329581 1.0261 60 45 -0.8 0.15
329581 1.0261 100 45 -0.8 0.15
329581 1.0261 48 45 -0.8 0.15
329472 1.01976 21 70 10 -10
329298 1.03251 24 0 -1 -0.3
329072 1.05968 18 75 10 0.45
328889 1.13937 12 62.5 0.6 0.45
328689 1.06906 60 80 1 0.6
328689 1.06906 60 80 1 0.75
328689 1.06906 100 80 1 0.6
328689 1.06906 48 80 1 0.75
328689 1.06906 48 80 1 0.6
328689 1.06906 100 80 1 0.75
328492 1.02644 36 65 1 0.9
328492 1.02644 60 65 1 0.9
328492 1.02644 100 65 1 0.9
328492 1.02644 48 65 1 0.9
328352 1.03336 21 0 -1 -0.3
327924 1.11208 36 80 0.6 1.2
327924 1.26932 36 85 0.6 0.75
327924 1.26932 36 85 0.6 0.6
327220 1.04648 15 65 1 0.3
326748 1.80768 24 60 -1 1.2
326748 1.80768 24 70 -1 1.2
326748 1.80768 24 57.5 -1 1.2
326748 1.80768 24 62.5 -1 1.2
326748 1.80768 24 55 -1 1.2
326748 1.80768 24 0 -1 1.2
326748 1.80768 24 65 -1 1.2
326692 1.00861 18 0 -0.2 -10
326596 1.12473 100 80 -0.6 0.9
326596 1.12473 60 80 -0.6 0.9
326596 1.12473 48 80 -0.6 0.9
326324 1.11825 12 0 1 0.6
325973 1.02202 18 45 10 0.75
325816 1.02386 24 62.5 1 0.75
325708 1.07957 12 60 1 0.45
325412 1.32409 36 85 1 1.05
324948 1.02352 21 60 10 0.9
324839 1.04244 12 62.5 1.4 -10
324520 1.0417 48 65 1 1.2
324520 1.0417 36 65 1 1.2
324520 1.0417 60 65 1 1.2
324520 1.0417 100 65 1 1.2
324329 1.02228 21 55 1 0.6
323881 1.0424 12 65 10 0
323554 1.1945 36 80 -0.6 1.2
323255 1.0556 15 57.5 1 0.6
322363 1.19796 48 85 1 0.9
322363 1.19796 100 85 1 0.9
322363 1.19796 60 85 1 0.9
322193 1.12812 36 80 -0.6 0
322193 1.12812 36 80 -0.6 -10
322124 1.08134 100 80 0.6 0.9
322124 1.08134 60 80 0.6 0.9
322124 1.08134 48 80 0.6 0.9
322081 1.10372 12 62.5 1 0.45
321744 1.01354 24 45 -0.4 -10
320733 1.03922 48 0 1 1.2
320733 1.03922 60 55 1 1.2
320733 1.03922 48 55 1 1.2
320733 1.03922 100 55 1 1.2
320733 1.03922 60 0 1 1.2
320733 1.03922 36 0 1 1.2
320733 1.03922 100 0 1 1.2
320733 1.03922 36 55 1 1.2
320381 1.25735 24 85 1 -0.45
320381 1.25735 24 85 1 0
320381 1.25735 24 85 1 -0.3
320381 1.25735 24 85 1 -0.15
320381 1.25735 24 85 1 -10
320381 1.25735 24 85 1 0.3
320138 1.12986 36 80 -0.6 0.75
320138 1.12986 36 80 -0.6 0.6
319888 1.05197 24 45 -1.2 -10
319851 1.05899 15 45 0.8 0.6
319787 1.00749 15 50 10 -10
318865 1.01818 12 57.5 10 -0.45
318865 1.01818 12 57.5 10 -10
317761 1.30717 21 85 1 -10
317761 1.30717 21 85 1 -0.45
317761 1.30717 21 85 1 0.3
317761 1.30717 21 85 1 -0.3
317761 1.30717 21 85 1 0
317761 1.30717 21 85 1 -0.15
317616 1.308 60 85 1 1.2
317616 1.308 48 85 1 1.2
317616 1.308 100 85 1 1.2
316776 1.26059 36 85 1.4 1.05
316630 1.0127 21 0 -0.6 -10
316619 1.07877 21 75 10 0.9
316602 1.01857 100 0 -0.6 0
316602 1.01857 48 0 -0.6 0
316602 1.01857 60 0 -0.6 0
316602 1.01857 36 0 -0.6 0
316577 1.07948 36 80 0.6 0
316577 1.07948 36 80 0.6 -10
316238 1.0062 24 57.5 10 -10
316195 1.00824 15 45 0.8 -10
316041 1.07544 12 62.5 1.4 0.45
315562 1.03087 60 65 -0.2 0.6
315562 1.03087 100 65 -0.2 0.6
315562 1.03087 36 65 -0.2 0.6
315562 1.03087 48 65 -0.2 0.6
315308 1.01764 18 55 10 0.6
315284 1.02433 21 67.5 10 0.75
314942 1.06963 21 75 1 0.75
314782 1.06994 15 75 10 0.3
314782 1.06994 15 75 10 0.15
314646 1.30373 21 85 0.6 -10
314646 1.30373 21 85 0.6 -0.3
314646 1.30373 21 85 0.6 0
314646 1.30373 21 85 0.6 -0.15
314646 1.30373 21 85 0.6 0.3
314646 1.30373 21 85 0.6 -0.45
314583 1.08408 36 80 0.6 0.6
314583 1.08408 36 80 0.6 0.75
314542 1.18604 36 82.5 1 1.2
313809 1.17271 60 85 1.4 0.9
313809 1.17271 100 85 1.4 0.9
313809 1.17271 48 85 1.4 0.9
313387 1.13756 12 55 1 0.6
313326 1.07829 12 50 -1 -10
312935 1.02982 48 55 -0.2 0.6
312935 1.02982 60 55 -0.2 0.6
312935 1.02982 36 55 -0.2 0.6
312935 1.02982 100 55 -0.2 0.6
312795 1.04072 60 75 0.6 0.9
312795 1.04072 36 75 0.6 0.9
312795 1.04072 48 75 0.6 0.9
312795 1.04072 100 75 0.6 0.9
312708 1.05596 21 75 1.4 0.6
312163 1.01673 36 0 -0.2 0.3
312163 1.01673 48 0 -0.2 0.3
312163 1.01673 60 0 -0.2 0.3
312163 1.01673 100 0 -0.2 0.3
312147 1.18343 24 75 -0.6 1.05
311879 1.21246 24 85 1.4 -0.15
311879 1.21246 24 85 1.4 0
311879 1.21246 24 85 1.4 -10
311879 1.21246 24 85 1.4 -0.3
311879 1.21246 24 85 1.4 -0.45
311879 1.21246 24 85 1.4 0.3
311724 1.10974 12 65 0.6 0
311677 1.05926 15 55 10 0.9
311584 1.00585 18 45 10 0
311563 1.06676 12 65 1.4 0
311289 1.08053 12 50 -1 -0.3
310916 1.07341 36 75 -0.6 0.9
310916 1.07341 60 75 -0.6 0.9
310916 1.07341 100 75 -0.6 0.9
310916 1.07341 48 75 -0.6 0.9
310780 1.00317 24 0 10 -0.15
310767 1.14619 12 57.5 1 0.6
310705 1.28867 12 45 -0.4 0.45
310693 1.31343 36 85 0.6 1.05
310066 1.04214 15 65 10 0.6
310027 1.50731 18 85 10 -0.45
310027 1.50731 18 85 10 -0.15
310027 1.50731 18 85 10 -0.3
310027 1.50731 18 85 1.4 0.3
310027 1.50731 18 85 1.4 -0.3
310027 1.50731 18 85 10 -10
310027 1.50731 18 85 10 0
310027 1.50731 18 85 1.4 -10
310027 1.50731 18 85 1.4 -0.15
310027 1.50731 18 85 1.4 0
310027 1.50731 18 85 1.4 -0.45
310027 1.50731 18 85 10 0.3
309969 1.00477 12 0 10 -10
309719 1.03218 15 60 10 0.6
309399 1.02278 12 57.5 10 0.3
309328 1.24649 21 85 10 -0.15
309328 1.24649 21 85 1.4 0
309328 1.24649 21 85 10 0
309328 1.24649 21 85 1.4 -0.15
309328 1.24649 21 85 10 -10
309328 1.24649 21 85 1.4 -0.45
309328 1.24649 21 85 10 0.3
309328 1.24649 21 85 10 -0.3
309328 1.24649 21 85 1.4 -10
309328 1.24649 21 85 1.4 -0.3
309328 1.24649 21 85 1.4 0.3
309328 1.24649 21 85 10 -0.45
309189 1.2518 100 85 1.4 1.2
309189 1.2518 60 85 1.4 1.2
309189 1.2518 48 85 1.4 1.2
308883 1.04621 12 50 -0.6 -10
308793 1.05725 18 75 10 0.3
308793 1.05725 18 75 10 0.15
308678 1.02304 100 65 -0.2 0.3
308678 1.02304 48 65 -0.2 0.3
308678 1.02304 36 65 -0.2 0.3
308678 1.02304 60 65 -0.2 0.3
308615 1.07454 21 75 0.6 0.75
308543 1.32731 12 55 -0.6 0.45
308543 1.32731 12 0 -0.6 0.45
308543 1.32731 12 50 -0.6 0.45
308539 1.01918 48 45 -0.8 -0.3
308539 1.01918 100 45 -0.8 -0.3
308539 1.01918 60 45 -0.8 -0.3
308539 1.01918 36 45 -0.8 -0.3
308041 1.0231 18 55 10 0.75
307883 1.02201 60 45 -0.8 0
307883 1.02201 36 45 -0.8 0
307883 1.02201 100 45 -0.8 0
307883 1.02201 48 45 -0.8 0
307783 1.19212 60 85 0.6 0.9
307783 1.19212 100 85 0.6 0.9
307783 1.19212 48 85 0.6 0.9
307126 1.04882 21 75 1.4 0
307126 1.04882 21 75 1.4 -10
307043 1.02245 18 50 10 0.75
306862 1.04668 12 50 -0.6 -0.3
306342 1.14582 21 45 10 1.5
306342 1.14582 21 0 10 1.5
306194 1.16174 36 82.5 1.4 1.2
305891 1.24847 24 85 0.6 -0.3
305891 1.24847 24 85 0.6 -10
305891 1.24847 24 85 0.6 0.3
305891 1.24847 24 85 0.6 -0.45
305891 1.24847 24 85 0.6 -0.15
305891 1.24847 24 85 0.6 0
305855 1.01905 24 60 1 0.6
305749 1.05474 18 75 10 0
305749 1.05474 18 75 10 -10
305749 1.05474 18 75 10 -0.3
305326 1.09716 100 80 0.6 1.2
305326 1.09716 60 80 0.6 1.2
305326 1.09716 48 80 0.6 1.2
305147 1.01881 60 45 -0.8 -10
305147 1.01881 36 45 -0.8 -10
305147 1.01881 48 45 -0.8 -10
305147 1.01881 100 45 -0.8 -10
304376 1.01843 12 0 10 0.45
303599 1.0675 15 75 10 0
303599 1.0675 15 75 10 -0.3
303599 1.0675 15 75 10 -10
303370 1.00646 24 0 1 0
303266 1.0116 12 45 0.8 -0.3
303251 1.29867 60 85 0.6 1.2
303251 1.29867 48 85 0.6 1.2
303251 1.29867 100 85 0.6 1.2
302394 1.00691 24 0 -0.2 -10
302295 1.09362 48 45 -0.8 1.2
302295 1.09362 36 45 -0.8 1.2
302295 1.09362 100 45 -0.8 1.2
302295 1.09362 60 45 -0.8 1.2
302286 1.02648 21 72.5 10 -10
302183 1.15498 21 55 10 1.5
302064 1.1796 36 82.5 0.6 1.2
301780 1.01826 24 62.5 10 0.9
301718 1.05355 100 65 -0.6 0.75
301718 1.05355 60 65 -0.6 0.75
301718 1.05355 36 65 -0.6 0.75
301718 1.05355 48 65 -0.6 0.75
301533 1.08684 36 80 1.4 1.05
301408 1.29739 24 75 10 1.5
301256 1.1572 48 80 -0.6 1.2
301256 1.1572 60 80 -0.6 1.2
301256 1.1572 100 80 -0.6 1.2
301252 1.03488 15 62.5 10 0.6
300624 1.02722 21 45 0.8 0.75
300006 1.02851 36 0 -0.2 0.6
300006 1.02851 100 0 -0.2 0.6
300006 1.02851 60 0 -0.2 0.6
300006 1.02851 48 0 -0.2 0.6
299989 1.10743 100 80 -0.6 0
299989 1.10743 60 80 -0.6 -10
299989 1.10743 100 80 -0.6 -10
299989 1.10743 48 80 -0.6 0
299989 1.10743 60 80 -0.6 0
299989 1.10743 48 80 -0.6 -10
299739 1.07456 12 65 1 0
299531 1.00775 21 60 10 0
299517 1.03054 12 0 10 0.6
298738 1.05233 100 75 1 1.2
298738 1.05233 48 75 1 1.2
298738 1.05233 36 75 1 1.2
298738 1.05233 60 75 1 1.2
298423 1.37449 60 85 -0.6 0.9
298423 1.37449 100 85 -0.6 0.9
298423 1.37449 48 85 -0.6 0.9
298349 1.04794 60 65 -0.6 0.6
298349 1.04794 36 55 -0.6 0.6
298349 1.04794 100 55 -0.6 0.6
298349 1.04794 36 65 -0.6 0.6
298349 1.04794 100 65 -0.6 0.6
298349 1.04794 48 55 -0.6 0.6
298349 1.04794 60 55 -0.6 0.6
298349 1.04794 48 65 -0.6 0.6
298078 1.10756 100 80 -0.6 0.6
298078 1.10756 60 80 -0.6 0.75
298078 1.10756 100 80 -0.6 0.75
298078 1.10756 60 80 -0.6 0.6
298078 1.10756 48 80 -0.6 0.6
298078 1.10756 48 80 -0.6 0.75
297692 1.02076 21 55 10 0.9
297564 1.01812 24 57.5 1 0.6
297403 1.02293 60 0 1 0.9
297403 1.02293 100 55 1 0.9
297403 1.02293 36 55 1 0.9
297403 1.02293 48 55 1 0.9
297403 1.02293 48 0 1 0.9
297403 1.02293 60 55 1 0.9
297403 1.02293 36 0 1 0.9
297403 1.02293 100 0 1 0.9
297165 1.10985 24 75 -0.6 0.75
296958 1.08997 24 65 10 1.5
296330 1.02532 12 62.5 10 -10
296039 1.20118 36 82.5 1 1.35
295417 1.0915 36 80 1 1.05
294762 1.06815 60 80 0.6 -10
294762 1.06815 60 80 0.6 0
294762 1.06815 100 80 0.6 -10
294762 1.06815 100 80 0.6 0
294762 1.06815 48 80 0.6 0
294762 1.06815 48 80 0.6 -10
294632 1.04022 24 70 10 1.05
294579 1.00265 24 0 10 -0.3
294532 1.152 60 82.5 1 1.2
294532 1.152 100 82.5 1 1.2
294532 1.152 48 82.5 1 1.2
293902 1.19187 21 75 10 1.2
293176 1.02143 24 0 1 0.75
292906 1.07214 60 80 0.6 0.75
292906 1.07214 100 80 0.6 0.6
292906 1.07214 100 80 0.6 0.75
292906 1.07214 60 80 0.6 0.6
292906 1.07214 48 80 0.6 0.75
292906 1.07214 48 80 0.6 0.6
292619 1.19083 36 85 10 0.9
291503 1.03593 12 50 10 0.6
291442 1.0415 48 0 -1 0.3
291442 1.0415 100 0 -1 0.3
291442 1.0415 60 0 -1 0.3
291442 1.0415 36 0 -1 0.3
291343 1.4835 100 85 -0.6 1.2
291343 1.4835 60 85 -0.6 1.2
291343 1.4835 48 85 -0.6 1.2
290922 1.05072 60 75 1.4 1.2
290922 1.05072 100 75 1.4 1.2
290922 1.05072 48 75 1.4 1.2
290922 1.05072 36 75 1.4 1.2
290555 1.16988 18 65 -0.6 0.6
290338 1.01405 60 55 -0.2 0
290338 1.01405 100 55 -0.2 0
290338 1.01405 36 55 -0.2 0
290338 1.01405 48 55 -0.2 0
289894 1.13692 12 65 1.4 0.6
289823 1.01923 21 0 10 0.9
289256 1.04219 36 0 -0.2 0.9
289256 1.04219 48 65 -0.2 0.9
289256 1.04219 60 0 -0.2 0.9
289256 1.04219 100 55 -0.2 0.9
289256 1.04219 36 65 -0.2 0.9
289256 1.04219 60 55 -0.2 0.9
289256 1.04219 48 0 -0.2 0.9
289256 1.04219 36 55 -0.2 0.9
289256 1.04219 100 65 -0.2 0.9
289256 1.04219 100 0 -0.2 0.9
289256 1.04219 60 65 -0.2 0.9
289256 1.04219 48 55 -0.2 0.9
289100 1.03251 100 65 -0.6 0.3
289100 1.03251 60 65 -0.6 0.3
289100 1.03251 48 65 -0.6 0.3
289100 1.03251 36 65 -0.6 0.3
288987 1.01942 21 45 10 0.9
288403 1.01468 48 55 -0.2 0.15
288403 1.01468 60 55 -0.2 0.15
288403 1.01468 36 55 -0.2 0.15
288403 1.01468 100 55 -0.2 0.15
288305 1.33384 36 85 10 1.2
288106 1.01343 60 0 -0.6 -0.3
288106 1.01343 36 0 -0.6 -0.3
288106 1.01343 48 0 -0.6 -0.3
288106 1.01343 100 0 -0.6 -0.3
288067 1.07978 24 62.5 10 1.5
287510 1.0209 12 50 10 0.45
287327 1.25261 12 62.5 -0.6 0.3
287090 1.34697 60 85 1.4 1.5
287090 1.34697 48 85 1 1.5
287090 1.34697 60 85 1 1.5
287090 1.34697 48 85 1.4 1.5
287090 1.34697 100 85 1 1.5
287090 1.34697 100 85 1.4 1.5
286962 1.04253 36 75 1 1.05
286962 1.04253 60 75 1 1.05
286962 1.04253 100 75 1 1.05
286962 1.04253 48 75 1 1.05
286717 1.13552 48 82.5 1.4 1.2
286717 1.13552 100 82.5 1.4 1.2
286717 1.13552 60 82.5 1.4 1.2
286704 1.03165 12 45 10 0.6
286677 1.06132 24 75 10 1.05
286586 1.03843 12 65 10 -10
286324 1.16656 18 57.5 -0.6 0.6
286324 1.16656 18 62.5 -0.6 0.6
286324 1.16656 18 55 -0.6 0.6
286324 1.16656 18 60 -0.6 0.6
286023 1.04565 36 0 -0.6 0.6
286023 1.04565 60 0 -0.6 0.6
286023 1.04565 100 0 -0.6 0.6
286023 1.04565 48 0 -0.6 0.6
285992 1.01284 60 0 -0.2 0.15
285992 1.01284 36 0 -0.2 0.15
285992 1.01284 100 0 -0.2 0.15
285992 1.01284 48 0 -0.2 0.15
285793 1.0127 100 55 -0.2 -10
285793 1.0127 60 55 -0.2 -10
285793 1.0127 48 55 -0.2 -10
285793 1.0127 36 55 -0.2 -10
285044 1.02881 48 0 -1 0
285044 1.02881 36 0 -1 0
285044 1.02881 100 0 -1 0
285044 1.02881 60 0 -1 0
284911 1.01529 24 55 10 0.9
284869 1.07811 21 75 1.4 0.75
284713 1.15202 21 60 10 1.5
284303 1.19394 36 82.5 0.6 1.35
283921 1.01658 12 0 -0.2 -0.3
283913 1.01112 12 45 0.8 -10
283321 1.01051 36 0 -0.6 -10
283321 1.01051 100 0 -0.6 -10
283321 1.01051 48 0 -0.6 -10
283321 1.01051 60 0 -0.6 -10
282853 1.14687 100 82.5 0.6 1.2
282853 1.14687 60 82.5 0.6 1.2
282853 1.14687 48 82.5 0.6 1.2
282386 1.04682 15 0 1 0.6
282345 1.15338 48 85 1 -10
282345 1.15338 48 85 1 0
282345 1.15338 100 85 1 0
282345 1.15338 100 85 1 -10
282345 1.15338 60 85 1 0
282345 1.15338 60 85 1 -10
282242 1.00835 24 55 1 0
282197 1.07289 24 45 10 1.5
281950 1.45634 48 85 0.6 1.5
281950 1.45634 60 85 0.6 1.5
281950 1.45634 100 85 0.6 1.5
281915 1.01934 12 45 10 0.45
281644 1.02009 100 65 -0.2 0
281644 1.02009 48 65 -0.2 0
281644 1.02009 48 65 -0.2 -10
281644 1.02009 60 65 -0.2 -10
281644 1.02009 36 65 -0.2 0
281644 1.02009 36 65 -0.2 -10
281644 1.02009 60 65 -0.2 0
281644 1.02009 100 65 -0.2 -10
281437 1.00666 18 45 0.8 -10
281274 1.0528 48 75 0.6 1.2
281274 1.0528 60 75 0.6 1.2
281274 1.0528 100 75 0.6 1.2
281274 1.0528 36 75 0.6 1.2
281036 1.02098 24 55 1 0.75
280754 1.07554 100 80 1.4 1.05
280754 1.07554 48 80 1.4 1.05
280754 1.07554 60 80 1.4 1.05
280637 1.01691 24 60 10 0.9
280373 1.0153 15 50 10 0.45
279662 1.17858 60 85 1 0.75
279662 1.17858 60 85 1 0.6
279662 1.17858 48 85 1 0.75
279662 1.17858 100 85 1 0.75
279662 1.17858 48 85 1 0.6
279662 1.17858 100 85 1 0.6
279315 1.20965 100 82.5 -0.6 0.9
279315 1.20965 48 82.5 -0.6 0.9
279315 1.20965 60 82.5 -0.6 0.9
279093 1.01093 48 0 -0.2 0
279093 1.01093 100 0 -0.2 0
279093 1.01093 60 0 -0.2 0
279093 1.01093 36 0 -0.2 0
279081 1.09789 12 65 0.6 -0.15
278932 1.06084 12 65 1.4 -0.15
278492 1.17086 36 82.5 1.4 1.35
278373 1.0751 24 55 10 1.5
278373 1.0751 24 57.5 10 1.5
278309 1.05916 18 75 10 0.6
278137 1.00528 15 45 10 -10
278085 1.02203 24 57.5 10 1.05
278080 1.05127 36 45 -0.8 0.6
278080 1.05127 48 45 -0.8 0.6
278080 1.05127 60 45 -0.8 0.6
278080 1.05127 100 45 -0.8 0.6
278006 1.01768 24 45 0.8 0.6
277209 1.16168 48 82.5 1 1.35
277209 1.16168 60 82.5 1 1.35
277209 1.16168 100 82.5 1 1.35
276902 1.00698 21 0 -0.2 -10
276874 1.0046 21 45 10 0
276644 1.00716 21 60 10 -10
276243 1.04965 15 55 1 0.6
276218 1.048 15 50 1 0.6
275815 1.0967 12 65 0.6 -10
275815 1.0967 12 65 0.6 -0.45
275815 1.0967 12 65 0.6 -0.3
275682 1.06024 12 65 1.4 -0.3
275682 1.06024 12 65 1.4 -0.45
275682 1.06024 12 65 1.4 -10
275380 1.01989 60 55 -0.6 0
275380 1.01989 100 55 -0.6 0
275380 1.01989 48 55 -0.6 0
275380 1.01989 36 55 -0.6 0
275061 1.07766 60 80 1 1.05
275061 1.07766 48 80 1 1.05
275061 1.07766 100 80 1 1.05
274851 1.13512 100 85 1.4 0
274851 1.13512 48 85 1.4 -10
274851 1.13512 100 85 1.4 -10
274851 1.13512 48 85 1.4 0
274851 1.13512 60 85 1.4 -10
274851 1.13512 60 85 1.4 0
274809 1.03509 48 45 0.8 1.2
274809 1.03509 36 45 0.8 1.2
274809 1.03509 100 45 0.8 1.2
274809 1.03509 60 45 0.8 1.2
274760 1.08892 24 75 -0.6 0.6
274653 1.00792 15 45 0.8 -0.3
273832 1.18306 24 70 -1 0.9
273565 1.11502 24 70 10 1.5
273245 1.04029 48 75 1.4 1.05
273245 1.04029 36 75 1.4 1.05
273245 1.04029 60 75 1.4 1.05
273245 1.04029 100 75 1.4 1.05
273197 1.00651 24 60 10 0
272693 1.00581 60 0 -0.2 -10
272693 1.00581 36 0 -0.2 -10
272693 1.00581 48 0 -0.2 -10
272693 1.00581 100 0 -0.2 -10
272690 1.24326 100 82.5 -0.6 1.2
272690 1.24326 60 82.5 -0.6 1.2
272690 1.24326 48 82.5 -0.6 1.2
272242 1.15549 60 85 1.4 0.75
272242 1.15549 48 85 1.4 0.6
272242 1.15549 100 85 1.4 0.75
272242 1.15549 100 85 1.4 0.6
272242 1.15549 48 85 1.4 0.75
272242 1.15549 60 85 1.4 0.6
272238 1.15311 36 80 -0.6 1.05
272147 1.0311 48 0 -1 0.15
272147 1.0311 100 0 -1 0.15
272147 1.0311 36 0 -1 0.15
272147 1.0311 60 0 -1 0.15
272035 1.02528 24 0 -1 -10
271907 1.01818 60 55 -0.6 -10
271907 1.01818 100 55 -0.6 -10
271907 1.01818 48 55 -0.6 -10
271907 1.01818 36 55 -0.6 -10
271062 1.00575 15 0 1 -0.3
271042 1.01574 24 65 10 0.75
270292 1.10103 24 45 10 1.65
269872 1.24302 12 62.5 -0.6 0.15
269575 1.1482 100 85 0.6 -10
269575 1.1482 48 85 0.6 0
269575 1.1482 60 85 0.6 0
269575 1.1482 100 85 0.6 0
269575 1.1482 60 85 0.6 -10
269575 1.1482 48 85 0.6 -10
269560 1.05651 60 45 -1.2 0.3
269560 1.05651 48 45 -1.2 0.3
269560 1.05651 100 45 -1.2 0.3
269560 1.05651 36 45 -1.2 0.3
269515 1.03949 60 45 -1.2 -10
269515 1.03949 48 45 -1.2 -10
269515 1.03949 48 45 -1.2 -0.3
269515 1.03949 36 45 -1.2 -10
269515 1.03949 100 45 -1.2 -10
269515 1.03949 36 45 -1.2 -0.3
269515 1.03949 60 45 -1.2 -0.3
269515 1.03949 100 45 -1.2 -0.3
268423 1.20401 12 62.5 -0.6 0
268345 1.06626 12 65 1 -0.15
267706 1.75488 36 85 10 1.5
267678 1.05621 36 80 10 0.9
267590 1.20448 36 82.5 1 1.5
267590 1.20448 36 82.5 1.4 1.5
267014 1.17275 48 85 0.6 0.75
267014 1.17275 48 85 0.6 0.6
267014 1.17275 100 85 0.6 0.6
267014 1.17275 60 85 0.6 0.75
267014 1.17275 60 85 0.6 0.6
267014 1.17275 100 85 0.6 0.75
266876 1.31239 18 55 -1 0.6
266849 1.08457 48 55 -0.6 1.2
266849 1.08457 36 65 -0.6 1.2
266849 1.08457 100 0 -0.6 1.2
266849 1.08457 100 65 -0.6 1.2
266849 1.08457 60 55 -0.6 1.2
266849 1.08457 36 0 -0.6 1.2
266849 1.08457 60 65 -0.6 1.2
266849 1.08457 100 55 -0.6 1.2
266849 1.08457 36 55 -0.6 1.2
266849 1.08457 48 65 -0.6 1.2
266849 1.08457 48 0 -0.6 1.2
266849 1.08457 60 0 -0.6 1.2
266451 1.00728 24 62.5 10 0
266239 1.1121 21 75 10 1.05
266221 1.15597 100 82.5 0.6 1.35
266221 1.15597 48 82.5 0.6 1.35
266221 1.15597 60 82.5 0.6 1.35
265965 1.08617 36 80 0.6 1.05
265631 1.01321 12 50 1 -10
265588 1.01424 24 45 10 0.9
265214 1.06543 12 65 1 -10
265214 1.06543 12 65 1 -0.45
265214 1.06543 12 65 1 -0.3
265071 1.03969 12 57.5 10 0.6
264976 1.19622 100 85 1 1.05
264976 1.19622 48 85 1 1.05
264976 1.19622 60 85 1 1.05
264595 1.02965 48 65 1 1.05
264595 1.02965 36 65 1 1.05
264595 1.02965 100 65 1 1.05
264595 1.02965 60 65 1 1.05
264358 1.06695 15 65 1 0.6
264343 1.23386 36 82.5 0.6 1.5
264278 1.08909 100 75 -0.6 1.2
264278 1.08909 60 75 -0.6 1.2
264278 1.08909 48 75 -0.6 1.2
264278 1.08909 36 75 -0.6 1.2
264260 1.07376 24 60 10 1.5
264210 1.05206 24 45 10 1.35
264186 1.29741 36 82.5 0.6 1.65
264123 1.00708 12 0 1 -0.3
263890 1.01272 12 50 1 -0.3
263725 1.06948 21 72.5 -0.6 0.45
263533 1.02907 48 75 1 0.75
263533 1.02907 100 75 1 0.75
263533 1.02907 60 75 1 0.75
263533 1.02907 36 75 1 0.75
263341 1.64918 48 85 1 1.8
263341 1.64918 60 85 1.4 1.8
263341 1.64918 48 85 -0.6 1.8
263341 1.64918 100 85 1.4 1.8
263341 1.64918 60 85 0.6 1.8
263341 1.64918 48 85 -0.6 1.5
263341 1.64918 100 85 0.6 1.8
263341 1.64918 60 85 -0.6 1.5
263341 1.64918 60 85 1 1.8
263341 1.64918 48 85 0.6 1.8
263341 1.64918 48 85 1.4 1.8
263341 1.64918 100 85 1 1.8
263341 1.64918 100 85 -0.6 1.5
263341 1.64918 100 85 -0.6 1.8
263341 1.64918 60 85 -0.6 1.8
263001 1.12635 24 45 10 1.8
263001 1.12635 24 0 10 1.8
262313 1.0061 12 0 1 -10
261941 1.04006 21 75 10 0.6
261802 1.02238 60 45 0.8 0.9
261802 1.02238 100 45 0.8 0.9
261802 1.02238 48 45 0.8 0.9
261802 1.02238 36 45 0.8 0.9
261376 1.25895 48 85 -0.6 -10
261376 1.25895 60 85 -0.6 -10
261376 1.25895 48 85 -0.6 0
261376 1.25895 100 85 -0.6 -10
261376 1.25895 100 85 -0.6 0
261376 1.25895 60 85 -0.6 0
261365 1.01905 36 65 -0.2 0.15
261365 1.01905 60 65 -0.2 0.15
261365 1.01905 48 65 -0.2 0.15
261365 1.01905 100 65 -0.2 0.15
261333 1.06874 21 72.5 -0.6 0.3
261094 1.10124 48 55 -1 1.2
261094 1.10124 48 0 -1 1.2
261094 1.10124 60 65 -1 1.2
261094 1.10124 36 55 -1 1.2
261094 1.10124 60 55 -1 1.2
261094 1.10124 100 65 -1 1.2
261094 1.10124 48 65 -1 1.2
261094 1.10124 36 0 -1 1.2
261094 1.10124 100 0 -1 1.2
261094 1.10124 36 65 -1 1.2
261094 1.10124 60 0 -1 1.2
261094 1.10124 100 55 -1 1.2
261088 1.03632 24 75 10 0.75
260778 1.13933 100 82.5 1.4 1.35
260778 1.13933 48 82.5 1.4 1.35
260778 1.13933 60 82.5 1.4 1.35
260551 1.27641 36 82.5 1 1.65
260551 1.27641 36 82.5 1.4 1.65
260009 1.05609 6 0 -0.6 -10
259345 1.00585 21 55 10 0
258890 1.33573 100 85 -0.6 0.6
258890 1.33573 60 85 -0.6 0.75
258890 1.33573 100 85 -0.6 0.75
258890 1.33573 48 85 -0.6 0.6
258890 1.33573 60 85 -0.6 0.6
258890 1.33573 48 85 -0.6 0.75
258751 1.12358 24 55 10 1.8
258751 1.12358 24 57.5 10 1.8
258655 1.09439 15 65 -0.6 0.3
258494 1.01753 100 0 -0.6 0.15
258494 1.01753 36 0 -0.6 0.15
258494 1.01753 60 0 -0.6 0.15
258494 1.01753 48 0 -0.6 0.15
258183 1.065 21 72.5 -0.6 0.15
257945 1.16804 100 85 1.4 1.05
257945 1.16804 48 85 1.4 1.05
257945 1.16804 60 85 1.4 1.05
257586 1.12318 36 82.5 1 0
257586 1.12318 36 82.5 1 -10
257452 1.01221 12 0 -0.2 -10
257308 1.1372 36 82.5 1 0.9
257308 1.1372 36 82.5 1 0.6
257273 1.03573 21 75 10 0
257273 1.03573 21 75 10 -10
256493 1.01923 48 55 -0.6 0.15
256493 1.01923 100 55 -0.6 0.15
256493 1.01923 36 55 -0.6 0.15
256493 1.01923 60 55 -0.6 0.15
256294 1.14764 36 85 10 0
256294 1.14764 36 85 10 -10
255268 1.06939 48 45 -1.2 0.6
255268 1.06939 60 45 -1.2 0.6
255268 1.06939 100 45 -1.2 0.6
255268 1.06939 36 45 -1.2 0.6
255088 1.00454 24 0 10 0.3
255020 1.06212 15 75 10 0.45
254154 1.02088 24 45 0.8 0.75
253988 1.02914 60 55 -1 0
253988 1.02914 100 55 -1 0
253988 1.02914 48 55 -1 0
253988 1.02914 36 55 -1 0
253856 1.17145 36 85 10 0.75
253856 1.17145 36 85 10 0.6
253599 1.015 100 65 1 0.6
253599 1.015 36 65 1 0.6
253599 1.015 48 65 1 0.6
253599 1.015 60 65 1 0.6
253543 1.00712 24 55 1 -10
253478 1.12206 100 80 -0.6 1.05
253478 1.12206 48 80 -0.6 1.05
253478 1.12206 60 80 -0.6 1.05
253297 1.01991 15 0 10 0.6
253248 1.05338 100 0 -0.2 1.2
253248 1.05338 100 65 -0.2 1.2
253248 1.05338 100 55 -0.2 1.2
253248 1.05338 60 0 -0.2 1.2
253248 1.05338 48 55 -0.2 1.2
253248 1.05338 36 55 -0.2 1.2
253248 1.05338 48 0 -0.2 1.2
253248 1.05338 36 0 -0.2 1.2
253248 1.05338 48 65 -0.2 1.2
253248 1.05338 60 65 -0.2 1.2
253248 1.05338 60 55 -0.2 1.2
253248 1.05338 36 65 -0.2 1.2
253103 1.0669 48 45 -1.2 0.45
253103 1.0669 60 45 -1.2 0.45
253103 1.0669 36 45 -1.2 0.45
253103 1.0669 100 45 -1.2 0.45
253029 1.07664 36 80 10 1.2
252992 1.18955 100 85 0.6 1.05
252992 1.18955 48 85 0.6 1.05
252992 1.18955 60 85 0.6 1.05
252690 1.06057 36 45 -0.4 1.2
252690 1.06057 100 45 -0.4 1.2
252690 1.06057 48 45 -0.4 1.2
252690 1.06057 60 45 -0.4 1.2
252327 1.00598 24 60 10 -10
252087 1.02801 15 57.5 10 0.6
251775 1.05439 15 75 10 0.6
250965 1.02784 24 75 10 0
250965 1.02784 24 75 10 -10
250865 1.07301 12 65 1.4 0.3
250749 1.10967 36 82.5 1.4 0
250749 1.10967 36 82.5 1.4 -10
250665 1.00532 21 55 10 -10
250655 1.00186 24 0 10 -10
250568 1.16287 60 82.5 1.4 1.5
250568 1.16287 48 82.5 1 1.5
250568 1.16287 60 82.5 1 1.5
250568 1.16287 100 82.5 1.4 1.5
250568 1.16287 100 82.5 1 1.5
250568 1.16287 48 82.5 1.4 1.5
250479 1.12173 36 82.5 1.4 0.9
250479 1.12173 36 82.5 1.4 0.6
250389 1.00771 24 0 10 0.6
249937 1.00448 15 0 1 -10
249556 1.00207 21 0 10 -10
249231 1.05048 60 80 10 0.9
249231 1.05048 48 80 10 0.9
249231 1.05048 100 80 10 0.9
249004 1.14179 24 65 10 1.8
248968 1.43576 60 85 -0.6 1.05
248968 1.43576 48 85 -0.6 1.05
248968 1.43576 100 85 -0.6 1.05
248963 1.12885 15 65 -1 0.3
247958 1.02094 6 0 10 -10
247927 1.31461 24 70 10 1.8
247687 1.03996 6 0 -0.2 -0.45
247641 1.07405 100 80 0.6 1.05
247641 1.07405 48 80 0.6 1.05
247641 1.07405 60 80 0.6 1.05
247630 1.03862 6 0 -0.2 -10
247529 1.18278 48 82.5 0.6 1.5
247529 1.18278 60 82.5 0.6 1.5
247529 1.18278 100 82.5 0.6 1.5
247478 1.0621 21 72.5 -0.6 0
247381 1.21319 100 82.5 0.6 1.65
247381 1.21319 60 82.5 0.6 1.65
247381 1.21319 48 82.5 0.6 1.65
247378 1.11914 36 82.5 0.6 -10
247378 1.11914 36 82.5 0.6 0
247228 1.11054 12 65 0.6 0.3
247114 1.13233 36 82.5 0.6 0.6
247114 1.13233 36 82.5 0.6 0.9
246934 1.57641 12 45 -1.2 0.3
246770 1.00619 24 45 0.8 0
246706 1.00943 24 57.5 10 0.6
246340 1.13123 6 50 0.6 -0.15
246340 1.13123 6 50 1 -0.15
245803 1.00411 18 45 10 -10
245118 1.1176 6 50 1.4 -0.15
244824 1.03271 15 45 10 0.75
243978 1.20973 48 82.5 1.4 1.65
243978 1.20973 48 82.5 1 1.65
243978 1.20973 60 82.5 1 1.65
243978 1.20973 100 82.5 1 1.65
243978 1.20973 100 82.5 1.4 1.65
243978 1.20973 60 82.5 1.4 1.65
243511 1.03935 100 75 0.6 1.05
243511 1.03935 36 75 0.6 1.05
243511 1.03935 48 75 0.6 1.05
243511 1.03935 60 75 0.6 1.05
243411 1.06803 100 65 -0.6 1.05
243411 1.06803 48 65 -0.6 1.05
243411 1.06803 60 65 -0.6 1.05
243411 1.06803 36 65 -0.6 1.05
243381 1.0511 36 80 10 0.75
243288 1.02323 100 0 -1 -0.3
243288 1.02323 60 0 -1 -0.3
243288 1.02323 48 0 -1 -0.3
243288 1.02323 36 0 -1 -0.3
243206 1.14789 6 50 0.6 0
243206 1.14789 6 50 1 0
242975 1.14903 6 47.5 0.6 0
242975 1.14903 6 47.5 1 0
242701 1.48526 24 75 10 1.8
242595 1.0264 12 50 -0.2 -10
242579 1.02261 15 55 10 0.6
242305 1.04716 36 80 10 -10
242305 1.04716 36 80 10 0
242155 1.00666 24 62.5 10 -10
241992 1.1309 6 50 1.4 0
241762 1.13192 6 47.5 1.4 0
241623 1.11717 6 45 0.8 0
241339 1.08646 12 65 1 0.3
241199 1.09976 60 82.5 1 0
241199 1.09976 48 82.5 1 0
241199 1.09976 100 82.5 1 -10
241199 1.09976 48 82.5 1 -10
241199 1.09976 60 82.5 1 -10
241199 1.09976 100 82.5 1 0
241066 1.07113 60 75 -0.6 1.05
241066 1.07113 48 75 -0.6 1.05
241066 1.07113 100 75 -0.6 1.05
241066 1.07113 36 75 -0.6 1.05
241014 1.02649 12 50 -0.2 -0.3
240940 1.11111 100 82.5 1 0.6
240940 1.11111 60 82.5 1 0.9
240940 1.11111 60 82.5 1 0.6
240940 1.11111 48 82.5 1 0.6
240940 1.11111 48 82.5 1 0.9
240940 1.11111 100 82.5 1 0.9
240762 1.0494 36 80 10 0.6
240594 1.13362 36 55 -1 1.35
240594 1.13362 100 55 -1 1.35
240594 1.13362 100 65 -1 1.35
240594 1.13362 48 65 -1 1.35
240594 1.13362 36 65 -1 1.35
240594 1.13362 60 55 -1 1.35
240594 1.13362 60 65 -1 1.35
240594 1.13362 48 55 -1 1.35
240520 1.18897 36 85 10 1.05
240420 1.10607 6 45 1.2 0
239616 1.01433 24 0 1 0.6
239362 1.01994 15 45 10 0.6
238705 1.06007 6 45 0.8 -0.15
238680 1.09476 36 80 1.4 1.5
238621 1.02866 24 75 10 0.6
238545 1.02231 6 0 1 -10
238423 1.02487 60 75 1 0.6
238423 1.02487 48 75 1 0.6
238423 1.02487 36 75 1 0.6
238423 1.02487 100 75 1 0.6
238268 1.13137 100 85 10 0.9
238268 1.13137 60 85 10 0.9
238268 1.13137 48 85 10 0.9
238161 1.02384 48 75 1 -10
238161 1.02384 36 75 1 0
238161 1.02384 60 75 1 -10
238161 1.02384 60 75 1 0
238161 1.02384 36 75 1 -10
238161 1.02384 100 75 1 0
238161 1.02384 48 75 1 0
238161 1.02384 100 75 1 -10
237875 1.18696 6 0 -1 -10
237694 1.11146 24 62.5 -0.6 1.05
237522 1.05682 6 45 1.2 -0.15
237436 1.05819 60 65 -1 0.6
237436 1.05819 36 0 -1 0.6
237436 1.05819 36 55 -1 0.6
237436 1.05819 36 65 -1 0.6
237436 1.05819 100 55 -1 0.6
237436 1.05819 60 55 -1 0.6
237436 1.05819 60 0 -1 0.6
237436 1.05819 100 65 -1 0.6
237436 1.05819 100 0 -1 0.6
237436 1.05819 48 0 -1 0.6
237436 1.05819 48 65 -1 0.6
237436 1.05819 48 55 -1 0.6
237238 1.08723 6 47.5 1 -0.15
237238 1.08723 6 47.5 0.6 -0.15
237087 1.10377 6 50 0.6 -0.45
237087 1.10377 6 50 1 -0.3
237087 1.10377 6 50 0.6 -0.3
237087 1.10377 6 50 1 -10
237087 1.10377 6 50 1 -0.45
237087 1.10377 6 50 0.6 -10
236796 1.15581 24 85 10 0
236796 1.15581 24 85 10 0.3
236796 1.15581 24 85 10 -0.3
236796 1.15581 24 85 10 -10
236796 1.15581 24 85 10 -0.15
236796 1.15581 24 85 10 -0.45
236535 1.00364 18 0 1 -10
236061 1.08065 6 47.5 1.4 -0.15
235908 1.0947 6 50 1.4 -0.3
235908 1.0947 6 50 1.4 -10
235908 1.0947 6 50 1.4 -0.45
235835 1.17096 100 82.5 -0.6 -10
235835 1.17096 60 82.5 -0.6 -10
235835 1.17096 100 82.5 -0.6 0
235835 1.17096 48 82.5 -0.6 -10
235835 1.17096 60 82.5 -0.6 0
235835 1.17096 48 82.5 -0.6 0
235596 1.06809 60 80 10 1.2
235596 1.06809 48 80 10 1.2
235596 1.06809 100 80 10 1.2
235588 1.17824 60 82.5 -0.6 0.6
235588 1.17824 100 82.5 -0.6 0.6
235588 1.17824 48 82.5 -0.6 0.6
235588 1.17824 100 82.5 -0.6 0.75
235588 1.17824 60 82.5 -0.6 0.75
235588 1.17824 48 82.5 -0.6 0.75
235391 1.08772 21 72.5 -0.6 0.6
235367 1.00972 24 62.5 10 0.6
234798 1.0917 48 82.5 1.4 0
234798 1.0917 60 82.5 1.4 -10
234798 1.0917 48 82.5 1.4 -10
234798 1.0917 100 82.5 1.4 -10
234798 1.0917 60 82.5 1.4 0
234798 1.0917 100 82.5 1.4 0
234756 1.18143 48 85 10 1.2
234756 1.18143 100 85 10 1.2
234756 1.18143 60 85 10 1.2
234546 1.10175 60 82.5 1.4 0.9
234546 1.10175 48 82.5 1.4 0.6
234546 1.10175 48 82.5 1.4 0.9
234546 1.10175 60 82.5 1.4 0.6
234546 1.10175 100 82.5 1.4 0.6
234546 1.10175 100 82.5 1.4 0.9
234519 1.238 15 75 -0.2 0.15
234519 1.238 15 75 -0.2 0.3
234388 1.05484 21 75 10 0.75
234255 1.56615 15 75 -1 0.3
234255 1.56615 15 75 -1 0.15
234255 1.56615 15 75 -0.6 0.15
234255 1.56615 15 75 -0.6 0.3
233987 1.09991 60 45 -1.2 1.2
233987 1.09991 100 45 -1.2 1.2
233987 1.09991 36 45 -1.2 1.2
233987 1.09991 48 45 -1.2 1.2
232791 1.00629 12 45 10 -0.3
232713 1.06084 6 0 1 0
232260 1.03398 15 55 10 0.75
232182 1.15865 12 62.5 -0.6 -0.3
232122 1.01927 100 65 10 1.2
232122 1.01927 48 65 10 1.2
232122 1.01927 60 65 10 1.2
232122 1.01927 36 65 10 1.2
231989 1.33309 100 82.5 -0.6 1.8
231989 1.33309 60 82.5 -0.6 1.8
231989 1.33309 48 82.5 -0.6 1.5
231989 1.33309 100 82.5 -0.6 1.5
231989 1.33309 48 82.5 -0.6 1.8
231989 1.33309 60 82.5 -0.6 1.5
231899 1.10175 36 80 1 1.5
231736 1.02131 48 0 -1 -10
231736 1.02131 100 0 -1 -10
231736 1.02131 36 0 -1 -10
231736 1.02131 60 0 -1 -10
231641 1.09679 100 82.5 0.6 0
231641 1.09679 48 82.5 0.6 0
231641 1.09679 60 82.5 0.6 0
231641 1.09679 60 82.5 0.6 -10
231641 1.09679 100 82.5 0.6 -10
231641 1.09679 48 82.5 0.6 -10
231394 1.10744 100 82.5 0.6 0.9
231394 1.10744 60 82.5 0.6 0.9
231394 1.10744 100 82.5 0.6 0.6
231394 1.10744 48 82.5 0.6 0.9
231394 1.10744 48 82.5 0.6 0.6
231394 1.10744 60 82.5 0.6 0.6
231080 1.02765 60 45 -0.4 0.6
231080 1.02765 48 45 -0.4 0.6
231080 1.02765 100 45 -0.4 0.6
231080 1.02765 36 45 -0.4 0.6
231056 1.02669 100 55 -1 -10
231056 1.02669 60 55 -1 -10
231056 1.02669 36 55 -1 -10
231056 1.02669 48 55 -1 -10
231054 1.24881 60 82.5 1.4 1.8
231054 1.24881 48 82.5 0.6 1.8
231054 1.24881 100 82.5 1 1.8
231054 1.24881 48 82.5 1.4 1.8
231054 1.24881 60 82.5 0.6 1.8
231054 1.24881 100 82.5 0.6 1.8
231054 1.24881 100 82.5 1.4 1.8
231054 1.24881 48 82.5 1 1.8
231054 1.24881 60 82.5 1 1.8
231040 1.01864 24 70 10 0.75
230425 1.04596 6 0 -0.2 -0.3
229510 1.02017 24 60 10 1.05
229422 1.0147 24 55 1 0.6
229082 1.10967 36 80 0.6 1.5
228863 1.5443 15 75 -0.6 -10
228863 1.5443 15 75 -1 -10
228863 1.5443 15 75 -1 -0.3
228863 1.5443 15 75 -0.6 0
228863 1.5443 15 75 -1 0
228863 1.5443 15 75 -0.6 -0.3
228701 1.0241 60 65 -0.6 0
228701 1.0241 48 65 -0.6 0
228701 1.0241 48 65 -0.6 -10
228701 1.0241 36 65 -0.6 0
228701 1.0241 100 65 -0.6 0
228701 1.0241 36 65 -0.6 -10
228701 1.0241 100 65 -0.6 -10
228701 1.0241 60 65 -0.6 -10
228388 1.25798 15 60 -1 0.45
228323 1.07303 6 47.5 0.6 -10
228323 1.07303 6 47.5 1 -0.3
228323 1.07303 6 47.5 1 -0.45
228323 1.07303 6 47.5 0.6 -0.3
228323 1.07303 6 47.5 0.6 -0.45
228323 1.07303 6 47.5 1 -10
228090 1.02478 36 75 1.4 0.75
228090 1.02478 100 75 1.4 0.75
228090 1.02478 60 75 1.4 0.75
228090 1.02478 48 75 1.4 0.75
228013 1.02185 6 0 1 -0.45
227673 1.00501 21 45 0.8 -10
227483 1.00865 21 0 10 0.6
227248 1.01833 24 55 10 1.05
227187 1.06815 6 47.5 1.4 -0.3
227187 1.06815 6 47.5 1.4 -10
227187 1.06815 6 47.5 1.4 -0.45
226782 1.0204 15 50 10 0.6
226753 1.05729 21 72.5 -0.6 -10
226753 1.05729 21 72.5 -0.6 -0.3
226694 1.02452 100 0 1 1.05
226694 1.02452 36 0 1 1.05
226694 1.02452 36 55 1 1.05
226694 1.02452 100 55 1 1.05
226694 1.02452 48 0 1 1.05
226694 1.02452 60 0 1 1.05
226694 1.02452 48 55 1 1.05
226694 1.02452 60 55 1 1.05
226612 1.0457 48 80 10 0.75
226612 1.0457 100 80 10 0.75
226612 1.0457 60 80 10 0.75
226552 1.20645 60 82.5 -0.6 1.05
226552 1.20645 48 82.5 -0.6 1.05
226552 1.20645 100 82.5 -0.6 1.05
226224 1.06917 15 60 -0.2 0.45
226192 1.22715 15 75 -0.2 -0.3
226192 1.22715 15 75 -0.2 -10
226192 1.22715 15 75 -0.2 0
225918 1.12597 24 60 10 1.8
225918 1.12597 24 62.5 10 1.8
225606 1.04214 60 80 10 0
225606 1.04214 48 80 10 -10
225606 1.04214 100 80 10 -10
225606 1.04214 48 80 10 0
225606 1.04214 60 80 10 -10
225606 1.04214 100 80 10 0
225443 1.0492 6 45 0.8 -0.45
225443 1.0492 6 45 0.8 -10
225443 1.0492 6 45 0.8 -0.3
224323 1.04685 6 45 1.2 -0.3
224323 1.04685 6 45 1.2 -0.45
224323 1.04685 6 45 1.2 -10
224166 1.04419 60 80 10 0.6
224166 1.04419 100 80 10 0.6
224166 1.04419 48 80 10 0.6
223320 1.13494 12 62.5 -0.6 -10
222233 1.08164 100 80 1.4 1.5
222233 1.08164 60 80 1.4 1.5
222233 1.08164 48 80 1.4 1.5
221966 1.02411 6 0 1 -0.3
221763 1.05082 36 75 -0.6 0.75
221763 1.05082 48 75 -0.6 0.75
221763 1.05082 60 75 -0.6 0.75
221763 1.05082 100 75 -0.6 0.75
221026 1.136 18 75 -0.6 0.15
221026 1.136 18 75 -0.6 0.3
220891 1.00866 21 45 10 0.6
220839 1.15938 12 62.5 0.6 0.6
218847 1.11758 18 75 -0.6 -10
218847 1.11758 18 75 -0.6 -0.3
218847 1.11758 18 75 -0.6 0
218846 1.09219 15 75 1 0.15
218846 1.09219 15 75 1 0.3
218478 1.02803 48 75 0.6 0.75
218478 1.02803 36 75 0.6 0.75
218478 1.02803 60 75 0.6 0.75
218478 1.02803 100 75 0.6 0.75
217977 1.22943 48 85 10 1.5
217977 1.22943 60 85 10 1.5
217977 1.22943 100 85 10 1.5
217955 1.00608 12 45 10 -10
217899 1.03434 48 65 -1 -10
217899 1.03434 60 65 -1 -10
217899 1.03434 36 65 -1 -10
217899 1.03434 36 65 -1 0
217899 1.03434 60 65 -1 0
217899 1.03434 48 65 -1 0
217899 1.03434 100 65 -1 -10
217899 1.03434 100 65 -1 0
217784 1.01295 24 70 10 0
217748 1.22794 6 0 10 0.45
217526 1.0615 15 65 -0.2 0.3
217481 1.03184 6 0 1 -0.15
217471 1.14177 100 55 -1 1.5
217471 1.14177 36 65 -1 1.5
217471 1.14177 60 55 -1 1.5
217471 1.14177 48 65 -1 1.5
217471 1.14177 36 55 -1 1.5
217471 1.14177 60 65 -1 1.5
217471 1.14177 100 65 -1 1.5
217471 1.14177 48 55 -1 1.5
217420 1.02227 21 0 -1 -10
217162 1.02013 24 62.5 10 1.05
216656 1.15379 6 0 10 0.3
216645 1.44952 12 62.5 1.4 0.9
216477 1.09693 60 45 -0.4 1.65
216477 1.09693 36 45 -0.4 1.65
216477 1.09693 100 45 -0.4 1.65
216477 1.09693 48 45 -0.4 1.65
215919 1.08695 48 80 1 1.5
215919 1.08695 60 80 1 1.5
215919 1.08695 100 80 1 1.5
215768 1.19198 60 77.5 10 2.1
215768 1.19198 48 77.5 10 2.1
215768 1.19198 100 77.5 10 2.1
215744 1.0635 6 50 10 -0.15
215584 1.1035 12 62.5 1 0.6
215414 1.06891 100 45 -0.4 1.35
215414 1.06891 36 45 -0.4 1.35
215414 1.06891 48 45 -0.4 1.35
215414 1.06891 60 45 -0.4 1.35
214908 1.01084 21 60 10 0.6
214277 1.00322 24 45 10 0
213692 1.00881 24 60 10 0.6
213681 1.12372 36 82.5 10 1.5
213491 1.0916 36 82.5 10 1.2
213297 1.09285 48 80 0.6 1.5
213297 1.09285 100 80 0.6 1.5
213297 1.09285 60 80 0.6 1.5
213285 1.08543 6 47.5 10 0.15
213237 1.01532 24 70 10 0.6
212994 1.0676 6 50 10 0
212796 1.06818 6 47.5 10 0
211919 1.05261 60 55 1 1.5
211919 1.05261 60 0 1 1.5
211919 1.05261 100 65 1 1.5
211919 1.05261 100 55 1 1.5
211919 1.05261 36 55 1 1.5
211919 1.05261 36 65 1 1.5
211919 1.05261 36 0 1 1.5
211919 1.05261 48 55 1 1.5
211919 1.05261 48 0 1 1.5
211919 1.05261 48 65 1 1.5
211919 1.05261 100 0 1 1.5
211919 1.05261 60 65 1 1.5
211070 1.08771 15 75 1 0
211070 1.08771 15 75 1 -10
211070 1.08771 15 75 1 -0.3
209836 1.36506 60 85 10 1.8
209836 1.36506 48 85 10 1.8
209836 1.36506 100 85 10 1.8
208684 1.10095 48 85 10 0
208684 1.10095 48 85 10 -10
208684 1.10095 60 85 10 -10
208684 1.10095 60 85 10 0
208684 1.10095 100 85 10 -10
208684 1.10095 100 85 10 0
208503 1.2844 21 55 10 1.8
208453 1.07124 6 55 10 0
208126 1.05438 36 45 0.8 1.5
208126 1.05438 100 45 0.8 1.5
208126 1.05438 60 45 0.8 1.5
208126 1.05438 48 45 0.8 1.5
208025 1.1078 36 82.5 10 1.35
207841 1.05934 36 80 10 1.05
207767 1.11588 15 60 -0.6 0.45
207640 1.05473 6 50 10 -10
207640 1.05473 6 50 10 -0.45
207640 1.05473 6 50 10 -0.3
207495 1.00288 21 0 1 -10
207401 1.53306 48 77.5 10 2.7
207401 1.53306 60 77.5 10 2.7
207401 1.53306 100 77.5 10 2.7
207147 1.07057 36 55 -1 0.9
207147 1.07057 100 65 -1 0.9
207147 1.07057 60 65 -1 0.9
207147 1.07057 48 65 -1 0.9
207147 1.07057 48 55 -1 0.9
207147 1.07057 60 55 -1 0.9
207147 1.07057 100 55 -1 0.9
207147 1.07057 36 65 -1 0.9
207095 1.08716 6 55 10 0.15
206781 1.14113 36 82.5 10 1.8
206704 1.11587 100 85 10 0.6
206704 1.11587 60 85 10 0.6
206704 1.11587 48 85 10 0.75
206704 1.11587 100 85 10 0.75
206704 1.11587 48 85 10 0.6
206704 1.11587 60 85 10 0.75
206052 1.07833 6 52.5 10 0.15
205929 1.04292 60 75 -0.6 0.6
205929 1.04292 36 75 -0.6 0.6
205929 1.04292 100 75 -0.6 0.6
205929 1.04292 48 75 -0.6 0.6
205797 1.05257 6 0 10 0.15
205775 1.0598 6 52.5 10 0
205741 1.02085 36 75 10 0.9
205741 1.02085 100 75 10 0.9
205741 1.02085 60 75 10 0.9
205741 1.02085 48 75 10 0.9
205618 1.02073 60 75 1.4 0.6
205618 1.02073 36 75 1.4 0.6
205618 1.02073 48 75 1.4 0.6
205618 1.02073 100 75 1.4 0.6
205493 1.09072 60 45 -0.4 1.5
205493 1.09072 100 45 -0.4 1.5
205493 1.09072 48 45 -0.4 1.5
205493 1.09072 36 45 -0.4 1.5
205414 1.01987 36 75 1.4 -10
205414 1.01987 36 75 1.4 0
205414 1.01987 48 75 1.4 -10
205414 1.01987 48 75 1.4 0
205414 1.01987 60 75 1.4 0
205414 1.01987 100 75 1.4 0
205414 1.01987 60 75 1.4 -10
205414 1.01987 100 75 1.4 -10
205044 1.14245 6 52.5 10 0.3
205044 1.14245 6 55 10 0.3
204880 1.17243 6 47.5 10 0.45
204880 1.17243 6 45 10 0.45
204739 1.29222 21 0 10 1.8
204739 1.29222 21 45 10 1.8
204318 1.0095 21 55 10 0.6
204071 1.04245 60 75 -0.6 -10
204071 1.04245 36 75 -0.6 0
204071 1.04245 36 75 -0.6 -10
204071 1.04245 100 75 -0.6 0
204071 1.04245 48 75 -0.6 -10
204071 1.04245 100 75 -0.6 -10
204071 1.04245 48 75 -0.6 0
204071 1.04245 60 75 -0.6 0
204028 1.20327 6 52.5 10 0.45
204028 1.20327 6 55 10 0.45
203947 1.00874 60 65 1 0
203947 1.00874 48 65 1 0
203947 1.00874 100 65 1 -10
203947 1.00874 36 65 1 -10
203947 1.00874 60 65 1 -10
203947 1.00874 48 65 1 -10
203947 1.00874 36 65 1 0
203947 1.00874 100 65 1 0
203863 1.12147 6 45 10 0.3
203863 1.12147 6 47.5 10 0.3
203863 1.12147 6 50 10 0.3
203727 1.07635 6 45 10 0.15
203261 1.05773 6 45 10 0
202673 1.19772 36 80 -0.6 1.5
202465 1.16502 36 80 0.6 1.8
202465 1.16502 36 80 1.4 1.8
202465 1.16502 36 80 1 1.8
202326 1.05769 6 55 10 -10
202326 1.05769 6 55 10 -0.3
202272 1.1458 36 82.5 10 1.65
201859 1.12171 15 62.5 -0.6 0.45
201602 1.60045 18 75 1.4 1.2
200087 1.1008 100 82.5 10 1.5
200087 1.1008 60 82.5 10 1.5
200087 1.1008 48 82.5 10 1.5
199970 1.04322 6 47.5 10 -0.3
199970 1.04322 6 47.5 10 -10
199916 1.07852 48 82.5 10 1.2
199916 1.07852 60 82.5 10 1.2
199916 1.07852 100 82.5 10 1.2
199906 1.11902 6 60 10 0.15
199729 1.04937 6 52.5 10 -0.3
199729 1.04937 6 52.5 10 -10
199638 1.08961 6 60 10 0
199229 1.57736 21 67.5 10 1.8
199000 1.02412 100 75 0.6 0.6
199000 1.02412 36 75 0.6 0.6
199000 1.02412 60 75 0.6 0.6
199000 1.02412 48 75 0.6 0.6
198767 1.02298 36 75 0.6 0
198767 1.02298 48 75 0.6 -10
198767 1.02298 100 75 0.6 0
198767 1.02298 60 75 0.6 -10
198767 1.02298 36 75 0.6 -10
198767 1.02298 48 75 0.6 0
198767 1.02298 100 75 0.6 -10
198767 1.02298 60 75 0.6 0
198739 1.00656 24 45 10 0.6
197926 1.32644 6 60 10 0.45
197926 1.32644 6 50 10 0.6
197926 1.32644 6 52.5 10 0.6
197926 1.32644 6 60 10 0.3
197926 1.32644 6 47.5 10 0.6
197926 1.32644 6 0 10 0.6
197926 1.32644 6 45 10 0.6
197926 1.32644 6 60 10 0.6
197926 1.32644 6 55 10 0.6
197843 1.0103 60 45 -0.4 0
197843 1.0103 48 45 -0.4 0
197843 1.0103 100 45 -0.4 0
197843 1.0103 36 45 -0.4 0
197428 1.153 48 80 -0.6 1.5
197428 1.153 100 80 -0.6 1.5
197428 1.153 60 80 -0.6 1.5
197368 1.29795 36 85 -0.6 -10
197368 1.29795 36 85 -0.6 0
197368 1.29795 36 85 -0.6 0.3
197368 1.29795 36 85 -0.6 -0.3
197368 1.29795 36 85 -0.6 -0.45
197368 1.29795 36 85 -0.6 -0.15
197230 1.0069 12 50 10 -10
197225 1.1332 100 80 0.6 1.8
197225 1.1332 100 80 1 1.8
197225 1.1332 100 80 1.4 1.8
197225 1.1332 48 80 1 1.8
197225 1.1332 48 80 1.4 1.8
197225 1.1332 48 80 0.6 1.8
197225 1.1332 60 80 0.6 1.8
197225 1.1332 60 80 1.4 1.8
197225 1.1332 60 80 1 1.8
197081 1.02149 100 45 0.8 1.05
197081 1.02149 48 45 0.8 1.05
197081 1.02149 36 45 0.8 1.05
197081 1.02149 60 45 0.8 1.05
196170 1.03471 6 0 10 0
196041 1.00834 36 45 -0.4 -10
196041 1.00834 48 45 -0.4 -10
196041 1.00834 100 45 -0.4 -10
196041 1.00834 60 45 -0.4 -10
195971 1.01564 60 55 10 1.2
195971 1.01564 48 55 10 1.2
195971 1.01564 36 55 10 1.2
195971 1.01564 100 55 10 1.2
195942 1.00646 12 50 10 -0.3
195869 1.01197 48 0 1 0.75
195869 1.01197 100 0 1 0.75
195869 1.01197 36 0 1 0.75
195869 1.01197 60 0 1 0.75
195846 1.12262 48 85 10 1.05
195846 1.12262 60 85 10 1.05
195846 1.12262 100 85 10 1.05
195491 1.47046 36 85 -0.6 0.6
194984 1.01182 24 70 10 -10
194796 1.0884 48 82.5 10 1.35
194796 1.0884 100 82.5 10 1.35
194796 1.0884 60 82.5 10 1.35
193630 1.11991 60 82.5 10 1.8
193630 1.11991 48 82.5 10 1.8
193630 1.11991 100 82.5 10 1.8
193521 1.05227 48 80 10 1.05
193521 1.05227 60 80 10 1.05
193521 1.05227 100 80 10 1.05
193030 1.40895 21 65 10 1.8
191301 1.07579 6 60 10 -10
191301 1.07579 6 60 10 -0.3
191032 1.01118 36 65 10 0.9
191032 1.01118 60 65 10 0.9
191032 1.01118 100 65 10 0.9
191032 1.01118 48 65 10 0.9
190509 1.00401 24 55 10 0
190374 1.01375 48 65 1 0.75
190374 1.01375 60 65 1 0.75
190374 1.01375 36 65 1 0.75
190374 1.01375 100 65 1 0.75
190011 1.23894 15 75 -0.2 0.45
190010 1.2166 18 75 10 1.2
189797 1.89806 15 75 -0.6 0.45
189797 1.89806 15 75 -1 0.45
189639 1.03166 6 45 10 -10
189639 1.03166 6 45 10 -0.3
189432 1.0283 36 75 10 1.2
189432 1.0283 48 75 10 1.2
189432 1.0283 60 75 10 1.2
189432 1.0283 100 75 10 1.2
189401 1.11586 48 82.5 10 1.65
189401 1.11586 60 82.5 10 1.65
189401 1.11586 100 82.5 10 1.65
189329 1.00118 48 0 10 -10
189163 1.09919 36 80 10 1.5
188655 1.01474 100 0 10 1.2
188655 1.01474 36 0 10 1.2
188655 1.01474 60 0 10 1.2
188655 1.01474 48 0 10 1.2
187580 1.25994 15 75 -0.2 0.6
187242 1.0037 24 55 10 -10
186909 1.09766 6 45 0.4 0
186398 1.28653 6 0 -0.2 0
186033 1.03393 36 45 -0.4 0.9
186033 1.03393 60 45 -0.4 0.9
186033 1.03393 48 45 -0.4 0.9
186033 1.03393 100 45 -0.4 0.9
185901 1.05276 36 75 1.4 1.5
185901 1.05276 100 75 1.4 1.5
185901 1.05276 48 75 1.4 1.5
185901 1.05276 60 75 1.4 1.5
185541 1.00904 24 57.5 10 0.75
184374 1.16128 24 85 1 0.6
184095 1.00113 60 0 10 -10
183508 1.01443 60 45 10 1.2
183508 1.01443 100 45 10 1.2
183508 1.01443 48 45 10 1.2
183508 1.01443 36 45 10 1.2
183401 1.14698 36 82.5 -0.6 0.9
182965 1.33166 21 60 10 1.8
182866 1.19953 21 85 1 0.6
182450 1.04909 6 45 0.4 -0.15
182358 1.40579 21 85 -0.6 -0.15
182358 1.40579 24 85 -0.6 -0.45
182358 1.40579 24 85 -0.6 -0.15
182358 1.40579 21 85 -0.6 0
182358 1.40579 21 85 -0.6 -10
182358 1.40579 24 85 -0.6 -0.3
182358 1.40579 24 85 -0.6 -10
182358 1.40579 24 85 -0.6 0.3
182358 1.40579 21 85 -0.6 0.3
182358 1.40579 21 85 -0.6 -0.45
182358 1.40579 21 85 -0.6 -0.3
182358 1.40579 24 85 -0.6 0
181647 1.81651 24 45 -1.2 1.2
181355 1.12417 18 75 -0.6 0.45
181073 1.19522 21 85 0.6 0.6
180640 1.40024 36 77.5 10 2.4
180627 1.05477 48 75 1 1.5
180627 1.05477 36 75 1 1.5
180627 1.05477 100 75 1 1.5
180627 1.05477 60 75 1 1.5
179939 1.00233 24 0 1 -10
179765 1.21874 36 80 -0.6 1.8
179595 1.34188 6 65 10 -0.45
179595 1.34188 6 65 10 0
179595 1.34188 6 65 10 -10
179595 1.34188 6 65 10 -0.15
179595 1.34188 6 65 10 -0.3
179481 1.12491 24 85 1.4 0.6
179106 1.14933 21 75 -0.6 0.9
179051 1.17333 36 82.5 -0.6 1.2
178403 1.3921 18 85 1.4 0.6
178403 1.3921 18 85 10 0.6
178320 1.00929 24 62.5 10 0.75
178240 1.01906 100 55 10 1.35
178240 1.01906 36 55 10 1.35
178240 1.01906 48 55 10 1.35
178240 1.01906 60 55 10 1.35
178013 1.14824 21 85 1.4 0.6
178013 1.14824 21 85 10 0.6
177774 1.0608 48 75 0.6 1.5
177774 1.0608 60 75 0.6 1.5
177774 1.0608 36 75 0.6 1.5
177774 1.0608 100 75 0.6 1.5
177369 1.0484 6 0 -0.2 -0.15
177310 1.38344 24 85 1 1.2
177306 1.07927 15 75 1 0.45
176196 1.11807 36 80 10 1.8
176134 1.07948 100 80 10 1.5
176134 1.07948 48 80 10 1.5
176134 1.07948 60 80 10 1.5
176035 1.15061 24 85 0.6 0.6
175278 1.02208 48 65 10 1.5
175278 1.02208 36 65 10 1.5
175278 1.02208 60 65 10 1.5
175278 1.02208 100 65 10 1.5
175219 1.02597 100 77.5 1.4 0.9
175219 1.02597 48 77.5 1.4 0.9
175219 1.02597 36 77.5 1.4 0.9
175219 1.02597 60 77.5 1.4 0.9
175118 1.06641 12 75 10 0.45
175118 1.06641 12 75 10 0.3
175118 1.06641 12 75 10 0.6
175118 1.06641 12 75 10 0.15
175112 1.15759 100 80 -0.6 1.8
175112 1.15759 60 80 -0.6 1.8
175112 1.15759 48 80 -0.6 1.8
175043 1.06553 15 75 1 0.6
174834 1.068 36 82.5 10 -10
174834 1.068 36 82.5 10 0
174644 1.07507 36 82.5 10 0.6
174644 1.07507 36 82.5 10 0.9
174101 1.01087 36 55 1 0.75
174101 1.01087 60 55 1 0.75
174101 1.01087 100 55 1 0.75
174101 1.01087 48 55 1 0.75
174033 1.01058 21 60 10 0.75
173787 1.08991 12 75 10 0.9
173765 1.36887 18 85 0.6 -0.15
173765 1.36887 18 85 0.6 -10
173765 1.36887 18 85 0.6 0
173765 1.36887 18 85 0.6 -0.45
173765 1.36887 18 85 1 0
173765 1.36887 18 85 1 0.3
173765 1.36887 18 85 1 -0.3
173765 1.36887 18 85 0.6 0.3
173765 1.36887 18 85 1 -0.15
173765 1.36887 18 85 0.6 -0.3
173765 1.36887 18 85 1 -10
173765 1.36887 18 85 1 -0.45
173027 1.02457 100 45 10 1.65
173027 1.02457 48 45 10 1.65
173027 1.02457 48 0 10 1.65
173027 1.02457 36 0 10 1.65
173027 1.02457 100 0 10 1.65
173027 1.02457 60 0 10 1.65
173027 1.02457 60 45 10 1.65
173027 1.02457 36 45 10 1.65
172602 1.23665 24 85 1.4 1.2
172484 1.00679 24 55 10 0.6
172473 1.72477 21 45 -0.8 1.2
172314 1.03878 6 45 0.4 -0.3
172314 1.03878 6 45 0.4 -10
172314 1.03878 6 45 0.4 -0.45
171917 1.12123 36 55 -1 1.65
171917 1.12123 100 65 -1 1.65
171917 1.12123 60 55 -1 1.65
171917 1.12123 48 65 -1 1.65
171917 1.12123 48 55 -1 1.65
171917 1.12123 36 65 -1 1.65
171917 1.12123 60 65 -1 1.65
171917 1.12123 100 55 -1 1.65
171284 1.25463 21 75 -0.6 1.05
171260 1.71269 36 80 10 2.4
171149 1.32189 36 82.5 -0.6 1.5
171149 1.32189 36 82.5 -0.6 1.8
170458 1.21325 36 82.5 1.4 1.8
170458 1.21325 36 82.5 1 1.8
170458 1.21325 36 82.5 0.6 1.8
170221 1.02422 60 55 10 1.65
170221 1.02422 48 55 10 1.65
170221 1.02422 100 55 10 1.65
170221 1.02422 36 55 10 1.65
169291 1.35678 24 85 0.6 1.2
168703 1.00444 48 0 10 0.6
168703 1.00444 100 0 10 0.6
168703 1.00444 60 0 10 0.6
168569 1.09759 48 75 -0.6 1.5
168569 1.09759 60 75 -0.6 1.5
168569 1.09759 100 75 -0.6 1.5
168569 1.09759 36 75 -0.6 1.5
168539 1.00138 24 0 10 -0.45
168488 1.02381 60 77.5 1 0.3
168488 1.02381 48 77.5 1 -0.45
168488 1.02381 60 77.5 1 -0.15
168488 1.02381 36 77.5 1 0
168488 1.02381 60 77.5 1 0
168488 1.02381 48 77.5 1 0.3
168488 1.02381 60 77.5 1 -10
168488 1.02381 36 77.5 1 -0.3
168488 1.02381 60 77.5 1 -0.3
168488 1.02381 36 77.5 1 0.3
168488 1.02381 100 77.5 1 -10
168488 1.02381 60 77.5 1 -0.45
168488 1.02381 100 77.5 1 -0.45
168488 1.02381 100 77.5 1 -0.15
168488 1.02381 48 77.5 1 0
168488 1.02381 48 77.5 1 -10
168488 1.02381 100 77.5 1 -0.3
168488 1.02381 36 77.5 1 -0.45
168488 1.02381 36 77.5 1 -0.15
168488 1.02381 100 77.5 1 0.3
168488 1.02381 48 77.5 1 -0.15
168488 1.02381 100 77.5 1 0
168488 1.02381 48 77.5 1 -0.3
168488 1.02381 36 77.5 1 -10
168342 1.00243 21 45 10 -10
168070 1.0236 60 77.5 1 0.6
168070 1.0236 100 77.5 1 0.6
168070 1.0236 48 77.5 1 0.6
168070 1.0236 36 77.5 1 0.6
168030 1.14733 6 47.5 -0.6 -10
167362 1.23772 36 45 10 2.4
167362 1.23772 36 75 10 2.4
167362 1.23772 36 0 10 2.4
167362 1.23772 36 55 10 2.4
167362 1.23772 36 65 10 2.4
167224 1.02174 100 75 10 1.05
167224 1.02174 60 75 10 1.05
167224 1.02174 48 75 10 1.05
167224 1.02174 36 75 10 1.05
166703 1.01079 100 45 0.8 0.75
166703 1.01079 60 45 0.8 0.75
166703 1.01079 48 45 0.8 0.75
166703 1.01079 36 45 0.8 0.75
166157 1.00177 36 0 10 0
165558 1.24129 21 45 -0.4 1.2
165419 1.04283 100 77.5 1 1.2
165419 1.04283 60 77.5 1 1.2
165419 1.04283 48 77.5 1 1.2
165419 1.04283 36 77.5 1 1.2
165249 1.01955 48 45 10 1.5
165249 1.01955 60 45 10 1.5
165249 1.01955 100 45 10 1.5
165249 1.01955 36 45 10 1.5
164557 1.01193 60 65 10 1.05
164557 1.01193 48 65 10 1.05
164557 1.01193 36 65 10 1.05
164557 1.01193 100 65 10 1.05
164317 1.12245 12 65 0.6 0.6
164056 1.11273 100 80 10 1.8
164056 1.11273 48 80 10 1.8
164056 1.11273 60 80 10 1.8
163712 1.05771 100 82.5 10 -10
163712 1.05771 48 82.5 10 -10
163712 1.05771 100 82.5 10 0
163712 1.05771 48 82.5 10 0
163712 1.05771 60 82.5 10 -10
163712 1.05771 60 82.5 10 0
163540 1.06386 48 82.5 10 0.9
163540 1.06386 48 82.5 10 0.6
163540 1.06386 60 82.5 10 0.6
163540 1.06386 60 82.5 10 0.9
163540 1.06386 100 82.5 10 0.9
163540 1.06386 100 82.5 10 0.6
163202 1.0033 24 45 0.8 -10
163019 1.01972 100 55 10 1.5
163019 1.01972 60 55 10 1.5
163019 1.01972 48 55 10 1.5
163019 1.01972 36 55 10 1.5
162887 1.00643 36 65 10 0.6
162887 1.00643 48 65 10 0.6
162887 1.00643 60 65 10 0.6
162887 1.00643 100 65 10 0.6
161527 1.15809 12 65 -0.6 0
161496 1.22711 21 55 -0.2 1.2
161496 1.22711 21 60 -0.2 1.2
161496 1.22711 21 0 -0.2 1.2
161235 1.14742 18 75 -0.6 0.6
160633 1.09366 21 75 -0.6 0.75
160400 1.07344 12 65 1 0.6
160239 1.01712 48 0 10 1.35
160239 1.01712 60 0 10 1.35
160239 1.01712 100 0 10 1.35
160239 1.01712 36 0 10 1.35
159370 1.00323 36 0 1 0
159370 1.00323 60 0 1 0
159370 1.00323 100 0 1 0
159370 1.00323 48 0 1 0
158736 1.00805 60 55 10 0.9
158736 1.00805 100 55 10 0.9
158736 1.00805 48 55 10 0.9
158736 1.00805 36 55 10 0.9
158404 1.01874 100 0 10 1.5
158404 1.01874 60 0 10 1.5
158404 1.01874 48 0 10 1.5
158404 1.01874 36 0 10 1.5
158386 1.02815 60 77.5 0.6 0.9
158386 1.02815 48 77.5 0.6 0.9
158386 1.02815 100 77.5 0.6 0.9
158386 1.02815 36 77.5 0.6 0.9
156770 1.00416 36 55 1 0
156770 1.00416 48 55 1 0
156770 1.00416 60 55 1 0
156770 1.00416 100 55 1 0
156613 1.08523 12 60 -0.2 0.45
155955 1.00804 100 45 0.8 0.6
155955 1.00804 48 45 0.8 0.6
155955 1.00804 36 45 0.8 0.6
155955 1.00804 60 45 0.8 0.6
155871 1.01673 36 45 10 1.35
155871 1.01673 60 45 10 1.35
155871 1.01673 48 45 10 1.35
155871 1.01673 100 45 10 1.35
154855 1.11229 36 82.5 -0.6 -10
154855 1.11229 36 82.5 -0.6 0
154828 1.03579 48 77.5 1.4 1.2
154828 1.03579 100 77.5 1.4 1.2
154828 1.03579 60 77.5 1.4 1.2
154828 1.03579 36 77.5 1.4 1.2
154689 1.10929 36 82.5 -0.6 0.6
154689 1.10929 36 82.5 -0.6 0.75
154244 1.00378 36 55 1 -10
154244 1.00378 48 55 1 -10
154244 1.00378 100 55 1 -10
154244 1.00378 60 55 1 -10
153331 1.25959 12 60 -1 0.45
152590 1.04624 60 77.5 -0.6 -10
152590 1.04624 100 77.5 -0.6 -0.15
152590 1.04624 100 77.5 -0.6 -0.3
152590 1.04624 100 77.5 -0.6 -0.45
152590 1.04624 100 77.5 -0.6 0.3
152590 1.04624 36 77.5 -0.6 -10
152590 1.04624 36 77.5 -0.6 -0.45
152590 1.04624 48 77.5 -0.6 -10
152590 1.04624 36 77.5 -0.6 -0.15
152590 1.04624 48 77.5 -0.6 -0.45
152590 1.04624 60 77.5 -0.6 0
152590 1.04624 48 77.5 -0.6 -0.15
152590 1.04624 48 77.5 -0.6 -0.3
152590 1.04624 48 77.5 -0.6 0.3
152590 1.04624 36 77.5 -0.6 0
152590 1.04624 60 77.5 -0.6 -0.45
152590 1.04624 100 77.5 -0.6 0
152590 1.04624 48 77.5 -0.6 0
152590 1.04624 36 77.5 -0.6 -0.3
152590 1.04624 36 77.5 -0.6 0.3
152590 1.04624 60 77.5 -0.6 0.3
152590 1.04624 60 77.5 -0.6 -0.3
152590 1.04624 100 77.5 -0.6 -10
152590 1.04624 60 77.5 -0.6 -0.15
152198 1.04667 100 77.5 -0.6 0.6
152198 1.04667 48 77.5 -0.6 0.6
152198 1.04667 60 77.5 -0.6 0.6
152198 1.04667 36 77.5 -0.6 0.6
152087 1.00443 48 65 10 0
152087 1.00443 100 65 10 0
152087 1.00443 100 65 10 -10
152087 1.00443 60 65 10 -10
152087 1.00443 36 65 10 -10
152087 1.00443 60 65 10 0
152087 1.00443 36 65 10 0
152087 1.00443 48 65 10 -10
151805 1.00091 36 0 10 -10
151798 1.15932 100 0 -1 1.8
151798 1.15932 48 65 -1 1.8
151798 1.15932 60 65 -1 1.8
151798 1.15932 48 55 -1 1.8
151798 1.15932 60 55 -1 1.8
151798 1.15932 36 65 -1 1.8
151798 1.15932 100 65 -1 1.8
151798 1.15932 60 0 -1 1.8
151798 1.15932 36 55 -1 1.8
151798 1.15932 36 0 -1 1.8
151798 1.15932 48 0 -1 1.8
151798 1.15932 100 55 -1 1.8
151725 1.07155 100 77.5 -0.6 1.2
151725 1.07155 36 77.5 -0.6 1.2
151725 1.07155 48 77.5 -0.6 1.2
151725 1.07155 60 77.5 -0.6 1.2
151617 1.0617 21 75 -0.6 0.3
149940 1.0015 60 0 10 0
149940 1.0015 100 0 10 0
149940 1.0015 48 0 10 0
149266 1.49268 21 70 1.4 1.5
149255 1.03735 36 77.5 0.6 1.2
149255 1.03735 48 77.5 0.6 1.2
149255 1.03735 100 77.5 0.6 1.2
149255 1.03735 60 77.5 0.6 1.2
149158 1.07161 21 75 -0.6 0.6
148757 1.12732 36 82.5 -0.6 1.05
147170 1.01424 48 75 10 0.75
147170 1.01424 100 75 10 0.75
147170 1.01424 60 75 10 0.75
147170 1.01424 36 75 10 0.75
146682 1.15378 36 45 -1.2 1.8
146682 1.15378 60 45 -1.2 1.8
146682 1.15378 48 45 -1.2 1.8
146682 1.15378 100 45 -1.2 1.8
145722 1.01922 36 77.5 1.4 0.75
145722 1.01922 60 77.5 1.4 0.75
145722 1.01922 48 77.5 1.4 0.75
145722 1.01922 100 77.5 1.4 0.75
145572 1.01915 48 77.5 1.4 0
145572 1.01915 60 77.5 1.4 0
145572 1.01915 36 77.5 1.4 -10
145572 1.01915 36 77.5 1.4 0
145572 1.01915 100 77.5 1.4 0
145572 1.01915 60 77.5 1.4 -10
145572 1.01915 48 77.5 1.4 -10
145572 1.01915 100 77.5 1.4 -10
145330 1.05734 21 75 -0.6 0
145330 1.05734 21 75 -0.6 -10
145201 1.01869 36 77.5 1.4 0.6
145201 1.01869 48 77.5 1.4 0.6
145201 1.01869 100 77.5 1.4 0.6
145201 1.01869 60 77.5 1.4 0.6
144613 1.11659 12 65 -0.6 -0.15
144587 1.0072 36 0 10 0.9
144587 1.0072 60 0 10 0.9
144587 1.0072 48 0 10 0.9
144587 1.0072 100 0 10 0.9
144415 1.05251 12 45 0.8 0.6
144004 1.00374 36 0 10 0.6
143173 1.28376 21 55 -0.6 1.2
143173 1.28376 21 70 -0.6 1.2
143173 1.28376 21 60 -0.6 1.2
143173 1.28376 21 65 -0.6 1.2
143173 1.28376 21 75 -0.6 1.2
143173 1.28376 21 0 -0.6 1.2
143173 1.28376 21 67.5 -0.6 1.2
143173 1.28376 21 72.5 -0.6 1.2
142922 1.11244 12 65 -0.6 -0.3
142922 1.11244 12 65 -0.6 -0.45
142922 1.11244 12 65 -0.6 -10
141914 1.0072 24 60 10 0.75
140484 1.02147 48 77.5 0.6 0
140484 1.02147 60 77.5 0.6 -10
140484 1.02147 60 77.5 0.6 0
140484 1.02147 36 77.5 0.6 0
140484 1.02147 48 77.5 0.6 -10
140484 1.02147 100 77.5 0.6 0
140484 1.02147 100 77.5 0.6 -10
140484 1.02147 36 77.5 0.6 -10
140143 1.00698 48 55 1 0.6
140143 1.00698 100 55 1 0.6
140143 1.00698 60 55 1 0.6
140143 1.00698 36 55 1 0.6
140127 1.02106 60 77.5 0.6 0.6
140127 1.02106 100 77.5 0.6 0.75
140127 1.02106 60 77.5 0.6 0.75
140127 1.02106 100 77.5 0.6 0.6
140127 1.02106 48 77.5 0.6 0.6
140127 1.02106 36 77.5 0.6 0.75
140127 1.02106 48 77.5 0.6 0.75
140127 1.02106 36 77.5 0.6 0.6
140102 1.00652 36 0 1 0.6
140102 1.00652 60 0 1 0.6
140102 1.00652 48 0 1 0.6
140102 1.00652 100 0 1 0.6
138726 1.00703 60 45 10 0.9
138726 1.00703 100 45 10 0.9
138726 1.00703 48 45 10 0.9
138726 1.00703 36 45 10 0.9
137552 1.07834 60 65 -0.2 1.8
137552 1.07834 100 0 -0.2 1.8
137552 1.07834 36 65 -0.2 1.8
137552 1.07834 36 45 -0.4 1.8
137552 1.07834 48 0 -0.2 1.8
137552 1.07834 48 65 -0.2 1.8
137552 1.07834 48 55 -0.2 1.8
137552 1.07834 48 45 -0.4 1.8
137552 1.07834 60 45 -0.4 1.8
137552 1.07834 36 0 -0.2 1.8
137552 1.07834 100 65 -0.2 1.8
137552 1.07834 100 55 -0.2 1.8
137552 1.07834 60 0 -0.2 1.8
137552 1.07834 100 45 -0.4 1.8
137552 1.07834 60 55 -0.2 1.8
137552 1.07834 36 55 -0.2 1.8
136660 1.00627 24 55 10 0.75
136511 1.03146 60 75 10 1.5
136511 1.03146 48 75 10 1.5
136511 1.03146 36 75 10 1.5
136511 1.03146 100 75 10 1.5
136272 1.07268 24 85 10 0.6
135733 1.04547 100 77.5 1.4 1.5
135733 1.04547 48 77.5 1.4 1.5
135733 1.04547 36 77.5 1.4 1.5
135733 1.04547 60 77.5 1.4 1.5
135547 1.3555 60 85 1 2.4
135547 1.3555 60 82.5 -0.6 2.4
135547 1.3555 60 82.5 0.6 2.4
135547 1.3555 48 82.5 -0.6 2.4
135547 1.3555 60 82.5 1 2.4
135547 1.3555 100 85 1 2.4
135547 1.3555 100 82.5 1 2.4
135547 1.3555 100 85 -0.6 2.4
135547 1.3555 100 85 1.4 2.4
135547 1.3555 100 82.5 0.6 2.4
135547 1.3555 100 85 0.6 2.4
135547 1.3555 60 82.5 1.4 2.4
135547 1.3555 60 85 0.6 2.4
135547 1.3555 48 82.5 1.4 2.4
135547 1.3555 60 85 -0.6 2.4
135547 1.3555 60 85 1.4 2.4
135547 1.3555 48 82.5 0.6 2.4
135547 1.3555 48 85 1 2.4
135547 1.3555 100 82.5 -0.6 2.4
135547 1.3555 48 82.5 1 2.4
135547 1.3555 48 85 0.6 2.4
135547 1.3555 48 85 1.4 2.4
135547 1.3555 48 85 -0.6 2.4
135547 1.3555 100 82.5 1.4 2.4
135390 1.35398 21 67.5 1 1.5
135390 1.35398 21 60 1 1.5
135390 1.35398 21 0 1 1.5
135390 1.35398 21 55 1 1.5
135381 1.08851 12 60 -0.6 0.45
135070 1.01153 48 75 10 0.6
135070 1.01153 36 75 10 0.6
135070 1.01153 100 75 10 0.6
135070 1.01153 60 75 10 0.6
134930 1.01113 48 75 10 0
134930 1.01113 60 75 10 0
134930 1.01113 100 75 10 0
134930 1.01113 36 75 10 0
134930 1.01113 60 75 10 -10
134930 1.01113 100 75 10 -10
134930 1.01113 36 75 10 -10
134930 1.01113 48 75 10 -10
134798 1.0417 12 75 10 0
134798 1.0417 12 75 10 -10
134780 1.34783 100 77.5 1 2.4
134780 1.34783 48 45 0.8 2.4
134780 1.34783 48 77.5 1 2.4
134780 1.34783 60 55 -1 2.4
134780 1.34783 100 80 1 2.4
134780 1.34783 60 55 1 2.4
134780 1.34783 60 0 -0.6 2.4
134780 1.34783 48 55 -0.6 2.4
134780 1.34783 60 65 1 2.4
134780 1.34783 48 45 -0.4 2.4
134780 1.34783 48 77.5 -0.6 2.4
134780 1.34783 60 77.5 1 2.4
134780 1.34783 100 80 -0.6 2.4
134780 1.34783 60 77.5 0.6 2.4
134780 1.34783 48 80 1 2.4
134780 1.34783 100 80 1.4 2.4
134780 1.34783 100 77.5 1.4 2.4
134780 1.34783 60 65 -0.6 2.4
134780 1.34783 48 0 -1 2.4
134780 1.34783 100 80 0.6 2.4
134780 1.34783 48 77.5 1.4 2.4
134780 1.34783 60 77.5 1.4 2.4
134780 1.34783 48 65 -0.2 2.4
134780 1.34783 100 75 0.6 2.4
134780 1.34783 100 75 1.4 2.4
134780 1.34783 48 80 -0.6 2.4
134780 1.34783 60 65 -0.2 2.4
134780 1.34783 48 45 -0.8 2.4
134780 1.34783 100 75 -0.6 2.4
134780 1.34783 100 75 1 2.4
134780 1.34783 48 77.5 0.6 2.4
134780 1.34783 60 0 -0.2 2.4
134780 1.34783 48 75 0.6 2.4
134780 1.34783 60 65 -1 2.4
134780 1.34783 48 45 -1.2 2.4
0
1146906 18 50 -0.6 0.45