304577 1.0897 12 80 -0.2 -10
304577 1.0897 12 80 -0.2 -0.45
304577 1.0897 12 80 -0.2 -0.15
304577 1.0897 12 80 -0.2 -0.3
294453 1.09365 12 80 -0.2 0
276194 1.07217 12 77.5 -0.2 -0.15
276194 1.07217 12 77.5 -0.2 -0.3
270641 1.07506 12 82.5 0.6 -0.45
270641 1.07506 12 82.5 0.6 -0.15
270641 1.07506 12 82.5 0.6 -10
270641 1.07506 12 82.5 0.6 0
270641 1.07506 12 82.5 0.6 -0.3
266001 1.07004 12 77.5 -0.2 -0.45
266001 1.07004 12 77.5 -0.2 -10
262741 1.07314 12 82.5 1 -0.3
262741 1.07314 12 82.5 1 -0.45
262741 1.07314 12 82.5 1 -10
262741 1.07314 12 82.5 1 -0.15
262741 1.07314 12 82.5 1 0
259941 1.07248 12 82.5 1.4 -0.15
259941 1.07248 12 82.5 1.4 -10
259941 1.07248 12 82.5 1.4 0
259941 1.07248 12 82.5 1.4 -0.3
259941 1.07248 12 82.5 1.4 -0.45
259488 1.07886 12 77.5 -0.2 0
252965 1.06832 12 82.5 10 0
252965 1.06832 12 82.5 10 -0.3
252965 1.06832 12 82.5 10 -0.15
252965 1.06832 12 82.5 10 -0.45
252965 1.06832 12 82.5 10 -10
250246 1.14103 57 80 -1 -0.45
250246 1.14103 66 80 -1 -0.15
250246 1.14103 66 80 -1 -0.3
250246 1.14103 66 80 -1 -0.45
250246 1.14103 54 80 -1 -10
250246 1.14103 54 80 -1 -0.45
250246 1.14103 54 80 -1 -0.15
250246 1.14103 66 80 -1 -10
250246 1.14103 54 80 -1 -0.3
250246 1.14103 48 80 -1 -0.45
250246 1.14103 51 80 -1 -10
250246 1.14103 48 80 -1 -0.15
250246 1.14103 57 80 -1 -0.3
250246 1.14103 57 80 -1 -0.15
250246 1.14103 60 80 -1 -10
250246 1.14103 60 80 -1 -0.45
250246 1.14103 60 80 -1 -0.15
250246 1.14103 48 80 -1 -10
250246 1.14103 60 80 -1 -0.3
250246 1.14103 57 80 -1 -10
250246 1.14103 100 80 -1 -10
250246 1.14103 48 80 -1 -0.3
250246 1.14103 51 80 -1 -0.45
250246 1.14103 51 80 -1 -0.15
250246 1.14103 51 80 -1 -0.3
250246 1.14103 100 80 -1 -0.3
250246 1.14103 100 80 -1 -0.15
250246 1.14103 100 80 -1 -0.45
249770 1.16566 36 55 -1 0.3
249770 1.16566 36 0 -1 0.3
239226 1.18591 36 65 -1 0.3
235741 1.15591 12 77.5 -1 -0.3
235741 1.15591 12 77.5 -1 -0.15
235741 1.15591 12 77.5 -1 -10
235741 1.15591 12 77.5 -1 -0.45
233701 1.11739 57 90 0.6 -10
233701 1.11739 66 90 1 -10
233701 1.11739 51 90 1.4 -10
233701 1.11739 51 90 0.6 0
233701 1.11739 51 90 1.4 -0.15
233701 1.11739 51 90 1.4 -0.3
233701 1.11739 51 90 1.4 0
233701 1.11739 60 90 1 -10
233701 1.11739 51 90 0.6 -0.3
233701 1.11739 66 90 1.4 0
233701 1.11739 66 90 1.4 -0.3
233701 1.11739 66 90 1.4 -0.15
233701 1.11739 66 90 1.4 -0.45
233701 1.11739 66 90 1.4 -10
233701 1.11739 66 90 0.6 0
233701 1.11739 66 90 0.6 -0.3
233701 1.11739 51 90 0.6 -0.15
233701 1.11739 51 90 0.6 -0.45
233701 1.11739 51 90 0.6 -10
233701 1.11739 66 90 0.6 -0.15
233701 1.11739 66 90 0.6 -0.45
233701 1.11739 66 90 0.6 -10
233701 1.11739 66 90 10 0
233701 1.11739 51 90 10 0
233701 1.11739 51 90 10 -0.3
233701 1.11739 51 90 10 -0.15
233701 1.11739 66 90 10 -0.3
233701 1.11739 51 90 10 -0.45
233701 1.11739 51 90 10 -10
233701 1.11739 60 90 1 -0.45
233701 1.11739 66 90 10 -0.15
233701 1.11739 66 90 10 -0.45
233701 1.11739 66 90 10 -10
233701 1.11739 51 90 1 -10
233701 1.11739 51 90 1 -0.45
233701 1.11739 51 90 1 -0.15
233701 1.11739 51 90 1 -0.3
233701 1.11739 51 90 1 0
233701 1.11739 54 90 1.4 0
233701 1.11739 57 90 1 -0.3
233701 1.11739 54 90 1.4 -0.3
233701 1.11739 100 90 1.4 0
233701 1.11739 54 90 1.4 -0.15
233701 1.11739 60 90 1.4 0
233701 1.11739 54 90 1 -10
233701 1.11739 54 90 1.4 -0.45
233701 1.11739 54 90 1.4 -10
233701 1.11739 66 90 1 -0.45
233701 1.11739 66 90 1 -0.15
233701 1.11739 66 90 1 -0.3
233701 1.11739 66 90 1 0
233701 1.11739 100 90 1.4 -0.3
233701 1.11739 100 90 1.4 -0.15
233701 1.11739 100 90 1.4 -0.45
233701 1.11739 100 90 1.4 -10
233701 1.11739 100 90 0.6 0
233701 1.11739 54 90 0.6 0
233701 1.11739 54 90 0.6 -0.3
233701 1.11739 54 90 0.6 -0.15
233701 1.11739 54 90 1 -0.45
233701 1.11739 54 90 1 -0.15
233701 1.11739 54 90 0.6 -0.45
233701 1.11739 100 90 0.6 -0.3
233701 1.11739 100 90 0.6 -0.15
233701 1.11739 60 90 1 0
233701 1.11739 100 90 0.6 -0.45
233701 1.11739 60 90 10 -0.15
233701 1.11739 100 90 1 0
233701 1.11739 100 90 0.6 -10
233701 1.11739 100 90 10 0
233701 1.11739 60 90 1.4 -0.3
233701 1.11739 60 90 1.4 -0.15
233701 1.11739 60 90 1.4 -0.45
233701 1.11739 60 90 1.4 -10
233701 1.11739 54 90 0.6 -10
233701 1.11739 48 90 10 -10
233701 1.11739 48 90 10 -0.45
233701 1.11739 48 90 10 -0.15
233701 1.11739 48 90 10 -0.3
233701 1.11739 48 90 10 0
233701 1.11739 48 90 0.6 -10
233701 1.11739 60 90 0.6 0
233701 1.11739 54 90 10 0
233701 1.11739 60 90 10 0
233701 1.11739 57 90 10 -10
233701 1.11739 57 90 10 -0.45
233701 1.11739 48 90 0.6 -0.45
233701 1.11739 48 90 0.6 -0.15
233701 1.11739 48 90 0.6 -0.3
233701 1.11739 57 90 10 -0.15
233701 1.11739 48 90 0.6 0
233701 1.11739 48 90 1.4 -10
233701 1.11739 57 90 10 -0.3
233701 1.11739 60 90 10 -0.45
233701 1.11739 57 90 10 0
233701 1.11739 57 90 0.6 -0.45
233701 1.11739 57 90 0.6 -0.15
233701 1.11739 48 90 1.4 -0.45
233701 1.11739 48 90 1.4 -0.15
233701 1.11739 48 90 1.4 -0.3
233701 1.11739 57 90 0.6 -0.3
233701 1.11739 57 90 0.6 0
233701 1.11739 57 90 1.4 -10
233701 1.11739 60 90 10 -10
233701 1.11739 57 90 1.4 -0.45
233701 1.11739 48 90 1.4 0
233701 1.11739 57 90 1.4 -0.15
233701 1.11739 60 90 1 -0.15
233701 1.11739 57 90 1.4 -0.3
233701 1.11739 60 90 1 -0.3
233701 1.11739 57 90 1.4 0
233701 1.11739 57 90 1 -10
233701 1.11739 57 90 1 -0.45
233701 1.11739 57 90 1 -0.15
233701 1.11739 60 90 0.6 -10
233701 1.11739 57 90 1 0
233701 1.11739 60 90 10 -0.3
233701 1.11739 54 90 1 -0.3
233701 1.11739 48 90 1 -10
233701 1.11739 54 90 10 -0.3
233701 1.11739 100 90 10 -0.3
233701 1.11739 100 90 10 -0.15
233701 1.11739 100 90 10 -0.45
233701 1.11739 100 90 10 -10
233701 1.11739 54 90 10 -0.15
233701 1.11739 48 90 1 -0.45
233701 1.11739 60 90 0.6 -0.3
233701 1.11739 48 90 1 -0.15
233701 1.11739 48 90 1 -0.3
233701 1.11739 100 90 1 -0.3
233701 1.11739 100 90 1 -0.15
233701 1.11739 60 90 0.6 -0.45
233701 1.11739 100 90 1 -0.45
233701 1.11739 54 90 10 -0.45
233701 1.11739 54 90 10 -10
233701 1.11739 48 90 1 0
233701 1.11739 51 90 1.4 -0.45
233701 1.11739 54 90 1 0
233701 1.11739 100 90 1 -10
233701 1.11739 60 90 0.6 -0.15
231157 1.05476 51 80 -0.2 -0.3
231157 1.05476 51 80 -0.2 -0.15
231157 1.05476 60 80 -0.2 -10
231157 1.05476 60 80 -0.2 -0.45
231157 1.05476 66 80 -0.2 -0.15
231157 1.05476 54 80 -0.2 -10
231157 1.05476 54 80 -0.2 -0.45
231157 1.05476 54 80 -0.2 -0.15
231157 1.05476 54 80 -0.2 -0.3
231157 1.05476 36 80 -0.2 -10
231157 1.05476 36 80 -0.2 -0.45
231157 1.05476 36 80 -0.2 -0.15
231157 1.05476 36 80 -0.2 -0.3
231157 1.05476 100 80 -0.2 -0.3
231157 1.05476 100 80 -0.2 -0.15
231157 1.05476 100 80 -0.2 -0.45
231157 1.05476 100 80 -0.2 -10
231157 1.05476 66 80 -0.2 -0.45
231157 1.05476 60 80 -0.2 -0.15
231157 1.05476 60 80 -0.2 -0.3
231157 1.05476 66 80 -0.2 -0.3
231157 1.05476 57 80 -0.2 -0.3
231157 1.05476 57 80 -0.2 -0.15
231157 1.05476 57 80 -0.2 -0.45
231157 1.05476 57 80 -0.2 -10
231157 1.05476 66 80 -0.2 -10
231157 1.05476 51 80 -0.2 -0.45
231157 1.05476 51 80 -0.2 -10
231157 1.05476 24 80 -0.2 -10
231157 1.05476 48 80 -0.2 -0.3
231157 1.05476 48 80 -0.2 -0.15
231157 1.05476 48 80 -0.2 -0.45
231157 1.05476 48 80 -0.2 -10
231157 1.05476 24 80 -0.2 -0.3
231157 1.05476 24 80 -0.2 -0.15
231157 1.05476 24 80 -0.2 -0.45
230417 1.17423 60 80 -1 0
230417 1.17423 66 80 -1 0
230417 1.17423 54 80 -1 0
230417 1.17423 48 80 -1 0
230417 1.17423 51 80 -1 0
230417 1.17423 100 80 -1 0
230417 1.17423 57 80 -1 0
230099 1.15152 24 80 -1 -0.3
230099 1.15152 36 80 -1 -10
230099 1.15152 24 80 -1 -10
230099 1.15152 24 80 -1 -0.45
230099 1.15152 24 80 -1 -0.15
230099 1.15152 36 80 -1 -0.3
230099 1.15152 36 80 -1 -0.15
230099 1.15152 36 80 -1 -0.45
228955 1.14387 57 55 -1 0.3
228955 1.14387 54 55 -1 0.3
228955 1.14387 51 55 -1 0.3
228955 1.14387 57 0 -1 0.3
228955 1.14387 60 0 -1 0.3
228955 1.14387 60 55 -1 0.3
228955 1.14387 51 0 -1 0.3
228955 1.14387 66 55 -1 0.3
228955 1.14387 48 0 -1 0.3
228955 1.14387 54 0 -1 0.3
228955 1.14387 100 55 -1 0.3
228955 1.14387 66 0 -1 0.3
228955 1.14387 48 55 -1 0.3
228955 1.14387 100 0 -1 0.3
226888 1.21222 36 65 -1 0.45
226888 1.21222 36 55 -1 0.45
226888 1.21222 36 0 -1 0.45
225170 1.23378 12 80 -1 -0.3
225170 1.23378 12 80 -1 -10
225170 1.23378 12 80 -1 -0.45
225170 1.23378 12 80 -1 -0.15
223464 1.05603 51 80 -0.2 0
223464 1.05603 48 80 -0.2 0
223464 1.05603 24 80 -0.2 0
223464 1.05603 60 80 -0.2 0
223464 1.05603 57 80 -0.2 0
223464 1.05603 66 80 -0.2 0
223464 1.05603 36 80 -0.2 0
223464 1.05603 54 80 -0.2 0
223464 1.05603 100 80 -0.2 0
221658 1.20761 36 45 -1.2 0.3
221658 1.20761 36 45 -1.2 0.15
221658 1.20761 36 45 -1.2 0.45
219292 1.16049 54 65 -1 0.3
219292 1.16049 57 65 -1 0.3
219292 1.16049 48 65 -1 0.3
219292 1.16049 51 65 -1 0.3
219292 1.16049 100 65 -1 0.3
219292 1.16049 66 65 -1 0.3
219292 1.16049 60 65 -1 0.3
214748 1.22483 66 65 -0.6 0.75
214748 1.22483 57 65 -0.6 0.75
214748 1.22483 36 0 -0.6 0.75
214748 1.22483 54 65 -0.6 0.75
214748 1.22483 60 55 -0.6 0.75
214748 1.22483 36 55 -0.6 0.75
214748 1.22483 66 55 -0.6 0.75
214748 1.22483 100 55 -0.6 0.75
214748 1.22483 57 55 -0.6 0.75
214748 1.22483 100 65 -0.6 0.75
214748 1.22483 54 55 -0.6 0.75
214748 1.22483 51 65 -0.6 0.75
214748 1.22483 36 65 -0.6 0.75
214748 1.22483 51 0 -0.6 0.75
214748 1.22483 48 0 -0.6 0.75
214748 1.22483 66 0 -0.6 0.75
214748 1.22483 54 0 -0.6 0.75
214748 1.22483 57 0 -0.6 0.75
214748 1.22483 51 55 -0.6 0.75
214748 1.22483 48 65 -0.6 0.75
214748 1.22483 60 65 -0.6 0.75
214748 1.22483 100 0 -0.6 0.75
214748 1.22483 48 55 -0.6 0.75
214748 1.22483 60 0 -0.6 0.75
214489 1.03748 36 45 -0.4 -0.15
214489 1.03748 24 45 -0.4 -0.15
214489 1.03748 51 45 -0.4 -0.15
214489 1.03748 54 45 -0.4 -0.15
214489 1.03748 100 45 -0.4 -0.15
214489 1.03748 60 45 -0.4 -0.15
214489 1.03748 66 45 -0.4 -0.15
214489 1.03748 48 45 -0.4 -0.15
214489 1.03748 57 45 -0.4 -0.15
213143 1.03895 36 45 -0.4 0
213143 1.03895 57 45 -0.4 0
213143 1.03895 24 45 -0.4 0
213143 1.03895 48 45 -0.4 0
213143 1.03895 54 45 -0.4 0
213143 1.03895 51 45 -0.4 0
213143 1.03895 66 45 -0.4 0
213143 1.03895 100 45 -0.4 0
213143 1.03895 60 45 -0.4 0
211939 1.18713 48 65 -0.6 0.6
211939 1.18713 66 55 -0.6 0.6
211939 1.18713 51 55 -0.6 0.6
211939 1.18713 60 0 -0.6 0.6
211939 1.18713 100 65 -0.6 0.6
211939 1.18713 36 0 -0.6 0.6
211939 1.18713 100 55 -0.6 0.6
211939 1.18713 54 65 -0.6 0.6
211939 1.18713 54 0 -0.6 0.6
211939 1.18713 60 55 -0.6 0.6
211939 1.18713 48 0 -0.6 0.6
211939 1.18713 48 55 -0.6 0.6
211939 1.18713 100 0 -0.6 0.6
211939 1.18713 60 65 -0.6 0.6
211939 1.18713 57 0 -0.6 0.6
211939 1.18713 54 55 -0.6 0.6
211939 1.18713 66 0 -0.6 0.6
211939 1.18713 57 65 -0.6 0.6
211939 1.18713 51 65 -0.6 0.6
211939 1.18713 36 55 -0.6 0.6
211939 1.18713 36 65 -0.6 0.6
211939 1.18713 57 55 -0.6 0.6
211939 1.18713 51 0 -0.6 0.6
211939 1.18713 66 65 -0.6 0.6
211866 1.19555 36 80 -1 0
211866 1.19555 24 80 -1 0
211499 1.03576 12 0 -0.2 -0.15
211399 1.04173 12 45 -0.4 -0.15
210932 1.2474 12 77.5 -1 0
210644 1.15679 36 87.5 -0.6 0.15
210644 1.15679 66 87.5 -0.6 0.15
210644 1.15679 60 87.5 -0.6 0.15
210644 1.15679 57 87.5 -0.6 0.15
210644 1.15679 100 87.5 -0.6 0.15
210644 1.15679 48 87.5 -0.6 0.15
210644 1.15679 51 87.5 -0.6 0.15
210644 1.15679 54 87.5 -0.6 0.15
210523 1.15172 24 0 -1 0.3
210523 1.15172 24 55 -1 0.3
209578 1.04983 12 65 -0.6 -0.3
209578 1.04983 12 65 -0.6 -0.15
208631 1.04969 12 0 -0.6 -0.15
208631 1.04969 12 55 -0.6 -0.15
208552 1.03619 24 45 -0.4 -0.3
208552 1.03619 48 45 -0.4 -0.3
208552 1.03619 60 45 -0.4 -0.3
208552 1.03619 66 45 -0.4 -0.3
208552 1.03619 100 45 -0.4 -0.3
208552 1.03619 51 45 -0.4 -0.3
208552 1.03619 57 45 -0.4 -0.3
208552 1.03619 36 45 -0.4 -0.3
208552 1.03619 54 45 -0.4 -0.3
208377 1.0468 12 55 -0.6 -0.45
208377 1.0468 12 55 -0.6 -10
208179 1.04953 12 55 -0.6 -0.3
207981 1.18172 60 0 -1 0.45
207981 1.18172 60 65 -1 0.45
207981 1.18172 54 55 -1 0.45
207981 1.18172 66 65 -1 0.45
207981 1.18172 48 65 -1 0.45
207981 1.18172 100 65 -1 0.45
207981 1.18172 57 55 -1 0.45
207981 1.18172 54 0 -1 0.45
207981 1.18172 51 0 -1 0.45
207981 1.18172 66 55 -1 0.45
207981 1.18172 66 0 -1 0.45
207981 1.18172 54 65 -1 0.45
207981 1.18172 57 0 -1 0.45
207981 1.18172 51 65 -1 0.45
207981 1.18172 60 55 -1 0.45
207981 1.18172 51 55 -1 0.45
207981 1.18172 100 55 -1 0.45
207981 1.18172 48 55 -1 0.45
207981 1.18172 57 65 -1 0.45
207981 1.18172 100 0 -1 0.45
207981 1.18172 48 0 -1 0.45
207453 1.15464 24 75 -0.6 0.45
207325 1.36112 12 80 -1 0
207096 1.05751 36 85 1 -0.3
207096 1.05751 57 85 1 0
207096 1.05751 51 85 1 -0.45
207096 1.05751 57 85 1 -0.3
207096 1.05751 24 85 1 -0.45
207096 1.05751 24 85 1 -0.15
207096 1.05751 48 85 1 -0.45
207096 1.05751 24 85 1 -0.3
207096 1.05751 57 85 1 -0.15
207096 1.05751 57 85 1 -0.45
207096 1.05751 24 85 1 0
207096 1.05751 60 85 1 -10
207096 1.05751 57 85 1 -10
207096 1.05751 36 85 1 -10
207096 1.05751 66 85 1 -10
207096 1.05751 60 85 1 0
207096 1.05751 54 85 1 -10
207096 1.05751 60 85 1 -0.45
207096 1.05751 36 85 1 -0.45
207096 1.05751 60 85 1 -0.15
207096 1.05751 54 85 1 -0.45
207096 1.05751 36 85 1 -0.15
207096 1.05751 36 85 1 0
207096 1.05751 48 85 1 0
207096 1.05751 60 85 1 -0.3
207096 1.05751 54 85 1 -0.15
207096 1.05751 54 85 1 -0.3
207096 1.05751 24 85 1 -10
207096 1.05751 54 85 1 0
207096 1.05751 48 85 1 -0.15
207096 1.05751 51 85 1 -10
207096 1.05751 66 85 1 -0.45
207096 1.05751 48 85 1 -0.3
207096 1.05751 51 85 1 -0.15
207096 1.05751 51 85 1 0
207096 1.05751 100 85 1 0
207096 1.05751 48 85 1 -10
207096 1.05751 100 85 1 -10
207096 1.05751 51 85 1 -0.3
207096 1.05751 100 85 1 -0.3
207096 1.05751 100 85 1 -0.15
207096 1.05751 66 85 1 -0.15
207096 1.05751 100 85 1 -0.45
207096 1.05751 66 85 1 0
207096 1.05751 66 85 1 -0.3
206748 1.03538 100 65 -0.2 0
206748 1.03538 36 65 -0.2 0
206748 1.03538 48 65 -0.2 0
206748 1.03538 24 65 -0.2 0
206748 1.03538 54 65 -0.2 0
206748 1.03538 57 65 -0.2 0
206748 1.03538 60 65 -0.2 0
206748 1.03538 66 65 -0.2 0
206748 1.03538 51 65 -0.2 0
205938 1.21353 60 75 -0.6 0.75
205938 1.21353 51 75 -0.6 0.75
205938 1.21353 48 75 -0.6 0.75
205938 1.21353 54 75 -0.6 0.75
205938 1.21353 100 75 -0.6 0.75
205938 1.21353 36 75 -0.6 0.75
205938 1.21353 66 75 -0.6 0.75
205938 1.21353 57 75 -0.6 0.75
205903 1.05711 60 85 1.4 -0.15
205903 1.05711 60 85 1.4 -0.3
205903 1.05711 60 85 1.4 -0.45
205903 1.05711 36 85 1.4 -10
205903 1.05711 24 85 1.4 0
205903 1.05711 54 85 1.4 0
205903 1.05711 24 85 1.4 -0.3
205903 1.05711 24 85 1.4 -0.15
205903 1.05711 24 85 1.4 -0.45
205903 1.05711 54 85 1.4 -0.3
205903 1.05711 54 85 1.4 -0.15
205903 1.05711 54 85 1.4 -0.45
205903 1.05711 24 85 1.4 -10
205903 1.05711 54 85 1.4 -10
205903 1.05711 51 85 1.4 -10
205903 1.05711 51 85 1.4 -0.45
205903 1.05711 51 85 1.4 -0.15
205903 1.05711 51 85 1.4 -0.3
205903 1.05711 51 85 1.4 0
205903 1.05711 36 85 1.4 -0.45
205903 1.05711 36 85 1.4 -0.15
205903 1.05711 36 85 1.4 -0.3
205903 1.05711 60 85 1.4 0
205903 1.05711 36 85 1.4 0
205903 1.05711 60 85 1.4 -10
205903 1.05711 66 85 1.4 -10
205903 1.05711 100 85 1.4 -10
205903 1.05711 100 85 1.4 -0.45
205903 1.05711 66 85 1.4 0
205903 1.05711 66 85 1.4 -0.3
205903 1.05711 100 85 1.4 -0.15
205903 1.05711 100 85 1.4 -0.3
205903 1.05711 100 85 1.4 0
205903 1.05711 48 85 1.4 -10
205903 1.05711 57 85 1.4 0
205903 1.05711 57 85 1.4 -10
205903 1.05711 48 85 1.4 -0.45
205903 1.05711 48 85 1.4 0
205903 1.05711 57 85 1.4 -0.3
205903 1.05711 48 85 1.4 -0.15
205903 1.05711 57 85 1.4 -0.15
205903 1.05711 66 85 1.4 -0.45
205903 1.05711 57 85 1.4 -0.45
205903 1.05711 66 85 1.4 -0.15
205903 1.05711 48 85 1.4 -0.3
205559 1.11905 12 77.5 -0.6 -0.15
205559 1.11905 12 77.5 -0.6 -0.3
204498 1.04849 12 65 -0.6 -10
204498 1.04849 12 65 -0.6 -0.45
204034 1.04158 12 75 -0.2 -0.15
204034 1.04158 12 75 -0.2 -0.3
203837 1.03949 12 65 -0.2 0
203244 1.17809 36 75 -0.6 0.6
203244 1.17809 51 75 -0.6 0.6
203244 1.17809 60 75 -0.6 0.6
203244 1.17809 66 75 -0.6 0.6
203244 1.17809 54 75 -0.6 0.6
203244 1.17809 57 75 -0.6 0.6
203244 1.17809 100 75 -0.6 0.6
203244 1.17809 48 75 -0.6 0.6
203166 1.03898 54 55 -0.6 -10
203166 1.03898 48 55 -0.6 -10
203166 1.03898 51 55 -0.6 -10
203166 1.03898 66 55 -0.6 -10
203166 1.03898 24 55 -0.6 -10
203166 1.03898 60 55 -0.6 -10
203166 1.03898 36 55 -0.6 -10
203166 1.03898 57 55 -0.6 -10
203166 1.03898 100 55 -0.6 -10
203104 1.05617 66 85 0.6 -10
203104 1.05617 48 85 0.6 -0.45
203104 1.05617 54 85 0.6 -0.15
203104 1.05617 48 85 0.6 -0.15
203104 1.05617 24 85 0.6 -10
203104 1.05617 66 85 0.6 -0.3
203104 1.05617 48 85 0.6 -0.3
203104 1.05617 24 85 0.6 0
203104 1.05617 51 85 0.6 -0.3
203104 1.05617 66 85 0.6 -0.15
203104 1.05617 60 85 0.6 -10
203104 1.05617 48 85 0.6 -10
203104 1.05617 100 85 0.6 -10
203104 1.05617 100 85 0.6 -0.45
203104 1.05617 100 85 0.6 -0.15
203104 1.05617 100 85 0.6 -0.3
203104 1.05617 51 85 0.6 0
203104 1.05617 36 85 0.6 -0.45
203104 1.05617 36 85 0.6 -0.15
203104 1.05617 36 85 0.6 -0.3
203104 1.05617 54 85 0.6 -0.3
203104 1.05617 36 85 0.6 0
203104 1.05617 100 85 0.6 0
203104 1.05617 54 85 0.6 0
203104 1.05617 57 85 0.6 -10
203104 1.05617 51 85 0.6 -0.15
203104 1.05617 51 85 0.6 -0.45
203104 1.05617 66 85 0.6 -0.45
203104 1.05617 54 85 0.6 -10
203104 1.05617 60 85 0.6 0
203104 1.05617 51 85 0.6 -10
203104 1.05617 57 85 0.6 -0.45
203104 1.05617 57 85 0.6 -0.15
203104 1.05617 57 85 0.6 -0.3
203104 1.05617 54 85 0.6 -0.45
203104 1.05617 66 85 0.6 0
203104 1.05617 48 85 0.6 0
203104 1.05617 60 85 0.6 -0.45
203104 1.05617 57 85 0.6 0
203104 1.05617 24 85 0.6 -0.3
203104 1.05617 36 85 0.6 -10
203104 1.05617 60 85 0.6 -0.3
203104 1.05617 24 85 0.6 -0.15
203104 1.05617 24 85 0.6 -0.45
203104 1.05617 60 85 0.6 -0.15
203054 1.03926 12 55 -0.2 0
203054 1.03926 12 0 -0.2 0
202405 1.03932 12 45 -0.4 -0.3
202313 1.03372 12 55 -0.2 -0.15
202079 1.03519 12 65 -0.2 -0.3
202079 1.03519 12 65 -0.2 -0.15
201857 1.1038 48 80 -0.6 -10
201857 1.1038 36 80 -0.6 -10
201857 1.1038 66 80 -0.6 -10
201857 1.1038 57 80 -0.6 -10
201857 1.1038 51 80 -0.6 -10
201857 1.1038 60 80 -0.6 -10
201857 1.1038 100 80 -0.6 -10
201857 1.1038 54 80 -0.6 -10
201809 1.18022 57 87.5 -0.6 0.3
201809 1.18022 54 87.5 -0.6 0.3
201809 1.18022 60 87.5 -0.6 0.3
201809 1.18022 51 87.5 -0.6 0.3
201809 1.18022 66 87.5 -0.6 0.3
201809 1.18022 48 87.5 -0.6 0.3
201809 1.18022 36 87.5 -0.6 0.3
201809 1.18022 100 87.5 -0.6 0.3
201694 1.09801 66 45 -0.4 0.6
201694 1.09801 36 45 -0.4 0.6
201694 1.09801 60 45 -0.4 0.6
201694 1.09801 51 45 -0.4 0.6
201694 1.09801 24 45 -0.4 0.6
201694 1.09801 54 45 -0.4 0.6
201694 1.09801 100 45 -0.4 0.6
201694 1.09801 57 45 -0.4 0.6
201694 1.09801 48 45 -0.4 0.6
201637 1.17293 24 65 -1 0.3
200988 1.21953 100 87.5 -0.6 0.45
200988 1.21953 51 87.5 -0.6 0.45
200988 1.21953 54 87.5 -0.6 0.45
200988 1.21953 36 87.5 -0.6 0.45
200988 1.21953 57 87.5 -0.6 0.45
200988 1.21953 66 87.5 -0.6 0.45
200988 1.21953 60 87.5 -0.6 0.45
200988 1.21953 48 87.5 -0.6 0.45
200875 1.05167 24 85 10 -0.45
200875 1.05167 66 85 10 -0.45
200875 1.05167 66 85 10 -10
200875 1.05167 100 85 10 -0.45
200875 1.05167 100 85 10 -10
200875 1.05167 100 85 10 -0.3
200875 1.05167 100 85 10 -0.15
200875 1.05167 54 85 10 -10
200875 1.05167 24 85 10 -0.15
200875 1.05167 54 85 10 -0.45
200875 1.05167 36 85 10 -10
200875 1.05167 100 85 10 0
200875 1.05167 36 85 10 -0.45
200875 1.05167 36 85 10 -0.15
200875 1.05167 48 85 10 -10
200875 1.05167 66 85 10 0
200875 1.05167 36 85 10 -0.3
200875 1.05167 36 85 10 0
200875 1.05167 48 85 10 -0.15
200875 1.05167 51 85 10 0
200875 1.05167 60 85 10 0
200875 1.05167 54 85 10 -0.15
200875 1.05167 66 85 10 -0.3
200875 1.05167 66 85 10 -0.15
200875 1.05167 48 85 10 -0.45
200875 1.05167 54 85 10 -0.3
200875 1.05167 54 85 10 0
200875 1.05167 51 85 10 -0.3
200875 1.05167 48 85 10 0
200875 1.05167 51 85 10 -0.15
200875 1.05167 60 85 10 -10
200875 1.05167 51 85 10 -0.45
200875 1.05167 48 85 10 -0.3
200875 1.05167 60 85 10 -0.45
200875 1.05167 60 85 10 -0.15
200875 1.05167 51 85 10 -10
200875 1.05167 57 85 10 -10
200875 1.05167 57 85 10 -0.45
200875 1.05167 24 85 10 -0.3
200875 1.05167 57 85 10 -0.15
200875 1.05167 57 85 10 0
200875 1.05167 24 85 10 -10
200875 1.05167 60 85 10 -0.3
200875 1.05167 24 85 10 0
200875 1.05167 57 85 10 -0.3
200475 1.044 12 45 -0.4 0
200362 1.0338 57 0 -0.2 0
200362 1.0338 48 0 -0.2 0
200362 1.0338 51 0 -0.2 0
200362 1.0338 100 0 -0.2 0
200362 1.0338 24 55 -0.2 0
200362 1.0338 51 55 -0.2 0
200362 1.0338 60 55 -0.2 0
200362 1.0338 36 55 -0.2 0
200362 1.0338 36 0 -0.2 0
200362 1.0338 100 55 -0.2 0
200362 1.0338 57 55 -0.2 0
200362 1.0338 54 55 -0.2 0
200362 1.0338 48 55 -0.2 0
200362 1.0338 60 0 -0.2 0
200362 1.0338 54 0 -0.2 0
200362 1.0338 66 55 -0.2 0
200362 1.0338 66 0 -0.2 0
200362 1.0338 24 0 -0.2 0
200354 1.29749 51 90 -0.6 -0.15
200354 1.29749 66 90 -0.6 -10
200354 1.29749 100 90 -0.6 0
200354 1.29749 51 90 -0.6 -0.45
200354 1.29749 51 90 -0.6 -10
200354 1.29749 48 90 -0.6 0
200354 1.29749 66 90 -0.6 -0.45
200354 1.29749 60 90 -0.6 -10
200354 1.29749 60 90 -0.6 -0.15
200354 1.29749 100 90 -0.6 -0.45
200354 1.29749 51 90 -0.6 -0.3
200354 1.29749 51 90 -0.6 0
200354 1.29749 60 90 -0.6 0
200354 1.29749 54 90 -0.6 0
200354 1.29749 48 90 -0.6 -0.3
200354 1.29749 100 90 -0.6 -0.15
200354 1.29749 66 90 -0.6 -0.15
200354 1.29749 66 90 -0.6 -0.3
200354 1.29749 100 90 -0.6 -0.3
200354 1.29749 48 90 -0.6 -0.15
200354 1.29749 60 90 -0.6 -0.45
200354 1.29749 48 90 -0.6 -10
200354 1.29749 48 90 -0.6 -0.45
200354 1.29749 100 90 -0.6 -10
200354 1.29749 66 90 -0.6 0
200354 1.29749 54 90 -0.6 -10
200354 1.29749 57 90 -0.6 -10
200354 1.29749 60 90 -0.6 -0.3
200354 1.29749 54 90 -0.6 -0.3
200354 1.29749 57 90 -0.6 -0.45
200354 1.29749 57 90 -0.6 -0.15
200354 1.29749 57 90 -0.6 -0.3
200354 1.29749 57 90 -0.6 0
200354 1.29749 54 90 -0.6 -0.15
200354 1.29749 54 90 -0.6 -0.45
200208 1.44823 66 80 -0.6 0.75
200208 1.44823 57 85 -0.6 0.75
200208 1.44823 48 80 -0.6 0.75
200208 1.44823 54 80 -0.6 0.75
200208 1.44823 48 85 -0.6 0.75
200208 1.44823 51 85 -0.6 0.75
200208 1.44823 100 80 -0.6 0.75
200208 1.44823 60 80 -0.6 0.75
200208 1.44823 66 85 -0.6 0.75
200208 1.44823 51 80 -0.6 0.75
200208 1.44823 60 85 -0.6 0.75
200208 1.44823 36 85 -0.6 0.75
200208 1.44823 36 80 -0.6 0.75
200208 1.44823 54 85 -0.6 0.75
200208 1.44823 100 85 -0.6 0.75
200208 1.44823 57 80 -0.6 0.75
199762 1.13373 12 80 -0.6 -0.3
199762 1.13373 12 80 -0.6 -0.15
199762 1.13373 12 80 -0.6 -10
199762 1.13373 12 80 -0.6 -0.45
199563 1.133 12 82.5 -0.6 -0.45
199563 1.133 12 82.5 -0.6 -10
199563 1.133 12 82.5 -0.6 -0.3
199563 1.133 12 82.5 -0.6 -0.15
199169 1.03065 51 0 -0.2 -0.15
199169 1.03065 24 0 -0.2 -0.15
199169 1.03065 48 0 -0.2 -0.15
199169 1.03065 57 0 -0.2 -0.15
199169 1.03065 60 0 -0.2 -0.15
199169 1.03065 36 0 -0.2 -0.15
199169 1.03065 66 0 -0.2 -0.15
199169 1.03065 54 0 -0.2 -0.15
199169 1.03065 100 0 -0.2 -0.15
198582 1.03648 12 45 -0.4 -10
198582 1.03648 12 45 -0.4 -0.45
197961 1.11489 12 77.5 -0.6 -0.45
197961 1.11489 12 77.5 -0.6 -10
197786 1.04002 12 75 -0.2 -0.45
197786 1.04002 12 75 -0.2 -10
197585 1.28443 48 85 -0.6 0.6
197585 1.28443 51 85 -0.6 0.6
197585 1.28443 54 80 -0.6 0.6
197585 1.28443 66 85 -0.6 0.6
197585 1.28443 54 85 -0.6 0.6
197585 1.28443 48 80 -0.6 0.6
197585 1.28443 60 85 -0.6 0.6
197585 1.28443 57 85 -0.6 0.6
197585 1.28443 36 85 -0.6 0.6
197585 1.28443 60 80 -0.6 0.6
197585 1.28443 100 85 -0.6 0.6
197585 1.28443 100 80 -0.6 0.6
197585 1.28443 36 80 -0.6 0.6
197585 1.28443 51 80 -0.6 0.6
197585 1.28443 66 80 -0.6 0.6
197585 1.28443 57 80 -0.6 0.6
197203 1.28235 51 80 -1 0.6
197203 1.28235 100 80 -1 0.6
197203 1.28235 48 80 -1 0.6
197203 1.28235 48 80 -1 0.3
197203 1.28235 54 80 -1 0.6
197203 1.28235 66 80 -1 0.3
197203 1.28235 66 80 -1 0.6
197203 1.28235 60 80 -1 0.3
197203 1.28235 54 80 -1 0.3
197203 1.28235 57 80 -1 0.3
197203 1.28235 51 80 -1 0.3
197203 1.28235 60 80 -1 0.6
197203 1.28235 100 80 -1 0.3
197203 1.28235 57 80 -1 0.6
197170 1.03414 12 65 -0.2 -10
197170 1.03414 12 65 -0.2 -0.45
196326 1.16578 24 45 -1.2 0.15
195212 1.15051 12 82.5 -0.6 0
195154 1.11191 57 80 -0.6 0
195154 1.11191 60 80 -0.6 0
195154 1.11191 54 80 -0.6 0
195154 1.11191 48 80 -0.6 0
195154 1.11191 66 80 -0.6 0
195154 1.11191 36 80 -0.6 0
195154 1.11191 100 80 -0.6 0
195154 1.11191 51 80 -0.6 0
194716 1.03112 60 65 -0.2 -10
194716 1.03112 48 65 -0.2 -0.45
194716 1.03112 48 65 -0.2 -10
194716 1.03112 100 65 -0.2 -0.3
194716 1.03112 48 65 -0.2 -0.15
194716 1.03112 66 65 -0.2 -10
194716 1.03112 24 65 -0.2 -10
194716 1.03112 48 65 -0.2 -0.3
194716 1.03112 66 65 -0.2 -0.3
194716 1.03112 100 65 -0.2 -0.45
194716 1.03112 66 65 -0.2 -0.15
194716 1.03112 66 65 -0.2 -0.45
194716 1.03112 100 65 -0.2 -0.15
194716 1.03112 60 65 -0.2 -0.45
194716 1.03112 100 65 -0.2 -10
194716 1.03112 51 65 -0.2 -10
194716 1.03112 36 65 -0.2 -10
194716 1.03112 24 65 -0.2 -0.45
194716 1.03112 24 65 -0.2 -0.15
194716 1.03112 24 65 -0.2 -0.3
194716 1.03112 60 65 -0.2 -0.15
194716 1.03112 51 65 -0.2 -0.45
194716 1.03112 51 65 -0.2 -0.15
194716 1.03112 51 65 -0.2 -0.3
194716 1.03112 54 65 -0.2 -0.15
194716 1.03112 54 65 -0.2 -0.45
194716 1.03112 57 65 -0.2 -0.3
194716 1.03112 36 65 -0.2 -0.45
194716 1.03112 54 65 -0.2 -0.3
194716 1.03112 57 65 -0.2 -0.15
194716 1.03112 57 65 -0.2 -0.45
194716 1.03112 54 65 -0.2 -10
194716 1.03112 60 65 -0.2 -0.3
194716 1.03112 57 65 -0.2 -10
194716 1.03112 36 65 -0.2 -0.15
194716 1.03112 36 65 -0.2 -0.3
194502 1.94514 60 90 1.4 1.2
194502 1.94514 51 90 0.6 1.2
194502 1.94514 48 90 0.6 1.2
194502 1.94514 60 90 0.6 1.2
194502 1.94514 48 90 1.4 1.2
194502 1.94514 57 90 1 1.2
194502 1.94514 51 90 1.4 1.2
194502 1.94514 48 90 -0.6 1.2
194502 1.94514 57 90 -0.6 1.2
194502 1.94514 57 90 1.4 1.2
194502 1.94514 66 90 1 1.2
194502 1.94514 57 90 0.6 1.2
194502 1.94514 51 90 10 1.2
194502 1.94514 60 90 -0.6 1.2
194502 1.94514 57 90 10 1.2
194502 1.94514 48 90 10 1.2
194502 1.94514 48 90 1 1.2
194502 1.94514 51 90 -0.6 1.2
194502 1.94514 66 90 -0.6 1.2
194502 1.94514 100 90 10 1.2
194502 1.94514 100 90 0.6 1.2
194502 1.94514 66 90 1.4 1.2
194502 1.94514 100 90 1.4 1.2
194502 1.94514 100 90 -0.6 1.2
194502 1.94514 60 90 10 1.2
194502 1.94514 60 90 1 1.2
194502 1.94514 100 90 1 1.2
194502 1.94514 54 90 1.4 1.2
194502 1.94514 54 90 1 1.2
194502 1.94514 51 90 1 1.2
194502 1.94514 66 90 10 1.2
194502 1.94514 54 90 10 1.2
194502 1.94514 66 90 0.6 1.2
194502 1.94514 54 90 0.6 1.2
194502 1.94514 54 90 -0.6 1.2
194119 1.2123 24 55 -0.6 0.6
194119 1.2123 24 65 -0.6 0.6
194119 1.2123 24 0 -0.6 0.6
194008 1.20914 100 0 -1 0.6
194008 1.20914 60 55 -1 0.6
194008 1.20914 51 0 -1 0.6
194008 1.20914 100 65 -1 0.6
194008 1.20914 48 0 -1 0.6
194008 1.20914 60 65 -1 0.6
194008 1.20914 51 65 -1 0.6
194008 1.20914 57 55 -1 0.6
194008 1.20914 48 55 -1 0.6
194008 1.20914 100 55 -1 0.6
194008 1.20914 48 65 -1 0.6
194008 1.20914 57 0 -1 0.6
194008 1.20914 66 55 -1 0.6
194008 1.20914 54 0 -1 0.6
194008 1.20914 54 65 -1 0.6
194008 1.20914 54 55 -1 0.6
194008 1.20914 66 0 -1 0.6
194008 1.20914 66 65 -1 0.6
194008 1.20914 51 55 -1 0.6
194008 1.20914 60 0 -1 0.6
194008 1.20914 57 65 -1 0.6
193746 1.05189 12 80 1 -0.45
193746 1.05189 12 80 1 -10
193746 1.05189 12 80 1 0
193746 1.05189 12 80 1 -0.3
193746 1.05189 12 80 1 -0.15
193689 1.27695 60 87.5 -0.6 0.6
193689 1.27695 36 87.5 -0.6 0.6
193689 1.27695 48 87.5 -0.6 0.6
193689 1.27695 57 87.5 -0.6 0.6
193689 1.27695 54 87.5 -0.6 0.6
193689 1.27695 66 87.5 -0.6 0.6
193689 1.27695 100 87.5 -0.6 0.6
193689 1.27695 51 87.5 -0.6 0.6
193166 1.20813 54 45 -0.8 0.6
193166 1.20813 51 45 -0.8 0.6
193166 1.20813 100 45 -0.8 0.6
193166 1.20813 60 45 -0.8 0.6
193166 1.20813 66 45 -0.8 0.6
193166 1.20813 48 45 -0.8 0.6
193166 1.20813 57 45 -0.8 0.6
193120 1.14888 12 80 -0.6 0
193120 1.14888 12 77.5 -0.6 0
192756 1.92768 100 65 -0.6 1.05
192756 1.92768 51 80 -0.6 0.9
192756 1.92768 48 87.5 -0.6 0.9
192756 1.92768 48 87.5 -0.6 1.2
192756 1.92768 36 75 -0.6 1.2
192756 1.92768 36 75 -0.6 0.9
192756 1.92768 51 80 -0.6 1.05
192756 1.92768 36 65 -0.6 1.05
192756 1.92768 36 75 -0.6 1.05
192756 1.92768 36 65 -0.6 0.9
192756 1.92768 36 65 -0.6 1.2
192756 1.92768 60 85 -0.6 1.2
192756 1.92768 54 55 -0.6 0.9
192756 1.92768 60 85 -0.6 0.9
192756 1.92768 60 85 -0.6 1.05
192756 1.92768 57 85 -0.6 1.05
192756 1.92768 57 85 -0.6 0.9
192756 1.92768 51 0 -0.6 1.05
192756 1.92768 57 85 -0.6 1.2
192756 1.92768 51 0 -0.6 0.9
192756 1.92768 36 85 -0.6 1.2
192756 1.92768 36 85 -0.6 0.9
192756 1.92768 36 85 -0.6 1.05
192756 1.92768 51 0 -0.6 1.2
192756 1.92768 57 75 -0.6 1.05
192756 1.92768 57 75 -0.6 0.9
192756 1.92768 57 75 -0.6 1.2
192756 1.92768 100 55 -0.6 1.2
192756 1.92768 100 55 -0.6 0.9
192756 1.92768 57 65 -0.6 1.05
192756 1.92768 57 65 -0.6 0.9
192756 1.92768 57 65 -0.6 1.2
192756 1.92768 100 55 -0.6 1.05
192756 1.92768 57 80 -0.6 1.2
192756 1.92768 57 80 -0.6 0.9
192756 1.92768 60 65 -0.6 1.05
192756 1.92768 100 87.5 -0.6 0.9
192756 1.92768 100 87.5 -0.6 1.2
192756 1.92768 51 80 -0.6 1.2
192756 1.92768 57 80 -0.6 1.05
192756 1.92768 51 85 -0.6 1.05
192756 1.92768 60 65 -0.6 0.9
192756 1.92768 51 85 -0.6 0.9
192756 1.92768 57 55 -0.6 1.05
192756 1.92768 66 80 -0.6 1.2
192756 1.92768 66 80 -0.6 0.9
192756 1.92768 51 85 -0.6 1.2
192756 1.92768 66 80 -0.6 1.05
192756 1.92768 57 55 -0.6 0.9
192756 1.92768 57 55 -0.6 1.2
192756 1.92768 60 65 -0.6 1.2
192756 1.92768 36 80 -0.6 1.2
192756 1.92768 36 55 -0.6 1.05
192756 1.92768 36 80 -0.6 0.9
192756 1.92768 36 55 -0.6 0.9
192756 1.92768 60 55 -0.6 1.2
192756 1.92768 36 55 -0.6 1.2
192756 1.92768 36 80 -0.6 1.05
192756 1.92768 48 80 -0.6 1.05
192756 1.92768 48 80 -0.6 0.9
192756 1.92768 48 80 -0.6 1.2
192756 1.92768 54 0 -0.6 1.05
192756 1.92768 54 0 -0.6 0.9
192756 1.92768 36 87.5 -0.6 1.2
192756 1.92768 54 0 -0.6 1.2
192756 1.92768 100 65 -0.6 1.2
192756 1.92768 36 87.5 -0.6 0.9
192756 1.92768 100 65 -0.6 0.9
192756 1.92768 66 87.5 -0.6 1.2
192756 1.92768 66 87.5 -0.6 0.9
192756 1.92768 57 87.5 -0.6 1.2
192756 1.92768 57 87.5 -0.6 0.9
192756 1.92768 54 87.5 -0.6 0.9
192756 1.92768 51 87.5 -0.6 0.9
192756 1.92768 54 87.5 -0.6 1.2
192756 1.92768 66 75 -0.6 1.2
192756 1.92768 36 0 -0.6 1.2
192756 1.92768 36 0 -0.6 0.9
192756 1.92768 36 0 -0.6 1.05
192756 1.92768 51 87.5 -0.6 1.2
192756 1.92768 100 75 -0.6 1.2
192756 1.92768 100 75 -0.6 0.9
192756 1.92768 54 80 -0.6 1.05
192756 1.92768 54 80 -0.6 0.9
192756 1.92768 66 75 -0.6 0.9
192756 1.92768 57 0 -0.6 1.2
192756 1.92768 100 75 -0.6 1.05
192756 1.92768 66 55 -0.6 1.2
192756 1.92768 54 80 -0.6 1.2
192756 1.92768 60 87.5 -0.6 1.2
192756 1.92768 57 0 -0.6 0.9
192756 1.92768 57 0 -0.6 1.05
192756 1.92768 66 75 -0.6 1.05
192756 1.92768 100 85 -0.6 1.2
192756 1.92768 100 85 -0.6 0.9
192756 1.92768 51 75 -0.6 1.05
192756 1.92768 100 85 -0.6 1.05
192756 1.92768 51 75 -0.6 0.9
192756 1.92768 60 87.5 -0.6 0.9
192756 1.92768 66 0 -0.6 1.2
192756 1.92768 66 0 -0.6 0.9
192756 1.92768 51 75 -0.6 1.2
192756 1.92768 66 0 -0.6 1.05
192756 1.92768 66 65 -0.6 1.05
192756 1.92768 66 65 -0.6 0.9
192756 1.92768 66 55 -0.6 0.9
192756 1.92768 66 85 -0.6 1.2
192756 1.92768 60 0 -0.6 1.05
192756 1.92768 66 55 -0.6 1.05
192756 1.92768 60 0 -0.6 0.9
192756 1.92768 48 55 -0.6 1.2
192756 1.92768 48 55 -0.6 0.9
192756 1.92768 48 55 -0.6 1.05
192756 1.92768 48 65 -0.6 1.2
192756 1.92768 48 65 -0.6 0.9
192756 1.92768 48 65 -0.6 1.05
192756 1.92768 60 80 -0.6 1.05
192756 1.92768 60 80 -0.6 0.9
192756 1.92768 60 0 -0.6 1.2
192756 1.92768 60 55 -0.6 0.9
192756 1.92768 60 80 -0.6 1.2
192756 1.92768 54 85 -0.6 1.05
192756 1.92768 54 85 -0.6 0.9
192756 1.92768 54 85 -0.6 1.2
192756 1.92768 60 55 -0.6 1.05
192756 1.92768 66 65 -0.6 1.2
192756 1.92768 60 75 -0.6 1.2
192756 1.92768 60 75 -0.6 0.9
192756 1.92768 48 0 -0.6 1.2
192756 1.92768 66 85 -0.6 0.9
192756 1.92768 60 75 -0.6 1.05
192756 1.92768 66 85 -0.6 1.05
192756 1.92768 54 75 -0.6 1.05
192756 1.92768 100 80 -0.6 1.05
192756 1.92768 54 75 -0.6 0.9
192756 1.92768 48 0 -0.6 0.9
192756 1.92768 100 80 -0.6 0.9
192756 1.92768 48 75 -0.6 1.2
192756 1.92768 51 55 -0.6 1.2
192756 1.92768 54 75 -0.6 1.2
192756 1.92768 100 0 -0.6 1.05
192756 1.92768 100 80 -0.6 1.2
192756 1.92768 51 55 -0.6 0.9
192756 1.92768 51 55 -0.6 1.05
192756 1.92768 48 75 -0.6 0.9
192756 1.92768 48 75 -0.6 1.05
192756 1.92768 100 0 -0.6 0.9
192756 1.92768 100 0 -0.6 1.2
192756 1.92768 54 65 -0.6 1.05
192756 1.92768 54 65 -0.6 0.9
192756 1.92768 51 65 -0.6 1.05
192756 1.92768 54 65 -0.6 1.2
192756 1.92768 51 65 -0.6 0.9
192756 1.92768 54 55 -0.6 1.2
192756 1.92768 48 85 -0.6 1.2
192756 1.92768 48 85 -0.6 0.9
192756 1.92768 48 85 -0.6 1.05
192756 1.92768 51 65 -0.6 1.2
192756 1.92768 48 0 -0.6 1.05
192756 1.92768 54 55 -0.6 1.05
192259 1.03488 12 0 -0.6 -0.45
192008 1.9202 54 80 -1 1.2
192008 1.9202 51 0 -1 1.2
192008 1.9202 60 65 -1 0.9
192008 1.9202 60 65 -1 1.2
192008 1.9202 100 55 -1 0.9
192008 1.9202 60 0 -1 0.9
192008 1.9202 66 65 -1 1.2
192008 1.9202 54 55 -1 1.2
192008 1.9202 57 45 -1.2 1.2
192008 1.9202 54 55 -1 0.9
192008 1.9202 100 65 -1 0.9
192008 1.9202 100 45 -0.8 1.2
192008 1.9202 100 55 -1 1.2
192008 1.9202 60 80 -1 1.2
192008 1.9202 60 45 -1.2 0.9
192008 1.9202 100 65 -1 1.2
192008 1.9202 57 45 -1.2 0.9
192008 1.9202 57 45 -1.2 1.05
192008 1.9202 48 80 -1 1.2
192008 1.9202 51 80 -1 1.2
192008 1.9202 100 45 -0.8 0.9
192008 1.9202 57 45 -1.2 0.75
192008 1.9202 66 80 -1 1.2
192008 1.9202 66 45 -1.2 0.75
192008 1.9202 51 55 -1 0.9
192008 1.9202 60 45 -0.8 0.75
192008 1.9202 60 0 -1 1.2
192008 1.9202 48 45 -0.8 1.2
192008 1.9202 51 55 -1 1.2
192008 1.9202 48 45 -0.8 0.9
192008 1.9202 54 45 -1.2 0.75
192008 1.9202 66 45 -1.2 1.05
192008 1.9202 48 0 -1 1.2
192008 1.9202 60 45 -0.8 1.05
192008 1.9202 54 65 -1 1.2
192008 1.9202 54 65 -1 0.9
192008 1.9202 100 45 -0.8 1.05
192008 1.9202 100 45 -0.8 0.75
192008 1.9202 66 55 -1 0.9
192008 1.9202 66 45 -1.2 0.9
192008 1.9202 66 65 -1 0.9
192008 1.9202 54 45 -1.2 1.05
192008 1.9202 48 45 -0.8 1.05
192008 1.9202 54 0 -1 1.2
192008 1.9202 54 45 -1.2 0.9
192008 1.9202 66 55 -1 1.2
192008 1.9202 57 0 -1 1.2
192008 1.9202 54 45 -1.2 1.2
192008 1.9202 57 45 -0.8 0.75
192008 1.9202 100 0 -1 0.9
192008 1.9202 57 0 -1 0.9
192008 1.9202 48 45 -0.8 0.75
192008 1.9202 51 65 -1 1.2
192008 1.9202 54 45 -0.8 0.75
192008 1.9202 66 45 -0.8 1.2
192008 1.9202 60 45 -0.8 0.9
192008 1.9202 54 45 -0.8 1.05
192008 1.9202 57 80 -1 1.2
192008 1.9202 100 45 -1.2 1.2
192008 1.9202 57 45 -0.8 1.05
192008 1.9202 60 55 -1 1.2
192008 1.9202 66 45 -0.8 0.9
192008 1.9202 48 65 -1 0.9
192008 1.9202 48 65 -1 1.2
192008 1.9202 51 65 -1 0.9
192008 1.9202 54 45 -0.8 0.9
192008 1.9202 54 0 -1 0.9
192008 1.9202 54 45 -0.8 1.2
192008 1.9202 100 80 -1 1.2
192008 1.9202 100 45 -1.2 0.9
192008 1.9202 57 45 -0.8 0.9
192008 1.9202 66 45 -0.8 1.05
192008 1.9202 60 45 -1.2 1.2
192008 1.9202 100 0 -1 1.2
192008 1.9202 51 0 -1 0.9
192008 1.9202 100 45 -1.2 1.05
192008 1.9202 51 45 -1.2 0.75
192008 1.9202 51 45 -1.2 1.05
192008 1.9202 51 45 -1.2 0.9
192008 1.9202 100 45 -1.2 0.75
192008 1.9202 60 45 -1.2 0.75
192008 1.9202 66 45 -0.8 0.75
192008 1.9202 60 45 -0.8 1.2
192008 1.9202 51 45 -1.2 1.2
192008 1.9202 57 55 -1 1.2
192008 1.9202 57 65 -1 0.9
192008 1.9202 57 55 -1 0.9
192008 1.9202 48 45 -1.2 1.2
192008 1.9202 48 55 -1 0.9
192008 1.9202 57 65 -1 1.2
192008 1.9202 48 55 -1 1.2
192008 1.9202 48 0 -1 0.9
192008 1.9202 48 45 -1.2 0.9
192008 1.9202 60 45 -1.2 1.05
192008 1.9202 48 45 -1.2 1.05
192008 1.9202 48 45 -1.2 0.75
192008 1.9202 60 55 -1 0.9
192008 1.9202 66 0 -1 1.2
192008 1.9202 66 0 -1 0.9
192008 1.9202 51 45 -0.8 0.75
192008 1.9202 51 45 -0.8 1.05
192008 1.9202 66 45 -1.2 1.2
192008 1.9202 51 45 -0.8 0.9
192008 1.9202 57 45 -0.8 1.2
192008 1.9202 51 45 -0.8 1.2
191962 1.41451 48 90 -0.6 0.3
191962 1.41451 54 90 -0.6 0.3
191962 1.41451 60 90 -0.6 0.3
191962 1.41451 60 90 -0.6 0.6
191962 1.41451 48 90 -0.6 0.6
191962 1.41451 54 90 -0.6 0.6
191962 1.41451 57 90 -0.6 0.3
191962 1.41451 57 90 -0.6 0.6
191962 1.41451 100 90 -0.6 0.3
191962 1.41451 66 90 -0.6 0.6
191962 1.41451 51 90 -0.6 0.6
191962 1.41451 100 90 -0.6 0.6
191962 1.41451 51 90 -0.6 0.3
191962 1.41451 66 90 -0.6 0.3
191237 1.20315 24 0 -1 0.45
191237 1.20315 24 65 -1 0.45
191237 1.20315 24 55 -1 0.45
191060 1.03982 66 65 -0.6 -10
191060 1.03982 54 65 -0.6 -10
191060 1.03982 51 65 -0.6 -10
191060 1.03982 24 65 -0.6 -10
191060 1.03982 48 65 -0.6 -10
191060 1.03982 57 65 -0.6 -10
191060 1.03982 60 65 -0.6 -10
191060 1.03982 100 65 -0.6 -10
191060 1.03982 36 65 -0.6 -10
190746 1.40736 100 45 -1.2 0.6
190746 1.40736 48 45 -1.2 0.6
190746 1.40736 60 45 -1.2 0.6
190746 1.40736 51 45 -1.2 0.6
190746 1.40736 66 45 -1.2 0.6
190746 1.40736 57 45 -1.2 0.6
190746 1.40736 54 45 -1.2 0.6
190518 1.02878 66 55 -0.2 -0.15
190518 1.02878 48 55 -0.2 -0.15
190518 1.02878 100 55 -0.2 -0.15
190518 1.02878 57 55 -0.2 -0.15
190518 1.02878 60 55 -0.2 -0.15
190518 1.02878 51 55 -0.2 -0.15
190518 1.02878 54 55 -0.2 -0.15
190518 1.02878 24 55 -0.2 -0.15
190518 1.02878 36 55 -0.2 -0.15
189424 1.03168 48 45 -0.4 -0.45
189424 1.03168 48 45 -0.4 -10
189424 1.03168 36 45 -0.4 -10
189424 1.03168 60 45 -0.4 -10
189424 1.03168 51 45 -0.4 -0.45
189424 1.03168 24 45 -0.4 -10
189424 1.03168 36 45 -0.4 -0.45
189424 1.03168 60 45 -0.4 -0.45
189424 1.03168 51 45 -0.4 -10
189424 1.03168 100 45 -0.4 -0.45
189424 1.03168 54 45 -0.4 -10
189424 1.03168 66 45 -0.4 -0.45
189424 1.03168 66 45 -0.4 -10
189424 1.03168 100 45 -0.4 -10
189424 1.03168 57 45 -0.4 -10
189424 1.03168 54 45 -0.4 -0.45
189424 1.03168 57 45 -0.4 -0.45
189424 1.03168 24 45 -0.4 -0.45
188731 1.07189 66 87.5 0.6 -0.45
188731 1.07189 66 87.5 0.6 -10
188731 1.07189 48 87.5 0.6 -0.45
188731 1.07189 66 87.5 0.6 -0.15
188731 1.07189 51 87.5 0.6 0
188731 1.07189 51 87.5 0.6 -0.3
188731 1.07189 51 87.5 0.6 -0.15
188731 1.07189 51 87.5 0.6 -0.45
188731 1.07189 48 87.5 0.6 -10
188731 1.07189 51 87.5 0.6 -10
188731 1.07189 48 87.5 0.6 0
188731 1.07189 60 87.5 0.6 0
188731 1.07189 100 87.5 0.6 0
188731 1.07189 66 87.5 0.6 -0.3
188731 1.07189 48 87.5 0.6 -0.15
188731 1.07189 100 87.5 0.6 -0.3
188731 1.07189 60 87.5 0.6 -10
188731 1.07189 60 87.5 0.6 -0.45
188731 1.07189 100 87.5 0.6 -0.15
188731 1.07189 100 87.5 0.6 -0.45
188731 1.07189 57 87.5 0.6 -10
188731 1.07189 57 87.5 0.6 -0.45
188731 1.07189 57 87.5 0.6 -0.15
188731 1.07189 57 87.5 0.6 -0.3
188731 1.07189 60 87.5 0.6 -0.15
188731 1.07189 48 87.5 0.6 -0.3
188731 1.07189 36 87.5 0.6 -10
188731 1.07189 54 87.5 0.6 -10
188731 1.07189 36 87.5 0.6 -0.45
188731 1.07189 36 87.5 0.6 -0.15
188731 1.07189 57 87.5 0.6 0
188731 1.07189 54 87.5 0.6 -0.45
188731 1.07189 66 87.5 0.6 0
188731 1.07189 54 87.5 0.6 -0.15
188731 1.07189 54 87.5 0.6 -0.3
188731 1.07189 54 87.5 0.6 0
188731 1.07189 36 87.5 0.6 -0.3
188731 1.07189 36 87.5 0.6 0
188731 1.07189 60 87.5 0.6 -0.3
188731 1.07189 100 87.5 0.6 -10
188348 1.07171 54 87.5 1 -10
188348 1.07171 57 87.5 1.4 0
188348 1.07171 66 87.5 1.4 -10
188348 1.07171 66 87.5 1.4 -0.45
188348 1.07171 66 87.5 1.4 -0.15
188348 1.07171 51 87.5 1.4 0
188348 1.07171 66 87.5 1.4 -0.3
188348 1.07171 100 87.5 10 -0.3
188348 1.07171 54 87.5 1 -0.45
188348 1.07171 54 87.5 1.4 0
188348 1.07171 66 87.5 1.4 0
188348 1.07171 54 87.5 1 -0.15
188348 1.07171 54 87.5 1 -0.3
188348 1.07171 57 87.5 1 -10
188348 1.07171 57 87.5 1 -0.45
188348 1.07171 57 87.5 1 -0.15
188348 1.07171 57 87.5 1 -0.3
188348 1.07171 36 87.5 1.4 -10
188348 1.07171 48 87.5 1.4 0
188348 1.07171 36 87.5 1.4 -0.45
188348 1.07171 54 87.5 1.4 -0.3
188348 1.07171 54 87.5 1.4 -0.15
188348 1.07171 54 87.5 1.4 -0.45
188348 1.07171 57 87.5 1 0
188348 1.07171 54 87.5 1.4 -10
188348 1.07171 57 87.5 1.4 -0.3
188348 1.07171 36 87.5 1.4 -0.15
188348 1.07171 36 87.5 1.4 -0.3
188348 1.07171 57 87.5 1.4 -0.15
188348 1.07171 57 87.5 1.4 -0.45
188348 1.07171 57 87.5 1.4 -10
188348 1.07171 54 87.5 1 0
188348 1.07171 54 87.5 10 0
188348 1.07171 36 87.5 1.4 0
188348 1.07171 54 87.5 10 -0.3
188348 1.07171 54 87.5 10 -0.15
188348 1.07171 54 87.5 10 -0.45
188348 1.07171 54 87.5 10 -10
188348 1.07171 60 87.5 1 0
188348 1.07171 36 87.5 10 0
188348 1.07171 66 87.5 1 -10
188348 1.07171 66 87.5 1 -0.45
188348 1.07171 66 87.5 1 -0.15
188348 1.07171 36 87.5 10 -0.3
188348 1.07171 57 87.5 10 0
188348 1.07171 66 87.5 1 -0.3
188348 1.07171 66 87.5 1 0
188348 1.07171 48 87.5 1 -10
188348 1.07171 48 87.5 1 -0.45
188348 1.07171 36 87.5 1 -10
188348 1.07171 36 87.5 10 -0.15
188348 1.07171 36 87.5 1 -0.45
188348 1.07171 36 87.5 10 -0.45
188348 1.07171 51 87.5 1.4 -0.3
188348 1.07171 36 87.5 1 -0.15
188348 1.07171 36 87.5 10 -10
188348 1.07171 48 87.5 1 -0.15
188348 1.07171 36 87.5 1 -0.3
188348 1.07171 57 87.5 10 -0.3
188348 1.07171 36 87.5 1 0
188348 1.07171 48 87.5 1 -0.3
188348 1.07171 51 87.5 1.4 -0.15
188348 1.07171 51 87.5 1.4 -0.45
188348 1.07171 57 87.5 10 -0.15
188348 1.07171 57 87.5 10 -0.45
188348 1.07171 57 87.5 10 -10
188348 1.07171 48 87.5 1.4 -0.3
188348 1.07171 51 87.5 10 -10
188348 1.07171 66 87.5 10 0
188348 1.07171 100 87.5 1.4 -0.45
188348 1.07171 100 87.5 1.4 -0.15
188348 1.07171 60 87.5 1 -0.3
188348 1.07171 60 87.5 1 -0.15
188348 1.07171 60 87.5 1 -0.45
188348 1.07171 60 87.5 1 -10
188348 1.07171 66 87.5 10 -0.3
188348 1.07171 100 87.5 1.4 -0.3
188348 1.07171 66 87.5 10 -0.15
188348 1.07171 66 87.5 10 -0.45
188348 1.07171 51 87.5 1.4 -10
188348 1.07171 51 87.5 1 -10
188348 1.07171 48 87.5 1 0
188348 1.07171 100 87.5 10 0
188348 1.07171 51 87.5 1 -0.45
188348 1.07171 48 87.5 1.4 -10
188348 1.07171 51 87.5 1 0
188348 1.07171 100 87.5 10 -0.15
188348 1.07171 100 87.5 1.4 0
188348 1.07171 66 87.5 10 -10
188348 1.07171 100 87.5 1 0
188348 1.07171 48 87.5 10 -10
188348 1.07171 60 87.5 1.4 -0.3
188348 1.07171 51 87.5 1 -0.15
188348 1.07171 100 87.5 10 -0.45
188348 1.07171 100 87.5 10 -10
188348 1.07171 60 87.5 10 0
188348 1.07171 51 87.5 1 -0.3
188348 1.07171 48 87.5 1.4 -0.15
188348 1.07171 51 87.5 10 -0.15
188348 1.07171 48 87.5 10 -0.45
188348 1.07171 51 87.5 10 0
188348 1.07171 100 87.5 1 -0.3
188348 1.07171 100 87.5 1 -0.15
188348 1.07171 48 87.5 10 0
188348 1.07171 60 87.5 1.4 -0.15
188348 1.07171 100 87.5 1 -0.45
188348 1.07171 48 87.5 1.4 -0.45
188348 1.07171 60 87.5 10 -0.3
188348 1.07171 60 87.5 10 -0.15
188348 1.07171 60 87.5 10 -0.45
188348 1.07171 60 87.5 10 -10
188348 1.07171 51 87.5 10 -0.45
188348 1.07171 60 87.5 1.4 0
188348 1.07171 100 87.5 1.4 -10
188348 1.07171 51 87.5 10 -0.3
188348 1.07171 100 87.5 1 -10
188348 1.07171 60 87.5 1.4 -10
188348 1.07171 60 87.5 1.4 -0.45
188348 1.07171 48 87.5 10 -0.3
188348 1.07171 48 87.5 10 -0.15
186828 1.19739 24 45 -1.2 0.3
186828 1.19739 24 45 -1.2 0.45
186813 1.04704 12 77.5 1 -10
186813 1.04704 12 77.5 1 -0.3
186813 1.04704 12 77.5 1 -0.45
186813 1.04704 12 77.5 1 -0.15
186155 1.19487 24 75 -0.6 0.6
185498 1.04187 12 0 -0.6 -0.3
184888 1.1075 24 80 -0.6 -0.3
184888 1.1075 24 80 -0.6 -10
184888 1.1075 24 80 -0.6 -0.45
184888 1.1075 24 80 -0.6 -0.15
184254 1.02446 12 0 -0.6 -10
184142 1.04062 12 75 -0.2 0
183564 1.07475 51 65 -0.2 0.6
183564 1.07475 57 65 -0.2 0.6
183564 1.07475 60 65 -0.2 0.6
183564 1.07475 48 55 -0.2 0.6
183564 1.07475 60 55 -0.2 0.6
183564 1.07475 100 0 -0.2 0.6
183564 1.07475 100 65 -0.2 0.6
183564 1.07475 100 55 -0.2 0.6
183564 1.07475 24 65 -0.2 0.6
183564 1.07475 36 65 -0.2 0.6
183564 1.07475 54 55 -0.2 0.6
183564 1.07475 54 0 -0.2 0.6
183564 1.07475 48 65 -0.2 0.6
183564 1.07475 66 65 -0.2 0.6
183564 1.07475 60 0 -0.2 0.6
183564 1.07475 36 0 -0.2 0.6
183564 1.07475 57 0 -0.2 0.6
183564 1.07475 66 55 -0.2 0.6
183564 1.07475 51 0 -0.2 0.6
183564 1.07475 66 0 -0.2 0.6
183564 1.07475 51 55 -0.2 0.6
183564 1.07475 48 0 -0.2 0.6
183564 1.07475 54 65 -0.2 0.6
183564 1.07475 24 55 -0.2 0.6
183564 1.07475 24 0 -0.2 0.6
183564 1.07475 36 55 -0.2 0.6
183564 1.07475 57 55 -0.2 0.6
182256 1.04846 12 77.5 1 0
181558 1.13403 57 90 1 0.3
181558 1.13403 48 90 0.6 0.3
181558 1.13403 57 90 1.4 0.3
181558 1.13403 57 90 10 0.3
181558 1.13403 60 90 10 0.3
181558 1.13403 51 90 0.6 0.3
181558 1.13403 100 90 0.6 0.3
181558 1.13403 54 90 1 0.3
181558 1.13403 51 90 10 0.3
181558 1.13403 54 90 1.4 0.3
181558 1.13403 100 90 10 0.3
181558 1.13403 54 90 0.6 0.3
181558 1.13403 100 90 1 0.3
181558 1.13403 51 90 1.4 0.3
181558 1.13403 60 90 0.6 0.3
181558 1.13403 66 90 0.6 0.3
181558 1.13403 66 90 1.4 0.3
181558 1.13403 100 90 1.4 0.3
181558 1.13403 54 90 10 0.3
181558 1.13403 60 90 1 0.3
181558 1.13403 48 90 1.4 0.3
181558 1.13403 48 90 10 0.3
181558 1.13403 48 90 1 0.3
181558 1.13403 51 90 1 0.3
181558 1.13403 66 90 1 0.3
181558 1.13403 66 90 10 0.3
181558 1.13403 60 90 1.4 0.3
181558 1.13403 57 90 0.6 0.3
181224 1.02847 12 55 -0.2 -0.3
180723 1.01992 36 0 -0.6 -10
180723 1.01992 51 0 -0.6 -10
180723 1.01992 48 0 -0.6 -10
180723 1.01992 54 0 -0.6 -10
180723 1.01992 60 0 -0.6 -10
180723 1.01992 57 0 -0.6 -10
180723 1.01992 100 0 -0.6 -10
180723 1.01992 24 0 -0.6 -10
180723 1.01992 66 0 -0.6 -10
178798 1.02792 12 55 -0.2 -10
178798 1.02792 12 55 -0.2 -0.45
178746 1.1173 24 80 -0.6 0
176807 1.18811 57 90 1.4 0.6
176807 1.18811 60 90 0.6 0.6
176807 1.18811 54 90 1 0.6
176807 1.18811 66 90 0.6 0.6
176807 1.18811 100 90 0.6 0.6
176807 1.18811 51 90 1.4 0.6
176807 1.18811 66 90 1.4 0.6
176807 1.18811 48 90 1.4 0.6
176807 1.18811 51 90 10 0.6
176807 1.18811 51 90 0.6 0.6
176807 1.18811 100 90 1.4 0.6
176807 1.18811 48 90 0.6 0.6
176807 1.18811 54 90 1.4 0.6
176807 1.18811 54 90 10 0.6
176807 1.18811 57 90 0.6 0.6
176807 1.18811 60 90 10 0.6
176807 1.18811 57 90 10 0.6
176807 1.18811 57 90 1 0.6
176807 1.18811 66 90 1 0.6
176807 1.18811 60 90 1 0.6
176807 1.18811 54 90 0.6 0.6
176807 1.18811 48 90 1 0.6
176807 1.18811 60 90 1.4 0.6
176807 1.18811 100 90 1 0.6
176807 1.18811 66 90 10 0.6
176807 1.18811 51 90 1 0.6
176807 1.18811 100 90 10 0.6
176807 1.18811 48 90 10 0.6
175935 1.04577 12 45 -0.8 -0.3
175741 1.04281 12 45 -0.8 -10
175302 1.75312 66 87.5 10 1.2
175302 1.75312 60 87.5 0.6 1.2
175302 1.75312 51 87.5 0.6 1.2
175302 1.75312 48 87.5 1 1.2
175302 1.75312 57 87.5 10 1.2
175302 1.75312 48 87.5 1.4 1.2
175302 1.75312 51 45 -0.4 1.2
175302 1.75312 100 87.5 10 1.2
175302 1.75312 51 87.5 1 1.2
175302 1.75312 66 87.5 1.4 1.2
175302 1.75312 48 87.5 0.6 1.2
175302 1.75312 60 45 -0.4 1.2
175302 1.75312 36 87.5 1.4 1.2
175302 1.75312 54 87.5 10 1.2
175302 1.75312 57 87.5 1.4 1.2
175302 1.75312 51 87.5 1.4 1.2
175302 1.75312 48 87.5 10 1.2
175302 1.75312 66 87.5 1 1.2
175302 1.75312 51 87.5 10 1.2
175302 1.75312 36 87.5 10 1.2
175302 1.75312 60 87.5 1 1.2
175302 1.75312 66 45 -0.4 1.2
175302 1.75312 66 87.5 0.6 1.2
175302 1.75312 54 87.5 0.6 1.2
175302 1.75312 57 87.5 1 1.2
175302 1.75312 60 87.5 10 1.2
175302 1.75312 100 87.5 1.4 1.2
175302 1.75312 36 87.5 1 1.2
175302 1.75312 100 87.5 0.6 1.2
175302 1.75312 60 87.5 1.4 1.2
175302 1.75312 54 87.5 1.4 1.2
175302 1.75312 48 45 -0.4 1.2
175302 1.75312 36 45 -0.4 1.2
175302 1.75312 100 87.5 1 1.2
175302 1.75312 54 45 -0.4 1.2
175302 1.75312 100 45 -0.4 1.2
175302 1.75312 54 87.5 1 1.2
175302 1.75312 57 45 -0.4 1.2
175302 1.75312 57 87.5 0.6 1.2
175302 1.75312 36 87.5 0.6 1.2
174532 1.04858 12 45 -0.8 -0.15
174424 1.06876 12 75 -1 -0.45
174424 1.06876 12 75 -1 -0.15
174424 1.06876 12 75 -1 -10
174424 1.06876 12 75 -1 -0.3
174371 1.03534 66 55 -0.6 0
174371 1.03534 48 55 -0.6 0
174371 1.03534 36 0 -0.6 0
174371 1.03534 57 55 -0.6 0
174371 1.03534 51 0 -0.6 0
174371 1.03534 48 0 -0.6 0
174371 1.03534 66 0 -0.6 0
174371 1.03534 24 55 -0.6 0
174371 1.03534 54 55 -0.6 0
174371 1.03534 24 0 -0.6 0
174371 1.03534 57 0 -0.6 0
174371 1.03534 36 55 -0.6 0
174371 1.03534 60 0 -0.6 0
174371 1.03534 100 55 -0.6 0
174371 1.03534 60 55 -0.6 0
174371 1.03534 51 55 -0.6 0
174371 1.03534 54 0 -0.6 0
174371 1.03534 100 0 -0.6 0
173586 1.04493 12 45 -0.8 -0.45
173582 1.11015 60 85 -0.6 -10
173582 1.11015 60 85 -0.6 0
173582 1.11015 48 85 -0.6 -10
173582 1.11015 100 85 -0.6 0
173582 1.11015 66 85 -0.6 -10
173582 1.11015 36 85 -0.6 -10
173582 1.11015 66 85 -0.6 0
173582 1.11015 48 85 -0.6 0
173582 1.11015 51 85 -0.6 -10
173582 1.11015 54 85 -0.6 0
173582 1.11015 51 85 -0.6 0
173582 1.11015 54 85 -0.6 -10
173582 1.11015 36 85 -0.6 0
173582 1.11015 100 85 -0.6 -10
173582 1.11015 57 85 -0.6 0
173582 1.11015 57 85 -0.6 -10
173361 1.04489 12 0 -0.6 0
173361 1.04489 12 65 -0.6 0
173361 1.04489 12 55 -0.6 0
173207 1.05229 12 0 -1 -0.15
172684 1.06727 12 65 -1 -0.45
172684 1.06727 12 65 -1 -0.15
172684 1.06727 12 65 -1 -0.3
172684 1.06727 12 65 -1 -10
172631 1.10862 100 87.5 -0.6 -10
172631 1.10862 66 87.5 -0.6 -10
172631 1.10862 57 87.5 -0.6 0
172631 1.10862 60 87.5 -0.6 -10
172631 1.10862 54 87.5 -0.6 -10
172631 1.10862 48 87.5 -0.6 0
172631 1.10862 36 87.5 -0.6 -10
172631 1.10862 48 87.5 -0.6 -10
172631 1.10862 51 87.5 -0.6 0
172631 1.10862 54 87.5 -0.6 0
172631 1.10862 60 87.5 -0.6 0
172631 1.10862 66 87.5 -0.6 0
172631 1.10862 51 87.5 -0.6 -10
172631 1.10862 100 87.5 -0.6 0
172631 1.10862 36 87.5 -0.6 0
172631 1.10862 57 87.5 -0.6 -10
172213 1.02601 12 0 -0.2 -0.3
171032 1.02419 100 55 -0.2 -0.45
171032 1.02419 54 55 -0.2 -0.45
171032 1.02419 51 55 -0.2 -0.45
171032 1.02419 54 55 -0.2 -0.3
171032 1.02419 51 55 -0.2 -0.3
171032 1.02419 36 55 -0.2 -0.3
171032 1.02419 66 55 -0.2 -0.45
171032 1.02419 54 55 -0.2 -10
171032 1.02419 48 55 -0.2 -0.3
171032 1.02419 24 55 -0.2 -0.3
171032 1.02419 60 55 -0.2 -0.3
171032 1.02419 36 55 -0.2 -0.45
171032 1.02419 24 55 -0.2 -10
171032 1.02419 57 55 -0.2 -0.3
171032 1.02419 48 55 -0.2 -0.45
171032 1.02419 51 55 -0.2 -10
171032 1.02419 24 55 -0.2 -0.45
171032 1.02419 48 55 -0.2 -10
171032 1.02419 57 55 -0.2 -0.45
171032 1.02419 66 55 -0.2 -0.3
171032 1.02419 100 55 -0.2 -10
171032 1.02419 36 55 -0.2 -10
171032 1.02419 66 55 -0.2 -10
171032 1.02419 60 55 -0.2 -0.45
171032 1.02419 100 55 -0.2 -0.3
171032 1.02419 57 55 -0.2 -10
171032 1.02419 60 55 -0.2 -10
170651 1.04935 66 55 -1 0
170651 1.04935 60 0 -1 0
170651 1.04935 66 0 -1 0
170651 1.04935 57 55 -1 0
170651 1.04935 48 0 -1 0
170651 1.04935 60 55 -1 0
170651 1.04935 51 0 -1 0
170651 1.04935 100 55 -1 0
170651 1.04935 54 0 -1 0
170651 1.04935 48 55 -1 0
170651 1.04935 36 55 -1 0
170651 1.04935 24 0 -1 0
170651 1.04935 36 0 -1 0
170651 1.04935 51 55 -1 0
170651 1.04935 100 0 -1 0
170651 1.04935 57 0 -1 0
170651 1.04935 24 55 -1 0
170651 1.04935 54 55 -1 0
170568 1.05083 12 0 -1 -0.3
167749 1.67756 60 92.5 -0.2 0.45
167749 1.67756 48 92.5 -1 0.45
167749 1.67756 51 92.5 -1 0.45
167749 1.67756 51 92.5 -1 0.3
167749 1.67756 48 92.5 -1 0.3
167749 1.67756 48 92.5 -1 0.6
167749 1.67756 57 92.5 -1 0.6
167749 1.67756 48 92.5 -1 0.15
167749 1.67756 48 92.5 -1 -10
167749 1.67756 57 92.5 -1 0.3
167749 1.67756 48 92.5 10 0.6
167749 1.67756 57 92.5 -0.6 0.6
167749 1.67756 57 92.5 -1 0
167749 1.67756 51 92.5 -1 0
167749 1.67756 48 92.5 10 0.45
167749 1.67756 66 92.5 -1 0.6
167749 1.67756 54 92.5 -0.6 0.6
167749 1.67756 60 92.5 1 0.45
167749 1.67756 51 92.5 -1 0.15
167749 1.67756 51 92.5 -1 -10
167749 1.67756 48 92.5 -0.6 0.6
167749 1.67756 57 92.5 -1 0.15
167749 1.67756 48 92.5 -1 0
167749 1.67756 57 92.5 -0.2 0.45
167749 1.67756 57 92.5 -1 -10
167749 1.67756 60 92.5 10 0.45
167749 1.67756 100 92.5 -0.6 0.45
167749 1.67756 57 92.5 10 0.6
167749 1.67756 100 92.5 -0.2 0.6
167749 1.67756 48 92.5 -0.2 0.45
167749 1.67756 48 92.5 -0.2 0.6
167749 1.67756 100 92.5 -0.6 0.3
167749 1.67756 60 92.5 1 0.6
167749 1.67756 51 92.5 -0.2 0.45
167749 1.67756 100 92.5 -0.6 0.6
167749 1.67756 57 92.5 10 0.45
167749 1.67756 57 92.5 -0.2 0.6
167749 1.67756 60 92.5 10 0.6
167749 1.67756 51 92.5 10 0.6
167749 1.67756 100 92.5 -0.2 0.45
167749 1.67756 51 92.5 1 0.6
167749 1.67756 100 92.5 1 0.45
167749 1.67756 51 92.5 -0.6 0.3
167749 1.67756 51 92.5 -0.6 0.45
167749 1.67756 60 92.5 -0.6 0.45
167749 1.67756 57 92.5 -0.6 0.45
167749 1.67756 60 92.5 -1 -10
167749 1.67756 100 92.5 1 0.6
167749 1.67756 60 92.5 -0.6 0.6
167749 1.67756 48 92.5 -0.6 0.45
167749 1.67756 60 92.5 -1 0.15
167749 1.67756 48 92.5 -0.6 0.3
167749 1.67756 51 92.5 -0.6 0.6
167749 1.67756 54 92.5 1 0.6
167749 1.67756 51 92.5 1 0.45
167749 1.67756 60 92.5 -1 0.45
167749 1.67756 60 92.5 -0.2 0.6
167749 1.67756 100 92.5 10 0.45
167749 1.67756 54 92.5 10 0.45
167749 1.67756 57 92.5 -1 0.45
167749 1.67756 60 92.5 -1 0.3
167749 1.67756 54 92.5 10 0.6
167749 1.67756 66 92.5 -1 0
167749 1.67756 48 92.5 1 0.45
167749 1.67756 54 92.5 -1 -10
167749 1.67756 48 92.5 1 0.6
167749 1.67756 66 92.5 10 0.45
167749 1.67756 54 92.5 -1 0.15
167749 1.67756 60 92.5 -0.6 0.3
167749 1.67756 51 92.5 10 0.45
167749 1.67756 66 92.5 -0.2 0.45
167749 1.67756 54 92.5 -1 0.45
167749 1.67756 54 92.5 -1 0.3
167749 1.67756 57 92.5 -0.6 0.3
167749 1.67756 66 92.5 10 0.6
167749 1.67756 66 92.5 -1 -10
167749 1.67756 66 92.5 -1 0.15
167749 1.67756 66 92.5 1 0.6
167749 1.67756 100 92.5 10 0.6
167749 1.67756 100 92.5 -1 -10
167749 1.67756 54 92.5 -1 0.6
167749 1.67756 66 92.5 -1 0.45
167749 1.67756 54 92.5 -1 0
167749 1.67756 66 92.5 -1 0.3
167749 1.67756 54 92.5 -0.2 0.45
167749 1.67756 54 92.5 -0.2 0.6
167749 1.67756 60 92.5 -1 0
167749 1.67756 100 92.5 -1 0.15
167749 1.67756 60 92.5 -1 0.6
167749 1.67756 66 92.5 1 0.45
167749 1.67756 100 92.5 -1 0.6
167749 1.67756 66 92.5 -0.2 0.6
167749 1.67756 66 92.5 -0.6 0.6
167749 1.67756 100 92.5 -1 0.45
167749 1.67756 54 92.5 1 0.45
167749 1.67756 51 92.5 -0.2 0.6
167749 1.67756 100 92.5 -1 0.3
167749 1.67756 57 92.5 1 0.6
167749 1.67756 57 92.5 1 0.45
167749 1.67756 100 92.5 -1 0
167749 1.67756 54 92.5 -0.6 0.45
167749 1.67756 51 92.5 -1 0.6
167749 1.67756 66 92.5 -0.6 0.3
167749 1.67756 66 92.5 -0.6 0.45
167749 1.67756 54 92.5 -0.6 0.3
167345 1.04959 12 77.5 1 0.3
166351 1.03461 24 65 -0.6 0
166351 1.03461 36 65 -0.6 0
166351 1.03461 48 65 -0.6 0
166351 1.03461 60 65 -0.6 0
166351 1.03461 66 65 -0.6 0
166351 1.03461 100 65 -0.6 0
166351 1.03461 51 65 -0.6 0
166351 1.03461 57 65 -0.6 0
166351 1.03461 54 65 -0.6 0
166313 1.1219 48 85 -0.6 0.3
166313 1.1219 54 80 -0.6 0.3
166313 1.1219 66 85 -0.6 0.3
166313 1.1219 48 80 -0.6 0.3
166313 1.1219 36 80 -0.6 0.3
166313 1.1219 57 85 -0.6 0.3
166313 1.1219 36 85 -0.6 0.3
166313 1.1219 60 80 -0.6 0.3
166313 1.1219 100 85 -0.6 0.3
166313 1.1219 66 80 -0.6 0.3
166313 1.1219 51 80 -0.6 0.3
166313 1.1219 100 80 -0.6 0.3
166313 1.1219 60 85 -0.6 0.3
166313 1.1219 57 80 -0.6 0.3
166313 1.1219 54 85 -0.6 0.3
166313 1.1219 51 85 -0.6 0.3
166250 1.07005 12 77.5 -0.2 0.3
166247 1.05437 57 85 1.4 0.3
166247 1.05437 24 85 1 0.3
166247 1.05437 66 85 1 0.3
166247 1.05437 60 85 1.4 0.3
166247 1.05437 36 85 0.6 0.3
166247 1.05437 24 85 1.4 0.3
166247 1.05437 100 85 1 0.3
166247 1.05437 51 85 1 0.3
166247 1.05437 51 85 0.6 0.3
166247 1.05437 54 85 0.6 0.3
166247 1.05437 100 85 0.6 0.3
166247 1.05437 48 85 0.6 0.3
166247 1.05437 57 85 0.6 0.3
166247 1.05437 36 85 1.4 0.3
166247 1.05437 51 85 1.4 0.3
166247 1.05437 66 85 0.6 0.3
166247 1.05437 48 85 1 0.3
166247 1.05437 54 85 1 0.3
166247 1.05437 36 85 1 0.3
166247 1.05437 60 85 1 0.3
166247 1.05437 24 85 0.6 0.3
166247 1.05437 48 85 1.4 0.3
166247 1.05437 60 85 0.6 0.3
166247 1.05437 100 85 1.4 0.3
166247 1.05437 57 85 1 0.3
166247 1.05437 54 85 1.4 0.3
166247 1.05437 66 85 1.4 0.3
166027 1.20354 24 55 1 1.05
166027 1.20354 57 55 1 1.05
166027 1.20354 60 0 1 1.05
166027 1.20354 60 45 0.8 1.05
166027 1.20354 36 65 1 1.05
166027 1.20354 48 65 1 1.05
166027 1.20354 66 45 0.8 1.05
166027 1.20354 54 65 1 1.05
166027 1.20354 100 0 1 1.05
166027 1.20354 51 65 1 1.05
166027 1.20354 57 65 1 1.05
166027 1.20354 48 55 1 1.05
166027 1.20354 100 65 1 1.05
166027 1.20354 57 45 0.8 1.05
166027 1.20354 48 45 0.8 1.05
166027 1.20354 51 55 1 1.05
166027 1.20354 24 0 1 1.05
166027 1.20354 54 55 1 1.05
166027 1.20354 36 0 1 1.05
166027 1.20354 36 55 1 1.05
166027 1.20354 100 55 1 1.05
166027 1.20354 36 45 0.8 1.05
166027 1.20354 54 0 1 1.05
166027 1.20354 66 55 1 1.05
166027 1.20354 57 0 1 1.05
166027 1.20354 66 0 1 1.05
166027 1.20354 100 45 0.8 1.05
166027 1.20354 60 65 1 1.05
166027 1.20354 66 65 1 1.05
166027 1.20354 60 55 1 1.05
166027 1.20354 48 0 1 1.05
166027 1.20354 24 65 1 1.05
166027 1.20354 54 45 0.8 1.05
166027 1.20354 51 0 1 1.05
166027 1.20354 24 45 0.8 1.05
166027 1.20354 51 45 0.8 1.05
165814 1.04456 12 0 -1 -0.45
165762 1.05385 12 45 -0.8 0
165722 1.07296 12 0 -1 0
165722 1.07296 12 55 -1 0
165250 1.06621 66 87.5 10 0.3
165250 1.06621 48 87.5 0.6 0.3
165250 1.06621 48 87.5 10 0.3
165250 1.06621 54 87.5 10 0.3
165250 1.06621 51 87.5 1 0.3
165250 1.06621 48 87.5 1.4 0.3
165250 1.06621 54 87.5 0.6 0.3
165250 1.06621 36 87.5 1.4 0.3
165250 1.06621 60 87.5 1 0.3
165250 1.06621 48 87.5 1 0.3
165250 1.06621 51 87.5 0.6 0.3
165250 1.06621 66 87.5 1.4 0.3
165250 1.06621 66 87.5 0.6 0.3
165250 1.06621 100 87.5 10 0.3
165250 1.06621 51 87.5 10 0.3
165250 1.06621 100 87.5 0.6 0.3
165250 1.06621 66 87.5 1 0.3
165250 1.06621 54 87.5 1.4 0.3
165250 1.06621 57 87.5 1.4 0.3
165250 1.06621 57 87.5 1 0.3
165250 1.06621 54 87.5 1 0.3
165250 1.06621 51 87.5 1.4 0.3
165250 1.06621 100 87.5 1.4 0.3
165250 1.06621 36 87.5 10 0.3
165250 1.06621 36 87.5 0.6 0.3
165250 1.06621 60 87.5 0.6 0.3
165250 1.06621 60 87.5 10 0.3
165250 1.06621 57 87.5 10 0.3
165250 1.06621 36 87.5 1 0.3
165250 1.06621 100 87.5 1 0.3
165250 1.06621 60 87.5 1.4 0.3
165250 1.06621 57 87.5 0.6 0.3
165102 1.06143 24 55 -0.6 0.45
165102 1.06143 24 0 -0.6 0.45
164674 1.02256 51 0 -0.2 -0.3
164674 1.02256 57 0 -0.2 -0.3
164674 1.02256 100 0 -0.2 -0.3
164674 1.02256 54 0 -0.2 -0.3
164674 1.02256 36 0 -0.2 -0.3
164674 1.02256 66 0 -0.2 -0.3
164674 1.02256 60 0 -0.2 -0.3
164674 1.02256 48 0 -0.2 -0.3
164674 1.02256 24 0 -0.2 -0.3
164586 1.03227 100 80 1 -0.15
164586 1.03227 51 80 1 -0.45
164586 1.03227 60 80 1 0
164586 1.03227 100 80 1 -0.3
164586 1.03227 100 80 1 0
164586 1.03227 51 80 1 -10
164586 1.03227 57 80 1 0
164586 1.03227 57 80 1 -0.3
164586 1.03227 100 80 1 -0.45
164586 1.03227 57 80 1 -0.15
164586 1.03227 57 80 1 -0.45
164586 1.03227 57 80 1 -10
164586 1.03227 66 80 1 0
164586 1.03227 66 80 1 -0.3
164586 1.03227 66 80 1 -0.15
164586 1.03227 66 80 1 -0.45
164586 1.03227 66 80 1 -10
164586 1.03227 60 80 1 -0.3
164586 1.03227 54 80 1 0
164586 1.03227 48 80 1 0
164586 1.03227 60 80 1 -0.15
164586 1.03227 24 80 1 0
164586 1.03227 48 80 1 -0.15
164586 1.03227 48 80 1 -0.45
164586 1.03227 51 80 1 -0.15
164586 1.03227 24 80 1 -0.3
164586 1.03227 60 80 1 -0.45
164586 1.03227 60 80 1 -10
164586 1.03227 54 80 1 -0.3
164586 1.03227 100 80 1 -10
164586 1.03227 51 80 1 -0.3
164586 1.03227 24 80 1 -0.15
164586 1.03227 48 80 1 -10
164586 1.03227 24 80 1 -0.45
164586 1.03227 36 80 1 0
164586 1.03227 51 80 1 0
164586 1.03227 54 80 1 -0.15
164586 1.03227 48 80 1 -0.3
164586 1.03227 54 80 1 -0.45
164586 1.03227 54 80 1 -10
164586 1.03227 36 80 1 -0.3
164586 1.03227 36 80 1 -0.15
164586 1.03227 36 80 1 -0.45
164586 1.03227 24 80 1 -10
164586 1.03227 36 80 1 -10
164330 1.64339 36 85 10 1.2
164330 1.64339 24 85 10 1.2
164330 1.64339 51 85 0.6 1.2
164330 1.64339 100 85 1 1.2
164330 1.64339 54 85 10 1.2
164330 1.64339 57 85 0.6 1.2
164330 1.64339 36 85 0.6 1.2
164330 1.64339 24 85 1 1.2
164330 1.64339 48 85 10 1.2
164330 1.64339 100 85 0.6 1.2
164330 1.64339 54 85 1 1.2
164330 1.64339 36 85 1.4 1.2
164330 1.64339 24 85 1.4 1.2
164330 1.64339 54 85 0.6 1.2
164330 1.64339 54 85 1.4 1.2
164330 1.64339 51 85 1 1.2
164330 1.64339 60 85 1.4 1.2
164330 1.64339 51 85 10 1.2
164330 1.64339 48 85 0.6 1.2
164330 1.64339 66 85 0.6 1.2
164330 1.64339 66 85 10 1.2
164330 1.64339 36 85 1 1.2
164330 1.64339 60 85 1 1.2
164330 1.64339 57 85 1 1.2
164330 1.64339 60 85 10 1.2
164330 1.64339 100 85 10 1.2
164330 1.64339 24 85 0.6 1.2
164330 1.64339 51 85 1.4 1.2
164330 1.64339 48 85 1 1.2
164330 1.64339 48 85 1.4 1.2
164330 1.64339 100 85 1.4 1.2
164330 1.64339 66 85 1.4 1.2
164330 1.64339 60 85 0.6 1.2
164330 1.64339 57 85 1.4 1.2
164330 1.64339 66 85 1 1.2
164330 1.64339 57 85 10 1.2
163929 1.03891 12 0 -1 -10
163847 1.0218 12 0 -0.2 -0.45
163776 1.03183 100 45 -0.8 -10
163776 1.03183 57 45 -0.8 -10
163776 1.03183 24 45 -0.8 -10
163776 1.03183 48 45 -0.8 -10
163776 1.03183 36 45 -0.8 -10
163776 1.03183 51 45 -0.8 -10
163776 1.03183 66 45 -0.8 -10
163776 1.03183 60 45 -0.8 -10
163776 1.03183 54 45 -0.8 -10
163548 1.05401 48 65 -1 -10
163548 1.05401 24 65 -1 -10
163548 1.05401 60 65 -1 -10
163548 1.05401 51 65 -1 -10
163548 1.05401 24 65 -1 -0.3
163548 1.05401 54 65 -1 -10
163548 1.05401 100 65 -1 -10
163548 1.05401 36 65 -1 -10
163548 1.05401 66 65 -1 -10
163548 1.05401 36 65 -1 -0.3
163548 1.05401 57 65 -1 -10
162192 1.04783 48 85 10 0.3
162192 1.04783 60 85 10 0.3
162192 1.04783 54 85 10 0.3
162192 1.04783 100 85 10 0.3
162192 1.04783 66 85 10 0.3
162192 1.04783 36 85 10 0.3
162192 1.04783 51 85 10 0.3
162192 1.04783 57 85 10 0.3
162192 1.04783 24 85 10 0.3
161905 1.06074 12 45 -1.2 -0.15
161764 1.03293 24 45 -0.8 -0.45
161764 1.03293 36 45 -0.8 -0.45
161764 1.03293 36 45 -0.8 -0.3
161764 1.03293 24 45 -0.8 -0.3
161279 1.02356 48 75 0.6 -10
161279 1.02356 48 75 0.6 -0.45
161279 1.02356 66 75 0.6 -0.45
161279 1.02356 60 75 0.6 -0.15
161279 1.02356 60 75 0.6 -0.3
161279 1.02356 51 75 0.6 -0.3
161279 1.02356 66 75 0.6 -0.15
161279 1.02356 36 75 0.6 -10
161279 1.02356 51 75 0.6 -0.15
161279 1.02356 48 75 0.6 -0.15
161279 1.02356 100 75 0.6 -0.3
161279 1.02356 48 75 0.6 -0.3
161279 1.02356 51 75 0.6 -0.45
161279 1.02356 51 75 0.6 -10
161279 1.02356 66 75 0.6 -10
161279 1.02356 36 75 0.6 -0.45
161279 1.02356 60 75 0.6 -0.45
161279 1.02356 100 75 0.6 -0.15
161279 1.02356 100 75 0.6 -0.45
161279 1.02356 100 75 0.6 -10
161279 1.02356 57 75 0.6 -10
161279 1.02356 57 75 0.6 -0.45
161279 1.02356 60 75 0.6 -10
161279 1.02356 57 75 0.6 -0.15
161279 1.02356 24 75 0.6 -10
161279 1.02356 24 75 0.6 -0.45
161279 1.02356 36 75 0.6 -0.15
161279 1.02356 54 75 0.6 -0.3
161279 1.02356 54 75 0.6 -10
161279 1.02356 54 75 0.6 -0.15
161279 1.02356 36 75 0.6 -0.3
161279 1.02356 24 75 0.6 -0.15
161279 1.02356 24 75 0.6 -0.3
161279 1.02356 54 75 0.6 -0.45
161279 1.02356 57 75 0.6 -0.3
161279 1.02356 66 75 0.6 -0.3
161105 1.01362 12 0 -0.2 -10
160010 1.03676 24 55 -0.6 0.15
160010 1.03676 24 0 -0.6 0.15
159810 1.04942 12 55 -1 -0.15
159459 1.0492 12 55 -1 -0.3
159439 1.0588 12 45 -1.2 -10
159439 1.0588 12 45 -1.2 -0.3
159439 1.0588 12 45 -1.2 -0.45
158690 1.07619 12 65 -1 0
158315 1.31065 60 92.5 -0.6 -10
158315 1.31065 60 92.5 -0.6 0.15
158315 1.31065 100 92.5 -0.6 0.15
158315 1.31065 54 92.5 -0.6 0
158315 1.31065 54 92.5 -0.6 0.15
158315 1.31065 54 92.5 -0.6 -10
158315 1.31065 48 92.5 -0.6 -10
158315 1.31065 60 92.5 -0.6 0
158315 1.31065 48 92.5 -0.6 0.15
158315 1.31065 48 92.5 -0.6 0
158315 1.31065 51 92.5 -0.6 -10
158315 1.31065 66 92.5 -0.6 -10
158315 1.31065 66 92.5 -0.6 0
158315 1.31065 100 92.5 -0.6 0
158315 1.31065 57 92.5 -0.6 -10
158315 1.31065 100 92.5 -0.6 -10
158315 1.31065 66 92.5 -0.6 0.15
158315 1.31065 57 92.5 -0.6 0.15
158315 1.31065 57 92.5 -0.6 0
158315 1.31065 51 92.5 -0.6 0.15
158315 1.31065 51 92.5 -0.6 0
158032 1.03332 24 45 -0.8 -0.15
158032 1.03332 36 45 -0.8 -0.15
157508 1.06313 24 65 -0.6 0.45
157329 1.04813 12 55 -1 -0.45
157329 1.04813 12 55 -1 -10
157263 1.03544 51 45 -0.8 0
157263 1.03544 48 45 -0.8 0
157263 1.03544 54 45 -0.8 0
157263 1.03544 57 45 -0.8 0
157263 1.03544 36 45 -0.8 0
157263 1.03544 66 45 -0.8 0
157263 1.03544 60 45 -0.8 0
157263 1.03544 100 45 -0.8 0
157263 1.03544 24 45 -0.8 0
156893 1.03529 24 0 -1 -0.3
156893 1.03529 36 0 -1 -0.3
156740 1.05578 48 0 -1 0.15
156740 1.05578 66 55 -1 0.15
156740 1.05578 57 0 -1 0.15
156740 1.05578 36 55 -1 0.15
156740 1.05578 100 0 -1 0.15
156740 1.05578 24 0 -1 0.15
156740 1.05578 51 0 -1 0.15
156740 1.05578 24 55 -1 0.15
156740 1.05578 51 55 -1 0.15
156740 1.05578 57 55 -1 0.15
156740 1.05578 48 55 -1 0.15
156740 1.05578 66 0 -1 0.15
156740 1.05578 60 0 -1 0.15
156740 1.05578 54 55 -1 0.15
156740 1.05578 100 55 -1 0.15
156740 1.05578 36 0 -1 0.15
156740 1.05578 54 0 -1 0.15
156740 1.05578 60 55 -1 0.15
155757 1.05495 36 65 -1 0
155757 1.05495 51 65 -1 0
155757 1.05495 60 65 -1 0
155757 1.05495 100 65 -1 0
155757 1.05495 57 65 -1 0
155757 1.05495 48 65 -1 0
155757 1.05495 66 65 -1 0
155757 1.05495 24 65 -1 0
155757 1.05495 54 65 -1 0
154367 1.12123 66 80 -0.2 0.6
154367 1.12123 48 80 -0.2 0.6
154367 1.12123 36 80 -0.2 0.6
154367 1.12123 54 80 -0.2 0.6
154367 1.12123 51 80 -0.2 0.6
154367 1.12123 60 80 -0.2 0.6
154367 1.12123 57 80 -0.2 0.6
154367 1.12123 24 80 -0.2 0.6
154367 1.12123 100 80 -0.2 0.6
154353 1.08479 12 75 -1 0
153773 1.29711 66 92.5 10 0.3
153773 1.29711 48 92.5 -0.2 0.3
153773 1.29711 60 92.5 1 0.3
153773 1.29711 51 92.5 -0.2 0.3
153773 1.29711 66 92.5 -0.2 0.3
153773 1.29711 54 92.5 1 0.3
153773 1.29711 57 92.5 1 0.3
153773 1.29711 57 92.5 10 0.3
153773 1.29711 100 92.5 -0.2 0.3
153773 1.29711 60 92.5 10 0.3
153773 1.29711 51 92.5 1 0.3
153773 1.29711 48 92.5 10 0.3
153773 1.29711 66 92.5 1 0.3
153773 1.29711 54 92.5 -0.2 0.3
153773 1.29711 57 92.5 -0.2 0.3
153773 1.29711 51 92.5 10 0.3
153773 1.29711 54 92.5 10 0.3
153773 1.29711 60 92.5 -0.2 0.3
153773 1.29711 100 92.5 10 0.3
153773 1.29711 100 92.5 1 0.3
153773 1.29711 48 92.5 1 0.3
153609 1.53616 12 45 10 1.2
153609 1.53616 12 65 10 1.2
153609 1.53616 12 55 10 1.2
153609 1.53616 12 0 10 1.2
153292 1.0467 12 80 1 0.3
152832 1.02937 66 0 -1 -10
152832 1.02937 36 0 -1 -10
152832 1.02937 54 0 -1 -10
152832 1.02937 57 0 -1 -10
152832 1.02937 51 0 -1 -10
152832 1.02937 48 0 -1 -10
152832 1.02937 60 0 -1 -10
152832 1.02937 24 0 -1 -10
152832 1.02937 100 0 -1 -10
152655 1.03596 24 65 -0.6 0.15
152586 1.02104 36 75 1.4 -10
152586 1.02104 57 75 1.4 -10
152586 1.02104 66 75 1.4 -10
152586 1.02104 100 75 1.4 -10
152586 1.02104 24 75 1.4 -10
152586 1.02104 48 75 1.4 -10
152586 1.02104 60 75 1.4 -10
152586 1.02104 54 75 1.4 -10
152586 1.02104 51 75 1.4 -10
152397 1.02101 66 75 1 -10
152397 1.02101 24 75 1 -10
152397 1.02101 54 75 1 -10
152397 1.02101 57 75 1 -10
152397 1.02101 60 75 1 -10
152397 1.02101 36 75 1 -10
152397 1.02101 51 75 1 -10
152397 1.02101 100 75 1 -10
152397 1.02101 48 75 1 -10
152248 1.0972 12 45 -1.2 0
151589 1.06297 100 45 -0.8 0.3
151589 1.06297 36 45 -0.8 0.3
151589 1.06297 60 45 -0.8 0.3
151589 1.06297 24 45 -0.8 0.3
151589 1.06297 51 45 -0.8 0.3
151589 1.06297 48 45 -0.8 0.3
151589 1.06297 54 45 -0.8 0.3
151589 1.06297 57 45 -0.8 0.3
151589 1.06297 66 45 -0.8 0.3
151097 1.04737 12 75 -0.6 -0.15
151097 1.04737 12 75 -0.6 -0.3
150845 1.02144 51 75 0.6 0
150845 1.02144 36 75 0.6 0
150845 1.02144 57 75 0.6 0
150845 1.02144 54 75 0.6 0
150845 1.02144 48 75 0.6 0
150845 1.02144 66 75 0.6 0
150845 1.02144 60 75 0.6 0
150845 1.02144 24 75 0.6 0
150845 1.02144 100 75 0.6 0
150747 1.19154 57 92.5 10 0
150747 1.19154 48 92.5 1 0
150747 1.19154 51 92.5 1 0
150747 1.19154 48 92.5 -0.2 0.15
150747 1.19154 48 92.5 -0.2 -10
150747 1.19154 60 92.5 10 -10
150747 1.19154 54 92.5 -0.2 -10
150747 1.19154 66 92.5 1 0
150747 1.19154 48 92.5 -0.2 0
150747 1.19154 54 92.5 -0.2 0.15
150747 1.19154 100 92.5 10 0
150747 1.19154 57 92.5 -0.2 0
150747 1.19154 51 92.5 -0.2 0
150747 1.19154 54 92.5 10 0
150747 1.19154 54 92.5 -0.2 0
150747 1.19154 100 92.5 -0.2 0
150747 1.19154 66 92.5 1 0.15
150747 1.19154 60 92.5 1 -10
150747 1.19154 66 92.5 10 -10
150747 1.19154 51 92.5 1 -10
150747 1.19154 54 92.5 1 -10
150747 1.19154 54 92.5 1 0.15
150747 1.19154 60 92.5 -0.2 0
150747 1.19154 66 92.5 10 0.15
150747 1.19154 66 92.5 1 -10
150747 1.19154 54 92.5 10 0.15
150747 1.19154 51 92.5 10 0.15
150747 1.19154 60 92.5 -0.2 0.15
150747 1.19154 51 92.5 10 -10
150747 1.19154 100 92.5 -0.2 0.15
150747 1.19154 54 92.5 1 0
150747 1.19154 48 92.5 1 -10
150747 1.19154 100 92.5 -0.2 -10
150747 1.19154 54 92.5 10 -10
150747 1.19154 48 92.5 10 0
150747 1.19154 51 92.5 -0.2 0.15
150747 1.19154 60 92.5 -0.2 -10
150747 1.19154 57 92.5 1 0
150747 1.19154 60 92.5 1 0
150747 1.19154 51 92.5 1 0.15
150747 1.19154 57 92.5 -0.2 0.15
150747 1.19154 51 92.5 -0.2 -10
150747 1.19154 66 92.5 10 0
150747 1.19154 57 92.5 1 0.15
150747 1.19154 60 92.5 10 0
150747 1.19154 48 92.5 10 0.15
150747 1.19154 66 92.5 -0.2 0
150747 1.19154 100 92.5 1 0.15
150747 1.19154 48 92.5 10 -10
150747 1.19154 57 92.5 10 -10
150747 1.19154 57 92.5 1 -10
150747 1.19154 57 92.5 -0.2 -10
150747 1.19154 60 92.5 1 0.15
150747 1.19154 51 92.5 10 0
150747 1.19154 66 92.5 -0.2 -10
150747 1.19154 100 92.5 1 0
150747 1.19154 60 92.5 10 0.15
150747 1.19154 57 92.5 10 0.15
150747 1.19154 48 92.5 1 0.15
150747 1.19154 100 92.5 1 -10
150747 1.19154 100 92.5 10 -10
150747 1.19154 100 92.5 10 0.15
150747 1.19154 66 92.5 -0.2 0.15
150616 1.50623 66 0 1 1.2
150616 1.50623 48 0 1 1.2
150616 1.50623 24 45 0.8 1.2
150616 1.50623 60 45 0.8 1.2
150616 1.50623 60 55 -0.2 1.2
150616 1.50623 57 75 1.4 1.2
150616 1.50623 60 65 -0.2 1.2
150616 1.50623 48 80 -0.2 1.2
150616 1.50623 24 65 -0.2 1.2
150616 1.50623 24 75 1 1.2
150616 1.50623 60 75 0.6 1.2
150616 1.50623 54 65 1 1.2
150616 1.50623 24 65 1 1.2
150616 1.50623 57 0 -0.2 1.2
150616 1.50623 100 75 1.4 1.2
150616 1.50623 54 80 1 1.2
150616 1.50623 51 55 1 1.2
150616 1.50623 36 80 -0.2 1.2
150616 1.50623 48 45 0.8 1.2
150616 1.50623 66 55 -0.2 1.2
150616 1.50623 48 65 1 1.2
150616 1.50623 57 75 0.6 1.2
150616 1.50623 100 45 0.8 1.2
150616 1.50623 100 75 0.6 1.2
150616 1.50623 57 75 1 1.2
150616 1.50623 60 80 -0.2 1.2
150616 1.50623 24 75 0.6 1.2
150616 1.50623 51 75 1.4 1.2
150616 1.50623 57 55 -0.2 1.2
150616 1.50623 36 75 0.6 1.2
150616 1.50623 51 80 -0.2 1.2
150616 1.50623 54 0 1 1.2
150616 1.50623 100 65 -0.2 1.2
150616 1.50623 54 65 -0.2 1.2
150616 1.50623 51 65 1 1.2
150616 1.50623 51 75 0.6 1.2
150616 1.50623 54 80 -0.2 1.2
150616 1.50623 36 55 -0.2 1.2
150616 1.50623 36 65 -0.2 1.2
150616 1.50623 24 0 -0.2 1.2
150616 1.50623 66 80 -0.2 1.2
150616 1.50623 36 75 1 1.2
150616 1.50623 36 55 1 1.2
150616 1.50623 66 75 0.6 1.2
150616 1.50623 54 55 -0.2 1.2
150616 1.50623 24 80 -0.2 1.2
150616 1.50623 100 0 1 1.2
150616 1.50623 51 80 1 1.2
150616 1.50623 66 0 -0.2 1.2
150616 1.50623 60 0 1 1.2
150616 1.50623 66 45 0.8 1.2
150616 1.50623 48 75 0.6 1.2
150616 1.50623 100 0 -0.2 1.2
150616 1.50623 100 75 1 1.2
150616 1.50623 48 75 1 1.2
150616 1.50623 60 75 1.4 1.2
150616 1.50623 66 55 1 1.2
150616 1.50623 100 55 1 1.2
150616 1.50623 36 45 0.8 1.2
150616 1.50623 57 45 0.8 1.2
150616 1.50623 48 55 1 1.2
150616 1.50623 60 80 1 1.2
150616 1.50623 66 75 1 1.2
150616 1.50623 54 75 0.6 1.2
150616 1.50623 36 75 1.4 1.2
150616 1.50623 100 80 1 1.2
150616 1.50623 54 55 1 1.2
150616 1.50623 51 45 0.8 1.2
150616 1.50623 51 0 -0.2 1.2
150616 1.50623 51 0 1 1.2
150616 1.50623 66 75 1.4 1.2
150616 1.50623 57 80 -0.2 1.2
150616 1.50623 48 55 -0.2 1.2
150616 1.50623 48 0 -0.2 1.2
150616 1.50623 54 0 -0.2 1.2
150616 1.50623 36 0 -0.2 1.2
150616 1.50623 100 65 1 1.2
150616 1.50623 51 75 1 1.2
150616 1.50623 57 0 1 1.2
150616 1.50623 60 65 1 1.2
150616 1.50623 24 55 -0.2 1.2
150616 1.50623 48 75 1.4 1.2
150616 1.50623 51 65 -0.2 1.2
150616 1.50623 66 65 -0.2 1.2
150616 1.50623 54 75 1.4 1.2
150616 1.50623 24 80 1 1.2
150616 1.50623 57 55 1 1.2
150616 1.50623 60 0 -0.2 1.2
150616 1.50623 24 55 1 1.2
150616 1.50623 57 65 -0.2 1.2
150616 1.50623 51 55 -0.2 1.2
150616 1.50623 54 45 0.8 1.2
150616 1.50623 100 55 -0.2 1.2
150616 1.50623 54 75 1 1.2
150616 1.50623 57 80 1 1.2
150616 1.50623 60 55 1 1.2
150616 1.50623 48 65 -0.2 1.2
150616 1.50623 66 80 1 1.2
150616 1.50623 60 75 1 1.2
150616 1.50623 24 0 1 1.2
150616 1.50623 36 0 1 1.2
150616 1.50623 66 65 1 1.2
150616 1.50623 100 80 -0.2 1.2
150616 1.50623 36 65 1 1.2
150616 1.50623 36 80 1 1.2
150616 1.50623 48 80 1 1.2
150616 1.50623 24 75 1.4 1.2
150616 1.50623 57 65 1 1.2
149402 1.06471 60 65 -1 0.15
149402 1.06471 51 65 -1 0.15
149402 1.06471 54 65 -1 0.15
149402 1.06471 48 65 -1 0.15
149402 1.06471 36 65 -1 0.15
149402 1.06471 66 65 -1 0.15
149402 1.06471 57 65 -1 0.15
149402 1.06471 100 65 -1 0.15
149402 1.06471 24 65 -1 0.15
149228 1.02721 66 65 -0.2 0.3
149228 1.02721 57 65 -0.2 0.3
149228 1.02721 54 65 -0.2 0.3
149228 1.02721 60 65 -0.2 0.3
149228 1.02721 51 65 -0.2 0.3
149228 1.02721 24 65 -0.2 0.3
149228 1.02721 100 65 -0.2 0.3
149228 1.02721 36 65 -0.2 0.3
149228 1.02721 48 65 -0.2 0.3
148045 1.24458 36 75 1 1.05
148045 1.24458 100 75 1 1.05
148045 1.24458 60 75 1 1.05
148045 1.24458 57 75 1 1.05
148045 1.24458 54 75 1 1.05
148045 1.24458 51 75 1 1.05
148045 1.24458 24 75 1 1.05
148045 1.24458 66 75 1 1.05
148045 1.24458 48 75 1 1.05
147304 1.00913 100 0 -0.2 -10
147304 1.00913 66 0 -0.2 -10
147304 1.00913 57 0 -0.2 -10
147304 1.00913 60 0 -0.2 -10
147304 1.00913 54 0 -0.2 -10
147304 1.00913 36 0 -0.2 -10
147304 1.00913 51 0 -0.2 -10
147304 1.00913 48 0 -0.2 -10
147304 1.00913 24 0 -0.2 -10
146781 1.03306 51 45 -0.4 0.3
146781 1.03306 57 45 -0.4 0.3
146781 1.03306 48 45 -0.4 0.3
146781 1.03306 60 45 -0.4 0.3
146781 1.03306 54 45 -0.4 0.3
146781 1.03306 36 45 -0.4 0.3
146781 1.03306 66 45 -0.4 0.3
146781 1.03306 100 45 -0.4 0.3
146781 1.03306 24 45 -0.4 0.3
146510 1.01555 36 0 -0.2 -0.45
146510 1.01555 100 0 -0.2 -0.45
146510 1.01555 66 0 -0.2 -0.45
146510 1.01555 57 0 -0.2 -0.45
146510 1.01555 48 0 -0.2 -0.45
146510 1.01555 54 0 -0.2 -0.45
146510 1.01555 24 0 -0.2 -0.45
146510 1.01555 51 0 -0.2 -0.45
146510 1.01555 60 0 -0.2 -0.45
146504 1.03573 24 45 -1.2 -0.3
146504 1.03573 36 45 -1.2 -0.3
146504 1.03573 100 45 -1.2 -10
146504 1.03573 54 45 -1.2 -10
146504 1.03573 51 45 -1.2 -10
146504 1.03573 36 45 -1.2 -10
146504 1.03573 48 45 -1.2 -10
146504 1.03573 60 45 -1.2 -10
146504 1.03573 24 45 -1.2 -10
146504 1.03573 57 45 -1.2 -10
146504 1.03573 66 45 -1.2 -10
146464 1.04463 12 75 -0.6 -10
146464 1.04463 12 75 -0.6 -0.45
146082 1.04322 51 80 -0.2 0.3
146082 1.04322 60 80 -0.2 0.3
146082 1.04322 100 80 -0.2 0.3
146082 1.04322 24 80 -0.2 0.3
146082 1.04322 57 80 -0.2 0.3
146082 1.04322 36 80 -0.2 0.3
146082 1.04322 66 80 -0.2 0.3
146082 1.04322 48 80 -0.2 0.3
146082 1.04322 54 80 -0.2 0.3
144752 1.03182 100 55 -1 -10
144752 1.03182 24 55 -1 -10
144752 1.03182 57 55 -1 -10
144752 1.03182 54 55 -1 -10
144752 1.03182 48 55 -1 -10
144752 1.03182 24 55 -1 -0.3
144752 1.03182 36 55 -1 -10
144752 1.03182 51 55 -1 -10
144752 1.03182 36 55 -1 -0.3
144752 1.03182 60 55 -1 -10
144752 1.03182 66 55 -1 -10
144717 1.10254 57 87.5 1.4 0.6
144717 1.10254 48 87.5 1 0.6
144717 1.10254 57 87.5 0.6 0.6
144717 1.10254 54 87.5 1 0.6
144717 1.10254 66 87.5 0.6 0.6
144717 1.10254 60 87.5 0.6 0.6
144717 1.10254 60 87.5 1.4 0.6
144717 1.10254 36 87.5 0.6 0.6
144717 1.10254 36 87.5 10 0.6
144717 1.10254 66 87.5 10 0.6
144717 1.10254 57 87.5 10 0.6
144717 1.10254 54 87.5 1.4 0.6
144717 1.10254 100 87.5 10 0.6
144717 1.10254 48 87.5 1.4 0.6
144717 1.10254 51 87.5 0.6 0.6
144717 1.10254 66 87.5 1.4 0.6
144717 1.10254 48 87.5 0.6 0.6
144717 1.10254 36 87.5 1.4 0.6
144717 1.10254 54 87.5 10 0.6
144717 1.10254 51 87.5 10 0.6
144717 1.10254 60 87.5 10 0.6
144717 1.10254 60 87.5 1 0.6
144717 1.10254 51 87.5 1.4 0.6
144717 1.10254 57 87.5 1 0.6
144717 1.10254 51 87.5 1 0.6
144717 1.10254 48 87.5 10 0.6
144717 1.10254 100 87.5 0.6 0.6
144717 1.10254 100 87.5 1.4 0.6
144717 1.10254 36 87.5 1 0.6
144717 1.10254 100 87.5 1 0.6
144717 1.10254 66 87.5 1 0.6
144717 1.10254 54 87.5 0.6 0.6
144616 1.02516 57 0 -0.2 0.3
144616 1.02516 51 0 -0.2 0.3
144616 1.02516 48 0 -0.2 0.3
144616 1.02516 57 55 -0.2 0.3
144616 1.02516 36 0 -0.2 0.3
144616 1.02516 100 0 -0.2 0.3
144616 1.02516 48 55 -0.2 0.3
144616 1.02516 100 55 -0.2 0.3
144616 1.02516 60 55 -0.2 0.3
144616 1.02516 60 0 -0.2 0.3
144616 1.02516 54 55 -0.2 0.3
144616 1.02516 66 0 -0.2 0.3
144616 1.02516 36 55 -0.2 0.3
144616 1.02516 24 0 -0.2 0.3
144616 1.02516 51 55 -0.2 0.3
144616 1.02516 66 55 -0.2 0.3
144616 1.02516 54 0 -0.2 0.3
144616 1.02516 24 55 -0.2 0.3
142833 1.03048 12 85 1 -0.15
142833 1.03048 12 85 1.4 -0.3
142833 1.03048 12 85 1.4 -10
142833 1.03048 12 85 1 -0.45
142833 1.03048 12 85 1 -0.3
142833 1.03048 12 85 1.4 -0.15
142833 1.03048 12 85 1 0
142833 1.03048 12 85 1.4 0
142833 1.03048 12 85 1 -10
142833 1.03048 12 85 1.4 -0.45
142714 1.01882 36 75 1.4 0
142714 1.01882 66 75 1.4 0
142714 1.01882 100 75 1.4 0
142714 1.01882 48 75 1.4 0
142714 1.01882 60 75 1.4 0
142714 1.01882 24 75 1.4 0
142714 1.01882 54 75 1.4 0
142714 1.01882 51 75 1.4 0
142714 1.01882 57 75 1.4 0
142546 1.03032 12 85 0.6 -0.15
142546 1.03032 12 85 0.6 0
142546 1.03032 12 85 0.6 -10
142546 1.03032 12 85 0.6 -0.45
142546 1.03032 12 85 0.6 -0.3
142533 1.01879 24 75 1 0
142533 1.01879 36 75 1 0
142533 1.01879 100 75 1 0
142533 1.01879 51 75 1 0
142533 1.01879 60 75 1 0
142533 1.01879 54 75 1 0
142533 1.01879 48 75 1 0
142533 1.01879 66 75 1 0
142533 1.01879 57 75 1 0
142243 1.06192 51 45 0.8 0.75
142243 1.06192 24 45 0.8 0.75
142243 1.06192 36 45 0.8 0.75
142243 1.06192 54 45 0.8 0.75
142243 1.06192 100 45 0.8 0.75
142243 1.06192 57 45 0.8 0.75
142243 1.06192 66 45 0.8 0.75
142243 1.06192 60 45 0.8 0.75
142243 1.06192 48 45 0.8 0.75
140963 1.04801 36 45 -1.2 0
140963 1.04801 100 45 -1.2 0
140963 1.04801 24 45 -1.2 0
140963 1.04801 48 45 -1.2 0
140963 1.04801 51 45 -1.2 0
140963 1.04801 57 45 -1.2 0
140963 1.04801 54 45 -1.2 0
140963 1.04801 66 45 -1.2 0
140963 1.04801 60 45 -1.2 0
140393 1.05132 12 75 -0.6 0
139404 1.02476 12 77.5 10 -0.15
139404 1.02476 12 77.5 10 -0.3
139404 1.02476 12 77.5 10 -10
139404 1.02476 12 77.5 10 -0.45
139404 1.02476 12 77.5 10 0
139354 1.03014 12 85 10 -0.15
139354 1.03014 12 85 10 -0.45
139354 1.03014 12 85 10 -0.3
139354 1.03014 12 85 10 -10
139354 1.03014 12 85 10 0
138690 1.03398 60 55 -0.6 0.3
138690 1.03398 100 55 -0.6 0.3
138690 1.03398 100 0 -0.6 0.3
138690 1.03398 54 0 -0.6 0.3
138690 1.03398 36 0 -0.6 0.3
138690 1.03398 57 55 -0.6 0.3
138690 1.03398 51 0 -0.6 0.3
138690 1.03398 36 55 -0.6 0.3
138690 1.03398 51 55 -0.6 0.3
138690 1.03398 60 0 -0.6 0.3
138690 1.03398 66 0 -0.6 0.3
138690 1.03398 48 0 -0.6 0.3
138690 1.03398 48 55 -0.6 0.3
138690 1.03398 24 0 -0.6 0.3
138690 1.03398 66 55 -0.6 0.3
138690 1.03398 24 55 -0.6 0.3
138690 1.03398 54 55 -0.6 0.3
138690 1.03398 57 0 -0.6 0.3
138634 1.08185 54 65 1 0.9
138634 1.08185 36 65 1 0.9
138634 1.08185 60 65 1 0.9
138634 1.08185 66 65 1 0.9
138634 1.08185 48 65 1 0.9
138634 1.08185 24 65 1 0.9
138634 1.08185 51 65 1 0.9
138634 1.08185 57 65 1 0.9
138634 1.08185 100 65 1 0.9
137607 1.02838 12 80 10 0
137607 1.02838 12 80 10 -0.45
137607 1.02838 12 80 10 -10
137607 1.02838 12 80 10 -0.15
137607 1.02838 12 80 10 -0.3
137530 1.04465 36 90 0.6 0
137530 1.04465 36 90 1.4 -10
137530 1.04465 36 90 1 -0.3
137530 1.04465 36 90 1 -0.15
137530 1.04465 36 90 1.4 -0.45
137530 1.04465 36 90 1.4 -0.15
137530 1.04465 36 90 1.4 -0.3
137530 1.04465 36 90 1 -0.45
137530 1.04465 36 90 10 -10
137530 1.04465 36 90 1 -10
137530 1.04465 36 90 0.6 -0.3
137530 1.04465 36 90 10 -0.45
137530 1.04465 36 90 10 -0.3
137530 1.04465 36 90 10 -0.15
137530 1.04465 36 90 1.4 0
137530 1.04465 36 90 0.6 -0.15
137530 1.04465 36 90 10 0
137530 1.04465 36 90 1 0
137530 1.04465 36 90 0.6 -0.45
137530 1.04465 36 90 0.6 -10
135334 1.07648 100 45 0.8 0.9
135334 1.07648 51 55 1 0.9
135334 1.07648 36 0 1 0.9
135334 1.07648 51 45 0.8 0.9
135334 1.07648 24 55 1 0.9
135334 1.07648 36 55 1 0.9
135334 1.07648 57 45 0.8 0.9
135334 1.07648 24 0 1 0.9
135334 1.07648 100 55 1 0.9
135334 1.07648 60 55 1 0.9
135334 1.07648 60 0 1 0.9
135334 1.07648 100 0 1 0.9
135334 1.07648 60 45 0.8 0.9
135334 1.07648 66 0 1 0.9
135334 1.07648 24 45 0.8 0.9
135334 1.07648 48 55 1 0.9
135334 1.07648 48 45 0.8 0.9
135334 1.07648 66 55 1 0.9
135334 1.07648 54 45 0.8 0.9
135334 1.07648 54 0 1 0.9
135334 1.07648 36 45 0.8 0.9
135334 1.07648 66 45 0.8 0.9
135334 1.07648 54 55 1 0.9
135334 1.07648 48 0 1 0.9
135334 1.07648 57 55 1 0.9
135334 1.07648 51 0 1 0.9
135334 1.07648 57 0 1 0.9
134710 1.01754 12 75 1 -10
133175 1.19521 24 75 10 1.2
133175 1.19521 36 75 10 1.2
133175 1.19521 51 75 10 1.2
133175 1.19521 48 75 10 1.2
133175 1.19521 60 75 10 1.2
133175 1.19521 66 75 10 1.2
133175 1.19521 100 75 10 1.2
133175 1.19521 57 75 10 1.2
133175 1.19521 54 75 10 1.2
132308 1.03271 100 65 -0.6 0.3
132308 1.03271 48 65 -0.6 0.3
132308 1.03271 60 65 -0.6 0.3
132308 1.03271 57 65 -0.6 0.3
132308 1.03271 24 65 -0.6 0.3
132308 1.03271 54 65 -0.6 0.3
132308 1.03271 51 65 -0.6 0.3
132308 1.03271 36 65 -0.6 0.3
132308 1.03271 66 65 -0.6 0.3
131991 1.02389 12 65 -0.2 0.3
131973 1.08017 48 85 1.4 0.6
131973 1.08017 66 85 1 0.6
131973 1.08017 100 85 0.6 0.6
131973 1.08017 24 85 1.4 0.6
131973 1.08017 66 85 1.4 0.6
131973 1.08017 51 85 0.6 0.6
131973 1.08017 57 85 1 0.6
131973 1.08017 66 85 0.6 0.6
131973 1.08017 24 85 1 0.6
131973 1.08017 36 85 1.4 0.6
131973 1.08017 48 85 0.6 0.6
131973 1.08017 100 85 1 0.6
131973 1.08017 51 85 1.4 0.6
131973 1.08017 24 85 0.6 0.6
131973 1.08017 36 85 1 0.6
131973 1.08017 54 85 1.4 0.6
131973 1.08017 60 85 1 0.6
131973 1.08017 48 85 1 0.6
131973 1.08017 54 85 1 0.6
131973 1.08017 100 85 1.4 0.6
131973 1.08017 57 85 1.4 0.6
131973 1.08017 57 85 0.6 0.6
131973 1.08017 54 85 0.6 0.6
131973 1.08017 60 85 1.4 0.6
131973 1.08017 51 85 1 0.6
131973 1.08017 60 85 0.6 0.6
131973 1.08017 36 85 0.6 0.6
131481 1.02356 12 0 -0.2 0.3
131481 1.02356 12 55 -0.2 0.3
131048 1.18815 57 55 10 1.2
131048 1.18815 60 65 10 1.2
131048 1.18815 66 55 10 1.2
131048 1.18815 24 55 10 1.2
131048 1.18815 60 0 10 1.2
131048 1.18815 100 45 10 1.2
131048 1.18815 100 65 10 1.2
131048 1.18815 54 55 10 1.2
131048 1.18815 66 65 10 1.2
131048 1.18815 36 55 10 1.2
131048 1.18815 54 0 10 1.2
131048 1.18815 51 65 10 1.2
131048 1.18815 51 55 10 1.2
131048 1.18815 57 65 10 1.2
131048 1.18815 36 65 10 1.2
131048 1.18815 66 45 10 1.2
131048 1.18815 36 45 10 1.2
131048 1.18815 66 0 10 1.2
131048 1.18815 51 45 10 1.2
131048 1.18815 24 65 10 1.2
131048 1.18815 48 55 10 1.2
131048 1.18815 100 0 10 1.2
131048 1.18815 100 55 10 1.2
131048 1.18815 48 45 10 1.2
131048 1.18815 24 45 10 1.2
131048 1.18815 54 65 10 1.2
131048 1.18815 57 0 10 1.2
131048 1.18815 60 45 10 1.2
131048 1.18815 48 0 10 1.2
131048 1.18815 51 0 10 1.2
131048 1.18815 48 65 10 1.2
131048 1.18815 24 0 10 1.2
131048 1.18815 60 55 10 1.2
131048 1.18815 57 45 10 1.2
131048 1.18815 54 45 10 1.2
131048 1.18815 36 0 10 1.2
130220 1.02385 100 80 1 0.3
130220 1.02385 66 80 1 0.3
130220 1.02385 51 80 1 0.3
130220 1.02385 54 80 1 0.3
130220 1.02385 24 80 1 0.3
130220 1.02385 48 80 1 0.3
130220 1.02385 57 80 1 0.3
130220 1.02385 36 80 1 0.3
130220 1.02385 60 80 1 0.3
129733 1.01257 66 75 10 -10
129733 1.01257 51 75 10 -10
129733 1.01257 100 75 10 -10
129733 1.01257 60 75 10 -10
129733 1.01257 57 75 10 -10
129733 1.01257 54 75 10 -10
129733 1.01257 24 75 10 -10
129733 1.01257 48 75 10 -10
129733 1.01257 36 75 10 -10
129291 1.03275 100 65 1 0.6
129291 1.03275 24 65 1 0.6
129291 1.03275 54 65 1 0.6
129291 1.03275 60 65 1 0.6
129291 1.03275 66 65 1 0.6
129291 1.03275 48 65 1 0.6
129291 1.03275 36 65 1 0.6
129291 1.03275 57 65 1 0.6
129291 1.03275 51 65 1 0.6
128752 1.06171 36 85 10 0.6
128752 1.06171 57 85 10 0.6
128752 1.06171 60 85 10 0.6
128752 1.06171 51 85 10 0.6
128752 1.06171 48 85 10 0.6
128752 1.06171 24 85 10 0.6
128752 1.06171 66 85 10 0.6
128752 1.06171 100 85 10 0.6
128752 1.06171 54 85 10 0.6
128526 1.02874 54 75 -0.6 -10
128526 1.02874 60 75 -0.6 0
128526 1.02874 48 75 -0.6 0
128526 1.02874 60 75 -0.6 -10
128526 1.02874 51 75 -0.6 -10
128526 1.02874 24 75 -0.6 -10
128526 1.02874 48 75 -0.6 -10
128526 1.02874 24 75 -0.6 0.15
128526 1.02874 57 75 -0.6 -10
128526 1.02874 51 75 -0.6 0
128526 1.02874 36 75 -0.6 0
128526 1.02874 54 75 -0.6 0
128526 1.02874 100 75 -0.6 -10
128526 1.02874 66 75 -0.6 0
128526 1.02874 24 75 -0.6 0
128526 1.02874 36 75 -0.6 -10
128526 1.02874 57 75 -0.6 0
128526 1.02874 100 75 -0.6 0
128526 1.02874 66 75 -0.6 -10
128213 1.0607 12 77.5 10 0.6
128000 1.02293 12 77.5 10 0.3
127796 1.05599 12 65 1 0.6
127796 1.05599 12 0 1 0.6
127796 1.05599 12 55 1 0.6
127279 1.05512 12 45 0.8 0.6
126990 1.0162 12 75 1 0.15
126702 1.0305 100 0 1 0.6
126702 1.0305 36 55 1 0.6
126702 1.0305 48 55 1 0.6
126702 1.0305 48 0 1 0.6
126702 1.0305 51 55 1 0.6
126702 1.0305 24 55 1 0.6
126702 1.0305 66 0 1 0.6
126702 1.0305 54 0 1 0.6
126702 1.0305 60 0 1 0.6
126702 1.0305 24 0 1 0.6
126702 1.0305 57 55 1 0.6
126702 1.0305 51 0 1 0.6
126702 1.0305 36 0 1 0.6
126702 1.0305 100 55 1 0.6
126702 1.0305 60 55 1 0.6
126702 1.0305 54 55 1 0.6
126702 1.0305 66 55 1 0.6
126702 1.0305 57 0 1 0.6
126665 1.02695 12 80 10 0.3
126188 1.03006 51 45 0.8 0.6
126188 1.03006 24 45 0.8 0.6
126188 1.03006 100 45 0.8 0.6
126188 1.03006 36 45 0.8 0.6
126188 1.03006 57 45 0.8 0.6
126188 1.03006 54 45 0.8 0.6
126188 1.03006 60 45 0.8 0.6
126188 1.03006 66 45 0.8 0.6
126188 1.03006 48 45 0.8 0.6
125106 1.01089 24 65 1 0
125106 1.01089 36 65 1 0
125106 1.01089 66 65 1 0
125106 1.01089 57 65 1 0
125106 1.01089 48 65 1 0
125106 1.01089 54 65 1 0
125106 1.01089 51 65 1 0
125106 1.01089 60 65 1 0
125106 1.01089 100 65 1 0
125080 1.05133 24 87.5 -0.6 0.15
123855 1.06403 12 75 1 0.6
123700 1.01552 60 75 0.6 0.3
123700 1.01552 48 75 0.6 0.3
123700 1.01552 51 75 0.6 0.3
123700 1.01552 57 75 0.6 0.3
123700 1.01552 100 75 0.6 0.3
123700 1.01552 24 75 0.6 0.3
123700 1.01552 36 75 0.6 0.3
123700 1.01552 54 75 0.6 0.3
123700 1.01552 66 75 0.6 0.3
123230 1.02592 24 87.5 0.6 -0.45
123230 1.02592 24 87.5 0.6 -10
123230 1.02592 24 87.5 0.6 -0.15
123230 1.02592 24 87.5 0.6 0
123230 1.02592 24 87.5 0.6 -0.3
123002 1.07053 57 75 1 0.9
123002 1.07053 24 75 1.4 0.9
123002 1.07053 24 75 1 0.9
123002 1.07053 57 75 1.4 0.9
123002 1.07053 66 75 1 0.9
123002 1.07053 36 75 1.4 0.9
123002 1.07053 36 75 1 0.9
123002 1.07053 51 75 1.4 0.9
123002 1.07053 51 75 1 0.9
123002 1.07053 66 75 1.4 0.9
123002 1.07053 60 75 1.4 0.9
123002 1.07053 100 75 1 0.9
123002 1.07053 100 75 1.4 0.9
123002 1.07053 54 75 1.4 0.9
123002 1.07053 48 75 1 0.9
123002 1.07053 54 75 1 0.9
123002 1.07053 48 75 1.4 0.9
123002 1.07053 60 75 1 0.9
122982 1.02572 24 87.5 1.4 -10
122982 1.02572 24 87.5 10 0
122982 1.02572 24 87.5 1 -10
122982 1.02572 24 87.5 10 -0.3
122982 1.02572 24 87.5 1 -0.15
122982 1.02572 24 87.5 1 -0.3
122982 1.02572 24 87.5 10 -0.15
122982 1.02572 24 87.5 1.4 -0.15
122982 1.02572 24 87.5 1 0
122982 1.02572 24 87.5 1 -0.45
122982 1.02572 24 87.5 10 -0.45
122982 1.02572 24 87.5 10 -10
122982 1.02572 24 87.5 1.4 -0.45
122982 1.02572 24 87.5 1.4 0
122982 1.02572 24 87.5 1.4 -0.3
122795 1.05834 12 80 10 0.6
122554 1.01003 48 65 1 -10
122554 1.01003 36 65 1 -10
122554 1.01003 66 65 1 -10
122554 1.01003 57 65 1 -10
122554 1.01003 60 65 1 -10
122554 1.01003 24 65 1 -10
122554 1.01003 51 65 1 -10
122554 1.01003 100 65 1 -10
122554 1.01003 54 65 1 -10
121627 1.10358 54 75 1.4 1.05
121627 1.10358 51 75 1.4 1.05
121627 1.10358 24 75 1.4 1.05
121627 1.10358 66 75 1.4 1.05
121627 1.10358 48 75 1.4 1.05
121627 1.10358 36 75 1.4 1.05
121627 1.10358 60 75 1.4 1.05
121627 1.10358 100 75 1.4 1.05
121627 1.10358 57 75 1.4 1.05
121573 1.01369 12 75 1 0
121476 1.02894 12 90 1 -0.45
121476 1.02894 24 90 1.4 -10
121476 1.02894 12 90 10 -0.3
121476 1.02894 12 90 10 -0.15
121476 1.02894 12 90 1.4 -0.15
121476 1.02894 12 90 0.6 -0.3
121476 1.02894 12 90 10 0
121476 1.02894 12 90 10 -0.45
121476 1.02894 12 90 1 0
121476 1.02894 24 90 10 -0.45
121476 1.02894 24 90 1 -0.3
121476 1.02894 24 90 1 -0.15
121476 1.02894 12 90 1 -0.3
121476 1.02894 24 90 10 -10
121476 1.02894 24 90 1 -10
121476 1.02894 12 90 1 -10
121476 1.02894 24 90 10 -0.15
121476 1.02894 12 90 0.6 -10
121476 1.02894 12 90 1.4 -0.45
121476 1.02894 12 90 0.6 -0.45
121476 1.02894 12 90 0.6 -0.15
121476 1.02894 24 90 10 -0.3
121476 1.02894 24 90 10 0
121476 1.02894 24 90 0.6 -10
121476 1.02894 12 90 10 -10
121476 1.02894 24 90 0.6 -0.45
121476 1.02894 12 90 1 -0.15
121476 1.02894 24 90 0.6 -0.15
121476 1.02894 24 90 0.6 -0.3
121476 1.02894 24 90 0.6 0
121476 1.02894 12 90 1.4 0
121476 1.02894 24 90 1.4 0
121476 1.02894 12 90 1.4 -10
121476 1.02894 24 90 1 -0.45
121476 1.02894 12 90 0.6 0
121476 1.02894 12 90 1.4 -0.3
121476 1.02894 24 90 1 0
121476 1.02894 24 90 1.4 -0.45
121476 1.02894 24 90 1.4 -0.15
121476 1.02894 24 90 1.4 -0.3
121367 1.03428 60 65 1 0.75
121367 1.03428 24 65 1 0.75
121367 1.03428 66 65 1 0.75
121367 1.03428 100 65 1 0.75
121367 1.03428 36 65 1 0.75
121367 1.03428 57 65 1 0.75
121367 1.03428 48 65 1 0.75
121367 1.03428 54 65 1 0.75
121367 1.03428 51 65 1 0.75
121342 1.01017 48 75 10 0
121342 1.01017 66 75 10 0
121342 1.01017 36 75 10 0
121342 1.01017 51 75 10 0
121342 1.01017 57 75 10 0
121342 1.01017 24 75 10 0
121342 1.01017 60 75 10 0
121342 1.01017 100 75 10 0
121342 1.01017 54 75 10 0
121210 1.02888 36 75 -0.6 0.3
121210 1.02888 48 75 -0.6 0.3
121210 1.02888 57 75 -0.6 0.3
121210 1.02888 66 75 -0.6 0.3
121210 1.02888 54 75 -0.6 0.3
121210 1.02888 51 75 -0.6 0.3
121210 1.02888 24 75 -0.6 0.3
121210 1.02888 60 75 -0.6 0.3
121210 1.02888 100 75 -0.6 0.3
119840 1.05425 24 87.5 -0.6 0.3
119438 1.01607 12 82.5 1.4 0.3
119349 1.06468 24 87.5 -0.6 0.45
118933 1.03145 24 55 1 0.75
118933 1.03145 100 0 1 0.75
118933 1.03145 100 55 1 0.75
118933 1.03145 54 55 1 0.75
118933 1.03145 60 55 1 0.75
118933 1.03145 36 55 1 0.75
118933 1.03145 48 55 1 0.75
118933 1.03145 54 0 1 0.75
118933 1.03145 66 0 1 0.75
118933 1.03145 24 0 1 0.75
118933 1.03145 66 55 1 0.75
118933 1.03145 36 0 1 0.75
118933 1.03145 60 0 1 0.75
118933 1.03145 57 55 1 0.75
118933 1.03145 51 55 1 0.75
118933 1.03145 48 0 1 0.75
118933 1.03145 57 0 1 0.75
118933 1.03145 51 0 1 0.75
118498 1.14648 57 80 10 1.2
118498 1.14648 60 80 10 1.2
118498 1.14648 54 80 10 1.2
118498 1.14648 24 80 10 1.2
118498 1.14648 51 80 10 1.2
118498 1.14648 66 80 10 1.2
118498 1.14648 36 80 10 1.2
118498 1.14648 48 80 10 1.2
118498 1.14648 100 80 10 1.2
118301 1.01733 12 75 -0.2 0.3
117906 1.09656 36 90 -0.6 -0.45
117906 1.09656 36 90 -0.6 -10
117906 1.09656 36 90 -0.6 -0.3
117906 1.09656 36 90 -0.6 0
117906 1.09656 36 90 -0.6 -0.15
117556 1.08474 24 80 -1 0.6
117556 1.08474 36 80 -1 0.3
117556 1.08474 36 80 -1 0.6
117556 1.08474 24 80 -1 0.3
117328 1.0846 24 85 -0.6 0.6
117328 1.0846 24 80 -0.6 0.6
116895 1.00832 12 75 10 -10
116895 1.00832 12 75 10 -0.3
116895 1.00832 12 75 10 -0.15
116895 1.00832 12 75 10 -0.45
116234 1.01457 12 82.5 10 0.3
115999 1.0092 12 65 1 0.15
115788 1.07645 12 80 1 0.6
115788 1.07645 12 77.5 1 0.6
115775 1.01771 12 85 1 0.3
115775 1.01771 12 85 1.4 0.3
115775 1.01771 12 85 0.6 0.3
115653 1.053 36 0 -1 0.6
115653 1.053 24 65 -1 0.6
115653 1.053 24 0 -1 0.6
115653 1.053 24 55 -1 0.6
115653 1.053 36 65 -1 0.6
115653 1.053 36 55 -1 0.6
115552 1.01247 36 80 10 0
115552 1.01247 100 80 10 -10
115552 1.01247 36 80 10 -10
115552 1.01247 60 80 10 -10
115552 1.01247 48 80 10 -10
115552 1.01247 66 80 10 0
115552 1.01247 57 80 10 0
115552 1.01247 66 80 10 -10
115552 1.01247 54 80 10 -10
115552 1.01247 51 80 10 -10
115552 1.01247 51 80 10 0
115552 1.01247 24 80 10 0
115552 1.01247 60 80 10 0
115552 1.01247 48 80 10 0
115552 1.01247 24 80 10 -10
115552 1.01247 57 80 10 -10
115552 1.01247 100 80 10 0
115552 1.01247 54 80 10 0
115153 1.05165 36 45 -0.8 0.6
115153 1.05165 24 45 -0.8 0.6
115017 1.07338 24 87.5 -0.6 0.6
114324 1.06984 12 85 10 0.6
113962 1.13965 24 85 -0.6 0.75
113924 1.05652 12 65 -0.2 0.6
113924 1.05652 12 55 -0.2 0.6
113924 1.05652 12 0 -0.2 0.6
113924 1.05652 12 75 -0.2 0.6
113857 1.01247 12 75 1 0.3
113712 1.13716 36 45 -1.2 0.6
113712 1.13716 24 45 -1.2 0.6
113341 1.04232 48 80 1 0.6
113341 1.04232 100 80 1 0.6
113341 1.04232 51 80 1 0.6
113341 1.04232 60 80 1 0.6
113341 1.04232 36 80 1 0.6
113341 1.04232 57 80 1 0.6
113341 1.04232 24 80 1 0.6
113341 1.04232 66 80 1 0.6
113341 1.04232 54 80 1 0.6
113246 1.06496 12 82.5 10 0.6
112964 1.12968 36 90 -0.6 0.6
112964 1.12968 36 90 -0.6 0.3
112958 1.0191 12 85 10 0.3
112610 1.01994 66 75 0.6 0.6
112610 1.01994 54 75 0.6 0.6
112610 1.01994 51 75 0.6 0.6
112610 1.01994 36 75 0.6 0.6
112610 1.01994 24 75 0.6 0.6
112610 1.01994 100 75 0.6 0.6
112610 1.01994 48 75 0.6 0.6
112610 1.01994 60 75 0.6 0.6
112610 1.01994 57 75 0.6 0.6
112256 1.01977 54 75 1.4 0.6
112256 1.01977 60 75 1 0.6
112256 1.01977 60 75 1.4 0.6
112256 1.01977 24 75 1 0.6
112256 1.01977 57 75 1.4 0.6
112256 1.01977 54 75 1 0.6
112256 1.01977 48 75 1 0.6
112256 1.01977 51 75 1.4 0.6
112256 1.01977 66 75 1.4 0.6
112256 1.01977 48 75 1.4 0.6
112256 1.01977 100 75 1.4 0.6
112256 1.01977 100 75 1 0.6
112256 1.01977 36 75 1 0.6
112256 1.01977 51 75 1 0.6
112256 1.01977 57 75 1 0.6
112256 1.01977 24 75 1.4 0.6
112256 1.01977 66 75 1 0.6
112256 1.01977 36 75 1.4 0.6
112065 1.01163 12 45 0.8 0.3
111628 1.00522 51 0 1 0
111628 1.00522 36 0 1 0
111628 1.00522 54 0 1 0
111628 1.00522 100 0 1 0
111628 1.00522 57 0 1 0
111628 1.00522 24 0 1 0
111628 1.00522 66 0 1 0
111628 1.00522 60 0 1 0
111628 1.00522 48 0 1 0
111213 1.00579 24 55 1 -10
111213 1.00579 66 55 1 -10
111213 1.00579 48 55 1 -10
111213 1.00579 60 55 1 -10
111213 1.00579 57 55 1 -10
111213 1.00579 51 55 1 -10
111213 1.00579 54 55 1 -10
111213 1.00579 100 55 1 -10
111213 1.00579 36 55 1 -10
110551 1.10553 12 80 -0.2 0.6
110551 1.10553 12 85 0.6 0.6
110551 1.10553 12 82.5 1 0.6
110551 1.10553 12 85 1 0.6
110551 1.10553 12 82.5 0.6 0.6
110551 1.10553 12 82.5 1.4 0.6
110551 1.10553 12 90 10 0.6
110551 1.10553 12 85 1.4 0.6
110551 1.10553 12 90 0.6 0.6
110551 1.10553 12 77.5 -0.2 0.6
110551 1.10553 12 90 1.4 0.6
110551 1.10553 12 90 1 0.6
110101 1.00562 100 55 1 0
110101 1.00562 24 55 1 0
110101 1.00562 48 55 1 0
110101 1.00562 36 55 1 0
110101 1.00562 51 55 1 0
110101 1.00562 57 55 1 0
110101 1.00562 60 55 1 0
110101 1.00562 66 55 1 0
110101 1.00562 54 55 1 0
109812 1.00863 12 65 1 0.3
109334 1.00563 12 75 10 0
108801 1.0062 12 65 1 0
108244 1.01181 12 80 -0.2 0.3
107898 1.0145 24 87.5 10 0.3
107898 1.0145 24 87.5 1 0.3
107898 1.0145 24 87.5 0.6 0.3
107898 1.0145 24 87.5 1.4 0.3
107807 1.00818 12 55 1 0.3
107544 1.02082 51 75 1.4 0.75
107544 1.02082 60 75 1 0.75
107544 1.02082 100 75 1 0.75
107544 1.02082 36 75 1 0.75
107544 1.02082 48 75 1.4 0.75
107544 1.02082 24 75 1.4 0.75
107544 1.02082 60 75 1.4 0.75
107544 1.02082 66 75 1.4 0.75
107544 1.02082 54 75 1.4 0.75
107544 1.02082 51 75 1 0.75
107544 1.02082 54 75 1 0.75
107544 1.02082 48 75 1 0.75
107544 1.02082 24 75 1 0.75
107544 1.02082 57 75 1 0.75
107544 1.02082 66 75 1 0.75
107544 1.02082 36 75 1.4 0.75
107544 1.02082 100 75 1.4 0.75
107544 1.02082 57 75 1.4 0.75
107334 1.00849 12 82.5 0.6 0.3
106846 1.02097 36 90 10 0.3
106846 1.02097 36 90 1.4 0.3
106846 1.02097 36 90 1 0.3
106846 1.02097 36 90 0.6 0.3
106806 1.00589 12 0 1 0.15
106789 1.00398 60 45 0.8 -10
106789 1.00398 66 45 0.8 -10
106789 1.00398 48 45 0.8 -10
106789 1.00398 36 45 0.8 -10
106789 1.00398 57 45 0.8 -10
106789 1.00398 51 45 0.8 -10
106789 1.00398 54 45 0.8 -10
106789 1.00398 100 45 0.8 -10
106789 1.00398 24 45 0.8 -10
106591 1.00526 12 65 1 -10
106210 1.01189 12 45 -0.4 0.3
106031 1.00549 12 55 1 0.15
105877 1.00361 66 45 0.8 0
105877 1.00361 100 45 0.8 0
105877 1.00361 48 45 0.8 0
105877 1.00361 54 45 0.8 0
105877 1.00361 24 45 0.8 0
105877 1.00361 57 45 0.8 0
105877 1.00361 60 45 0.8 0
105877 1.00361 36 45 0.8 0
105877 1.00361 51 45 0.8 0
105761 1.00518 12 45 0.8 0.15
104544 1.00389 54 65 10 0
104544 1.00389 51 65 10 0
104544 1.00389 24 65 10 0
104544 1.00389 66 65 10 0
104544 1.00389 36 65 10 0
104544 1.00389 60 65 10 0
104544 1.00389 57 65 10 0
104544 1.00389 100 65 10 0
104544 1.00389 48 65 10 0
104293 1.01065 12 75 10 0.6
104113 1.01023 12 45 0.8 0.45
104053 1.01769 36 90 1 0.6
104053 1.01769 36 90 0.6 0.6
104053 1.01769 36 90 10 0.6
104053 1.01769 36 90 1.4 0.6
103996 1.00552 12 82.5 1 0.3
103785 1.01003 12 0 1 0.45
103785 1.01003 12 55 1 0.45
103785 1.01003 12 65 1 0.45
103427 1.01273 12 0 -0.6 0.3
103427 1.01273 12 65 -0.6 0.3
103427 1.01273 12 55 -0.6 0.3
103074 1.01449 24 85 -0.6 0
103074 1.01449 24 85 -0.6 -10
102824 1.01428 12 75 -0.6 0.3
102516 1.01271 24 87.5 -0.6 -10
102516 1.01271 24 87.5 -0.6 0
102417 1.00309 54 65 10 -10
102417 1.00309 57 65 10 -10
102417 1.00309 24 65 10 -10
102417 1.00309 51 65 10 -10
102417 1.00309 48 65 10 -10
102417 1.00309 36 65 10 -10
102417 1.00309 100 65 10 -10
102417 1.00309 66 65 10 -10
102417 1.00309 60 65 10 -10
102397 1.00332 12 75 10 0.3
102327 1.00248 12 0 1 0
101281 1.0096 12 75 1 0.45
100843 1.00447 12 0 1 0.3
100122 1.02559 100 45 10 1.05
100122 1.02559 51 0 10 1.05
100122 1.02559 24 45 10 1.05
100122 1.02559 60 45 10 1.05
100122 1.02559 51 45 10 1.05
100122 1.02559 57 0 10 1.05
100122 1.02559 24 0 10 1.05
100122 1.02559 36 45 10 1.05
100122 1.02559 60 0 10 1.05
100122 1.02559 57 45 10 1.05
100122 1.02559 54 0 10 1.05
100122 1.02559 100 0 10 1.05
100122 1.02559 66 45 10 1.05
100122 1.02559 36 0 10 1.05
100122 1.02559 48 45 10 1.05
100122 1.02559 54 45 10 1.05
100122 1.02559 66 0 10 1.05
100122 1.02559 48 0 10 1.05
100000 1 100 0 10 0.75
100000 1 60 90 -0.6 1.8
100000 1 60 90 -0.6 2.4
100000 1 60 90 -0.6 3
100000 1 60 90 1.4 1.8
100000 1 60 90 1.4 2.4
100000 1 60 90 1.4 3
100000 1 60 90 0.6 1.8
100000 1 60 90 0.6 2.4
100000 1 60 90 0.6 3
100000 1 60 90 1 3
100000 1 60 90 1 2.4
100000 1 60 90 1 1.8
100000 1 60 90 10 1.8
100000 1 60 90 10 2.4
100000 1 60 90 10 3
100000 1 60 95 10 -10
100000 1 60 95 10 2.55
100000 1 60 95 10 2.85
100000 1 60 95 10 2.7
100000 1 60 95 10 3.3
100000 1 60 95 10 3
100000 1 60 95 10 2.4
100000 1 60 95 10 1.8
100000 1 60 95 10 1.2
100000 1 60 95 10 0.6
100000 1 60 95 10 0
100000 1 60 95 -1 -10
100000 1 60 95 -1 2.55
100000 1 60 95 -1 2.85
100000 1 60 95 -1 2.7
100000 1 60 95 -1 3.3
100000 1 60 95 -1 3
100000 1 60 95 -1 2.4
100000 1 60 95 -1 1.8
100000 1 60 95 -1 1.2
100000 1 60 95 -1 0.6
100000 1 60 95 -1 0
100000 1 60 95 -0.2 -10
100000 1 60 95 -0.2 2.55
100000 1 60 95 -0.2 2.85
100000 1 60 95 -0.2 2.7
100000 1 60 95 -0.2 3.3
0
304577 12 80 -0.2 -0.3