2213804 1.49897 100 82.5 1 -0.15
2213804 1.49897 100 82.5 1 0
2213804 1.49897 100 82.5 1 0.3
2213804 1.49897 100 82.5 1 -0.3
2213804 1.49897 100 82.5 1 -10
2213804 1.49897 100 82.5 1 -0.45
1928508 1.46568 100 82.5 1.4 -0.3
1928508 1.46568 100 82.5 1.4 0.3
1928508 1.46568 100 82.5 1.4 -0.45
1928508 1.46568 100 82.5 1.4 -0.15
1928508 1.46568 100 82.5 1.4 -10
1928508 1.46568 100 82.5 1.4 0
1673203 1.57922 100 82.5 0.6 -0.3
1673203 1.57922 100 82.5 0.6 -0.15
1673203 1.57922 100 82.5 0.6 -0.45
1673203 1.57922 100 82.5 0.6 0
1673203 1.57922 100 82.5 0.6 -10
1673203 1.57922 100 82.5 0.6 0.3
1671709 1.39653 100 82.5 10 -10
1671709 1.39653 100 82.5 10 -0.3
1671709 1.39653 100 82.5 10 -0.15
1671709 1.39653 100 82.5 10 0.3
1671709 1.39653 100 82.5 10 -0.45
1671709 1.39653 100 82.5 10 0
1411968 1.34538 100 80 0.6 0.3
1288082 1.36539 100 80 0.6 0.45
1133456 1.305 100 80 1 0.3
1084291 1.63336 100 82.5 -0.6 -10
1084291 1.63336 100 82.5 -0.6 0.3
1084291 1.63336 100 82.5 -0.6 0
1084291 1.63336 100 82.5 -0.6 -0.3
1084291 1.63336 100 82.5 -0.6 -0.15
1084291 1.63336 100 82.5 -0.6 -0.45
1030756 1.31925 100 80 1 0.45
925578 1.2618 100 77.5 0.6 0.45
866203 1.17758 9 57.5 1.4 0.3
821914 1.18808 9 57.5 0.6 0.3
810505 1.18502 9 60 1.4 0.3
803250 1.14494 36 55 0.6 0.3
803250 1.14494 48 60 0.6 0.3
803250 1.14494 36 57.5 0.6 0.3
803250 1.14494 36 60 0.6 0.3
803250 1.14494 60 60 0.6 0.3
796549 1.14443 60 62.5 0.6 0.3
796549 1.14443 48 62.5 0.6 0.3
796549 1.14443 36 62.5 0.6 0.3
795362 1.14435 36 65 0.6 0.3
795362 1.14435 48 65 0.6 0.3
795362 1.14435 60 65 0.6 0.3
795362 1.14435 100 65 0.6 0.3
779378 1.15488 9 45 0.8 0.3
774686 1.15646 9 0 1.4 0.3
764538 1.19644 9 60 0.6 0.3
739198 1.14023 36 45 0.8 0.3
738930 1.13659 36 62.5 1.4 0.3
738930 1.13659 48 62.5 1.4 0.3
738930 1.13659 60 62.5 1.4 0.3
736540 1.13637 36 60 1.4 0.3
735416 1.1363 36 55 1.4 0.3
732243 1.13603 36 57.5 1.4 0.3
732239 1.159 9 55 1.4 0.3
724129 1.16033 9 0 0.6 0.3
722095 1.15676 18 55 0.6 0.3
722095 1.15676 18 57.5 0.6 0.3
722095 1.15676 24 60 0.6 0.3
722095 1.15676 24 57.5 0.6 0.3
722095 1.15676 18 60 0.6 0.3
722095 1.15676 24 55 0.6 0.3
718820 1.17152 9 62.5 1.4 0.3
716760 1.13485 60 65 1.4 0.3
716760 1.13485 48 65 1.4 0.3
716760 1.13485 36 65 1.4 0.3
716760 1.13485 100 65 1.4 0.3
716074 1.15618 24 62.5 0.6 0.3
716074 1.15618 18 62.5 0.6 0.3
715008 1.15609 18 65 0.6 0.3
715008 1.15609 24 65 0.6 0.3
708219 1.23357 100 77.5 0.6 0.3
704682 1.50951 100 82.5 1 0.6
697251 1.16929 9 65 1.4 0.3
697020 1.16823 12 65 0.6 0.3
695048 1.14208 24 45 0.8 0.3
695048 1.14208 18 45 0.8 0.3
694579 1.14086 24 62.5 1.4 0.3
692337 1.14063 24 60 1.4 0.3
691743 1.16761 9 55 0.6 0.3
691278 1.14056 24 55 1.4 0.3
688294 1.14028 24 57.5 1.4 0.3
676225 1.21003 12 0 -1 -10
673743 1.13903 24 65 1.4 0.3
672225 1.16136 9 57.5 1 0.3
670227 1.18003 9 62.5 0.6 0.3
669229 1.17991 9 65 0.6 0.3
666758 1.16296 9 45 0.4 0.3
656785 1.14498 18 62.5 1.4 0.3
655744 1.16267 12 65 1.4 0.3
654663 1.14474 18 60 1.4 0.3
653682 1.14466 18 55 1.4 0.3
650846 1.14436 18 57.5 1.4 0.3
650458 1.14568 12 45 0.8 0.3
640845 1.15411 12 60 0.6 0.3
640845 1.15411 12 55 0.6 0.3
640845 1.15411 12 57.5 0.6 0.3
637069 1.14303 18 65 1.4 0.3
635512 1.1535 12 62.5 0.6 0.3
634279 1.13901 36 45 -0.4 0
634279 1.13901 100 45 -0.4 0
634279 1.13901 60 45 -0.4 0
634279 1.13901 48 45 -0.4 0
627989 1.16754 9 60 1 0.3
626775 1.13163 36 60 1 0.3
624263 1.13984 9 45 1.2 0.3
624116 1.13138 60 55 1 0.3
624116 1.13138 48 57.5 1 0.3
624116 1.13138 36 55 1 0.3
624116 1.13138 36 57.5 1 0.3
624116 1.13138 100 55 1 0.3
624116 1.13138 48 55 1 0.3
624116 1.13138 60 57.5 1 0.3
619819 1.59071 100 82.5 0.6 0.6
619358 1.13091 60 62.5 1 0.3
619358 1.13091 36 62.5 1 0.3
619358 1.13091 48 62.5 1 0.3
615454 1.1503 12 62.5 1.4 0.3
614730 1.1305 60 65 1 0.3
614730 1.1305 36 65 1 0.3
614730 1.1305 48 65 1 0.3
614730 1.1305 100 65 1 0.3
613912 1.48707 100 82.5 1.4 0.6
613476 1.14929 12 60 1.4 0.3
612536 1.14942 12 55 1.4 0.3
609868 1.14889 12 57.5 1.4 0.3
609254 1.13274 24 62.5 0.6 -0.3
609254 1.13274 24 62.5 0.6 -10
605569 1.14481 36 0 -0.6 0
605569 1.14481 100 0 -0.6 0
605569 1.14481 60 0 -0.6 0
605569 1.14481 48 0 -0.6 0
605546 1.13449 9 62.5 1.4 -10
601904 1.32806 100 80 0.6 0.6
601344 1.13118 18 62.5 0.6 -10
601344 1.13118 18 62.5 0.6 -0.3
596118 1.12961 18 65 1.4 -0.3
596118 1.12961 18 65 1.4 -10
594811 1.13057 24 65 0.6 -0.3
594811 1.13057 24 65 0.6 -10
594811 1.13057 18 65 0.6 -0.3
594811 1.13057 18 65 0.6 -10
594080 1.13972 9 0 1 0.3
588581 1.21286 100 80 0.6 0
588581 1.21286 100 80 0.6 -10
588581 1.21286 100 80 0.6 0.15
588257 1.12803 36 0 1 0.3
587620 1.12868 18 62.5 1.4 -0.3
587620 1.12868 18 62.5 1.4 -10
581518 1.13 24 65 1 -0.15
581518 1.13 18 65 1 -0.3
581518 1.13 24 65 1 -0.45
581518 1.13 24 65 1 -10
581518 1.13 18 65 1 -0.45
581518 1.13 18 65 1 -0.15
581518 1.13 24 65 1 -0.3
581518 1.13 18 65 1 -10
580764 1.13469 18 0 1 0.3
580764 1.13469 24 0 1 0.3
579436 1.75971 100 85 1.4 -10
579436 1.75971 100 85 1.4 0
579436 1.75971 100 85 1.4 -0.3
579436 1.75971 100 85 1.4 -0.45
579436 1.75971 100 85 1.4 -0.15
579436 1.75971 100 85 1.4 0.3
579330 1.1581 24 0 -0.6 -0.15
571800 1.15623 18 0 -0.6 -0.15
571027 1.14107 36 0 -0.6 -0.15
571027 1.14107 100 0 -0.6 -0.15
571027 1.14107 48 0 -0.6 -0.15
571027 1.14107 60 0 -0.6 -0.15
569621 1.1469 24 45 -0.4 -10
569621 1.1469 24 45 -0.4 -0.3
569621 1.1469 24 45 -0.4 -0.45
566756 1.12924 24 62.5 1 -10
566756 1.12924 24 62.5 1 -0.3
566756 1.12924 24 62.5 1 -0.15
566756 1.12924 24 62.5 1 -0.45
565789 1.14226 9 55 1 0.3
562199 1.14515 18 45 -0.4 -0.45
562199 1.14515 18 45 -0.4 -0.3
562199 1.14515 18 45 -0.4 -10
561421 1.13153 48 45 -0.4 -0.45
561421 1.13153 60 45 -0.4 -0.45
561421 1.13153 60 45 -0.4 -10
561421 1.13153 36 45 -0.4 -10
561421 1.13153 48 45 -0.4 -10
561421 1.13153 36 45 -0.4 -0.3
561421 1.13153 100 45 -0.4 -0.3
561421 1.13153 100 45 -0.4 -0.45
561421 1.13153 100 45 -0.4 -10
561421 1.13153 48 45 -0.4 -0.3
561421 1.13153 36 45 -0.4 -0.45
561421 1.13153 60 45 -0.4 -0.3
559561 1.11299 48 65 1.4 0.15
559561 1.11299 100 65 1.4 -0.3
559561 1.11299 48 65 1.4 -0.3
559561 1.11299 60 65 1.4 -10
559561 1.11299 36 65 1.4 -0.3
559561 1.11299 100 65 1.4 0.15
559561 1.11299 48 65 1.4 0
559561 1.11299 60 65 1.4 0
559561 1.11299 60 65 1.4 0.15
559561 1.11299 36 65 1.4 -10
559561 1.11299 100 65 1.4 0
559561 1.11299 36 65 1.4 0
559561 1.11299 36 65 1.4 0.15
559561 1.11299 48 65 1.4 -10
559561 1.11299 60 65 1.4 -0.3
559561 1.11299 100 65 1.4 -10
559347 1.12768 18 62.5 1 -10
559347 1.12768 18 62.5 1 -0.45
559347 1.12768 18 62.5 1 -0.3
559347 1.12768 18 62.5 1 -0.15
559208 1.2189 36 45 -0.8 0.3
558026 1.11569 48 62.5 0.6 0.15
558026 1.11569 48 62.5 0.6 -10
558026 1.11569 48 62.5 0.6 -0.3
558026 1.11569 36 62.5 0.6 -0.3
558026 1.11569 60 62.5 0.6 0.15
558026 1.11569 36 62.5 0.6 0.15
558026 1.11569 36 62.5 0.6 -10
558026 1.11569 60 62.5 0.6 -10
558026 1.11569 48 62.5 0.6 0
558026 1.11569 60 62.5 0.6 0
558026 1.11569 60 62.5 0.6 -0.3
558026 1.11569 36 62.5 0.6 0
555514 1.13725 24 60 1 0.3
555514 1.13725 18 60 1 0.3
553110 1.13697 24 57.5 1 0.3
553110 1.13697 24 55 1 0.3
553110 1.13697 18 55 1 0.3
553110 1.13697 18 57.5 1 0.3
551997 1.11511 36 65 0.6 0.15
551997 1.11511 48 65 0.6 0
551997 1.11511 48 65 0.6 -0.3
551997 1.11511 36 65 0.6 0
551997 1.11511 48 65 0.6 0.15
551997 1.11511 100 65 0.6 -10
551997 1.11511 100 65 0.6 0.15
551997 1.11511 100 65 0.6 -0.3
551997 1.11511 36 65 0.6 -0.3
551997 1.11511 100 65 0.6 0
551997 1.11511 36 65 0.6 -10
551997 1.11511 60 65 0.6 -10
551997 1.11511 48 65 0.6 -10
551997 1.11511 60 65 0.6 0.15
551997 1.11511 60 65 0.6 -0.3
551997 1.11511 60 65 0.6 0
551741 1.13431 24 0 -0.2 -0.3
551574 1.11211 60 62.5 1.4 0
551574 1.11211 60 62.5 1.4 0.15
551574 1.11211 48 62.5 1.4 -0.3
551574 1.11211 48 62.5 1.4 0.15
551574 1.11211 36 62.5 1.4 -10
551574 1.11211 48 62.5 1.4 0
551574 1.11211 60 62.5 1.4 -0.3
551574 1.11211 48 62.5 1.4 -10
551574 1.11211 60 62.5 1.4 -10
551574 1.11211 36 62.5 1.4 0.15
551574 1.11211 36 62.5 1.4 0
551574 1.11211 36 62.5 1.4 -0.3
548928 1.13645 24 62.5 1 0.3
548928 1.13645 18 62.5 1 0.3
548584 1.15204 9 62.5 1 0.3
548222 1.15416 24 0 -0.6 -0.3
547396 1.11605 36 65 1 -10
547396 1.11605 60 65 1 -10
547396 1.11605 36 65 1 0.15
547396 1.11605 60 65 1 0.15
547396 1.11605 100 65 1 0.15
547396 1.11605 100 65 1 -10
547396 1.11605 100 65 1 -0.3
547396 1.11605 100 65 1 0
547396 1.11605 36 65 1 -0.3
547396 1.11605 60 65 1 0
547396 1.11605 48 65 1 -10
547396 1.11605 48 65 1 0
547396 1.11605 48 65 1 -0.3
547396 1.11605 60 65 1 -0.3
547396 1.11605 48 65 1 0.15
547396 1.11605 36 65 1 0
544816 1.13598 24 65 1 0.3
544816 1.13598 18 65 1 0.3
544568 1.13266 18 0 -0.2 -0.3
544503 1.1515 9 65 1 0.3
543899 1.15138 12 65 1 0.3
543752 1.12049 100 0 -0.2 -0.3
543752 1.12049 36 0 -0.2 -0.3
543752 1.12049 60 0 -0.2 -0.3
543752 1.12049 48 0 -0.2 -0.3
541103 1.15229 18 0 -0.6 -0.3
540362 1.13738 48 0 -0.6 -0.3
540362 1.13738 60 0 -0.6 -0.3
540362 1.13738 100 0 -0.6 -0.3
540362 1.13738 36 0 -0.6 -0.3
539598 1.14343 24 45 -0.4 -0.15
534290 1.26891 100 77.5 0.6 0.6
532572 1.14168 18 45 -0.4 -0.15
532221 1.37469 100 82.5 10 0.6
531815 1.12827 60 45 -0.4 -0.15
531815 1.12827 36 45 -0.4 -0.15
531815 1.12827 48 45 -0.4 -0.15
531815 1.12827 100 45 -0.4 -0.15
531215 1.1299 9 62.5 1.4 -0.3
531215 1.1299 9 62.5 1.4 0
529928 1.13492 9 62.5 0.6 -10
529922 1.14181 24 45 -0.4 0
529922 1.14181 18 45 -0.4 0
529692 1.14539 12 0 -0.6 -10
528970 1.74414 100 80 10 2.1
528970 1.74414 100 80 1.4 2.1
527866 1.13642 12 0 1 0.3
527686 1.96548 100 85 1 -0.15
527686 1.96548 100 85 1 -0.45
527686 1.96548 100 85 1 -10
527686 1.96548 100 85 1 -0.3
527686 1.96548 100 85 1 0
527686 1.96548 100 85 1 0.3
527232 1.11331 100 55 1 0.15
527232 1.11331 48 55 1 0.15
527232 1.11331 60 55 1 0.15
527232 1.11331 36 55 1 0.15
526560 1.11385 48 62.5 1 0.15
526560 1.11385 60 62.5 1 -0.3
526560 1.11385 48 62.5 1 0
526560 1.11385 36 62.5 1 -0.3
526560 1.11385 48 62.5 1 -10
526560 1.11385 60 62.5 1 0.15
526560 1.11385 36 62.5 1 -10
526560 1.11385 36 62.5 1 0
526560 1.11385 60 62.5 1 0
526560 1.11385 48 62.5 1 -0.3
526560 1.11385 60 62.5 1 -10
526560 1.11385 36 62.5 1 0.15
526369 1.12639 9 62.5 1 -10
525978 1.11572 24 65 1.4 0
525978 1.11572 24 65 1.4 -10
525978 1.11572 24 65 1.4 0.15
525978 1.11572 24 65 1.4 -0.3
525641 1.1585 60 45 -0.8 -10
525641 1.1585 100 45 -0.8 -10
525641 1.1585 48 45 -0.8 -10
524589 1.15821 36 45 -0.8 -10
523695 1.12553 12 62.5 1.4 -10
523220 1.12931 9 65 1.4 0
523220 1.12931 9 65 1.4 0.15
523220 1.12931 9 65 1.4 -10
523220 1.12931 9 65 1.4 -0.3
522216 1.12339 24 60 0.6 -0.3
522216 1.12339 24 60 0.6 -10
521520 1.11272 36 57.5 1 0.15
521520 1.11272 48 57.5 1 0.15
521520 1.11272 60 57.5 1 0.15
518469 1.11479 24 62.5 1.4 -10
518469 1.11479 24 62.5 1.4 0.15
518469 1.11479 24 62.5 1.4 -0.3
518469 1.11479 24 62.5 1.4 0
517461 1.27559 100 80 1 0.6
515957 1.72909 100 80 10 1.8
515957 1.72909 100 80 10 1.95
515957 1.72909 100 80 1 1.8
515957 1.72909 100 80 0.6 1.8
515957 1.72909 100 80 1.4 1.8
515957 1.72909 100 80 10 1.5
515957 1.72909 100 80 1.4 1.95
515957 1.72909 100 80 1.4 1.5
515854 1.17441 24 45 -0.8 -10
515764 1.12827 9 62.5 1.4 0.15
515403 1.12183 18 60 0.6 -0.3
515403 1.12183 18 60 0.6 -10
513984 1.8545 100 85 1.4 0.6
509849 1.18996 100 80 1 -10
509849 1.18996 100 80 1 0.15
509849 1.18996 100 80 1 0
509606 1.12475 100 0 -0.2 0
509606 1.12475 48 0 -0.2 0
509606 1.12475 60 0 -0.2 0
509606 1.12475 36 0 -0.2 0
509142 1.17225 18 45 -0.8 -10
508252 1.14312 36 0 -1 -10
507539 1.12435 12 62.5 0.6 -10
506711 1.12202 24 55 1 -0.3
506711 1.12202 24 55 1 -10
505918 1.14901 24 0 -0.6 0
505918 1.14901 18 0 -0.6 0
504861 1.13904 12 60 1 0.3
503716 1.71479 100 80 -0.6 1.5
503716 1.71479 100 80 -0.6 1.65
503716 1.71479 100 80 -0.6 1.8
503716 1.71479 100 80 -0.6 2.1
502687 1.13873 12 57.5 1 0.3
502687 1.13873 12 55 1 0.3
502429 1.11995 12 55 1 -10
501688 1.12337 24 62.5 0.6 0
501688 1.12337 18 62.5 0.6 0
501688 1.12337 24 62.5 0.6 0.15
501688 1.12337 18 62.5 0.6 0.15
500112 1.12046 18 55 1 -10
500112 1.12046 18 55 1 -0.3
498936 1.1212 24 57.5 1 -0.3
498936 1.1212 24 57.5 1 -10
498898 1.13818 12 62.5 1 0.3
498316 1.09788 24 0 -0.2 -10
497336 1.11811 18 65 1.4 0
497336 1.11811 18 65 1.4 0.15
497000 1.12449 12 65 1.4 -10
497000 1.12449 12 65 1.4 0
497000 1.12449 12 65 1.4 -0.3
497000 1.12449 12 65 1.4 0.15
496214 1.12272 18 65 0.6 0
496214 1.12272 18 65 0.6 0.15
496214 1.12272 24 65 0.6 0
496214 1.12272 24 65 0.6 0.15
494901 1.70737 60 75 -0.2 2.1
494901 1.70737 100 75 -0.2 1.5
494901 1.70737 48 75 1 2.1
494901 1.70737 48 75 -0.2 1.8
494901 1.70737 48 75 -0.2 2.1
494901 1.70737 100 77.5 1.4 2.1
494901 1.70737 60 75 1 2.1
494901 1.70737 60 75 -0.2 1.5
494901 1.70737 100 75 -0.2 2.1
494901 1.70737 100 75 -0.2 1.8
494901 1.70737 100 77.5 1 2.1
494901 1.70737 100 75 10 2.1
494901 1.70737 100 75 1 2.1
494901 1.70737 48 75 -0.2 1.5
494901 1.70737 60 75 -0.2 1.8
494901 1.70737 100 75 -0.2 1.65
494901 1.70737 100 77.5 10 2.1
494901 1.70737 60 75 -0.2 1.65
494901 1.70737 60 75 10 2.1
494901 1.70737 48 75 10 2.1
494901 1.70737 48 75 -0.2 1.65
493011 1.10563 36 55 1.4 0.15
492549 1.10855 60 60 0.6 0.15
492549 1.10855 36 60 0.6 0.15
492549 1.10855 48 60 0.6 0.15
492453 1.11965 18 57.5 1 -10
492453 1.11965 18 57.5 1 -0.3
490846 1.16509 24 0 -1 -10
490258 1.11714 18 62.5 1.4 0
490258 1.11714 18 62.5 1.4 0.15
489377 1.14548 12 0 -0.6 -0.45
488455 1.12644 9 60 1.4 -10
486962 1.10797 36 57.5 0.6 0.15
486928 1.69666 100 82.5 10 1.8
486928 1.69666 100 82.5 1.4 1.2
486928 1.69666 100 82.5 1 1.8
486928 1.69666 100 82.5 0.6 1.8
486928 1.69666 100 82.5 0.6 1.2
486928 1.69666 100 82.5 1.4 1.8
486928 1.69666 100 82.5 1 1.2
486531 1.10486 36 60 1.4 0.15
485123 1.11951 24 65 1 0
485123 1.11951 18 65 1 0
483510 1.12278 12 62.5 1 -10
483379 1.10455 36 57.5 1.4 0.15
482770 1.69232 60 75 1 1.5
482770 1.69232 100 77.5 0.6 1.8
482770 1.69232 60 75 1 1.95
482770 1.69232 100 75 10 1.8
482770 1.69232 100 75 10 1.5
482770 1.69232 100 77.5 1 1.8
482770 1.69232 60 75 10 1.95
482770 1.69232 60 75 10 1.5
482770 1.69232 100 77.5 1.4 1.8
482770 1.69232 100 75 10 1.95
482770 1.69232 60 75 1 1.8
482770 1.69232 60 75 10 1.8
482770 1.69232 100 77.5 10 1.8
482770 1.69232 100 77.5 1 1.5
482770 1.69232 100 77.5 10 1.95
482770 1.69232 100 77.5 1 1.95
482770 1.69232 48 75 1 1.8
482770 1.69232 48 75 1 1.5
482770 1.69232 48 75 1 1.95
482770 1.69232 48 75 10 1.95
482770 1.69232 100 75 1 1.95
482770 1.69232 48 75 10 1.5
482770 1.69232 48 75 10 1.8
482770 1.69232 100 75 1 1.8
482770 1.69232 100 77.5 1.4 1.5
482770 1.69232 100 75 1 1.5
482770 1.69232 100 77.5 10 1.5
482770 1.69232 100 77.5 1.4 1.95
479462 1.13478 24 0 -0.2 -0.15
478474 1.11844 24 57.5 0.6 -10
478474 1.11844 24 57.5 0.6 -0.3
478306 1.10683 60 60 0.6 0
478306 1.10683 48 60 0.6 -0.3
478306 1.10683 48 60 0.6 -10
478306 1.10683 60 60 0.6 -0.3
478306 1.10683 36 60 0.6 -0.3
478306 1.10683 60 60 0.6 -10
478306 1.10683 36 60 0.6 -10
478306 1.10683 48 60 0.6 0
478306 1.10683 36 60 0.6 0
478236 1.11535 12 55 1.4 -10
475344 1.68236 100 82.5 -0.6 1.2
475344 1.68236 100 82.5 -0.6 0.6
475344 1.68236 100 82.5 -0.6 1.8
474180 1.0837 36 0 -0.2 -10
473198 1.13303 18 0 -0.2 -0.15
472535 1.12013 60 0 -0.2 -0.15
472535 1.12013 100 0 -0.2 -0.15
472535 1.12013 36 0 -0.2 -0.15
472535 1.12013 48 0 -0.2 -0.15
472472 1.67952 48 75 -1 1.8
472472 1.67952 100 75 -1 1.65
472472 1.67952 60 75 -1 1.5
472472 1.67952 60 75 -1 1.65
472472 1.67952 60 75 -1 1.8
472472 1.67952 100 75 -1 1.8
472472 1.67952 100 75 -1 1.5
472472 1.67952 48 75 -1 1.5
472472 1.67952 48 75 -1 1.65
472277 1.11688 18 57.5 0.6 -0.3
472277 1.11688 18 57.5 0.6 -10
472074 1.12457 12 60 0.6 -10
471536 1.10748 36 60 1 0.15
471312 1.67802 48 75 -0.6 1.65
471312 1.67802 60 75 -0.6 1.5
471312 1.67802 48 75 -0.6 1.5
471312 1.67802 48 75 -0.6 2.1
471312 1.67802 100 77.5 -0.6 2.1
471312 1.67802 100 77.5 -0.6 1.5
471312 1.67802 100 77.5 -0.6 1.65
471312 1.67802 48 75 -0.6 1.8
471312 1.67802 100 75 -0.6 2.1
471312 1.67802 100 77.5 -0.6 1.8
471312 1.67802 60 75 -0.6 1.8
471312 1.67802 60 75 -0.6 2.1
471312 1.67802 60 75 -0.6 1.65
471312 1.67802 100 75 -0.6 1.65
471312 1.67802 100 75 -0.6 1.5
471312 1.67802 100 75 -0.6 1.8
470968 1.68139 60 57.5 10 2.1
470968 1.68139 48 60 10 2.1
470968 1.68139 48 0 1 2.1
470968 1.68139 60 70 1 2.1
470968 1.68139 100 55 1.4 2.1
470968 1.68139 100 55 10 2.1
470968 1.68139 48 45 0.8 2.1
470968 1.68139 60 0 1 2.1
470968 1.68139 48 45 10 2.1
470968 1.68139 100 45 10 2.1
470968 1.68139 60 0 -0.2 1.8
470968 1.68139 60 70 1.4 2.1
470968 1.68139 100 0 1 2.1
470968 1.68139 60 57.5 0.6 2.1
470968 1.68139 60 0 10 2.1
470968 1.68139 48 55 1.4 2.1
470968 1.68139 48 55 0.6 2.1
470968 1.68139 48 55 10 2.1
470968 1.68139 60 62.5 10 2.1
470968 1.68139 100 0 10 2.1
470968 1.68139 60 55 10 2.1
470968 1.68139 48 65 10 2.1
470968 1.68139 100 45 0.8 2.1
470968 1.68139 60 45 10 2.1
470968 1.68139 60 55 1.4 2.1
470968 1.68139 60 45 0.8 2.1
470968 1.68139 100 0 -0.2 1.8
470968 1.68139 60 70 0.6 2.1
470968 1.68139 100 65 10 2.1
470968 1.68139 48 0 10 2.1
470968 1.68139 48 0 -0.2 1.8
470968 1.68139 48 60 1.4 2.1
470968 1.68139 60 57.5 1.4 2.1
470968 1.68139 48 57.5 10 2.1
470968 1.68139 60 70 10 2.1
470968 1.68139 60 60 1 2.1
470968 1.68139 48 57.5 0.6 2.1
470968 1.68139 48 70 1 2.1
470968 1.68139 48 70 1.4 2.1
470968 1.68139 48 70 0.6 2.1
470968 1.68139 100 55 0.6 2.1
470968 1.68139 60 65 10 2.1
470968 1.68139 48 57.5 1.4 2.1
470968 1.68139 48 70 10 2.1
470968 1.68139 60 55 0.6 2.1
470968 1.68139 48 60 1 2.1
470968 1.68139 60 60 1.4 2.1
470968 1.68139 60 60 10 2.1
470968 1.68139 48 62.5 10 2.1
470793 1.10701 36 55 1 -10
470793 1.10701 36 55 1 -0.3
470793 1.10701 36 55 1 0
470793 1.10701 100 55 1 -0.3
470793 1.10701 60 55 1 -10
470793 1.10701 60 55 1 0
470793 1.10701 48 55 1 -10
470793 1.10701 48 55 1 -0.3
470793 1.10701 48 55 1 0
470793 1.10701 60 55 1 -0.3
470793 1.10701 100 55 1 -10
470793 1.10701 100 55 1 0
470362 1.15941 18 0 -1 -10
470224 1.12314 12 65 1 -10
470224 1.12314 12 65 1 -0.3
470224 1.12314 12 65 1 0
470224 1.12314 12 65 1 0.15
469633 1.12119 12 65 0.6 -0.3
469633 1.12119 12 65 0.6 0.15
469633 1.12119 12 65 0.6 0
469633 1.12119 12 65 0.6 -10
467492 1.18143 100 77.5 0.6 0.15
467367 1.11503 18 60 1.4 -0.3
467367 1.11503 18 60 1.4 -10
467334 1.11723 24 55 0.6 -0.3
467334 1.11723 24 55 0.6 -10
467265 1.11644 24 55 1 0.15
467265 1.11644 18 55 1 0.15
466885 1.09965 18 0 -0.2 -10
466653 1.11705 18 62.5 1 0
466653 1.11705 24 62.5 1 0
466575 1.10582 36 55 0.6 0.15
466068 1.12228 9 65 1 0.15
466068 1.12228 9 65 1 0
466068 1.12228 9 65 1 -10
466068 1.12228 9 65 1 -0.3
465940 1.11758 24 60 1 -10
465940 1.11758 24 60 1 -0.3
465918 1.10667 36 0 1 0.15
464886 1.1297 9 62.5 0.6 0
464886 1.1297 9 62.5 0.6 -0.3
463560 1.10623 48 57.5 1 -0.3
463560 1.10623 60 57.5 1 -10
463560 1.10623 48 57.5 1 -10
463560 1.10623 60 57.5 1 -0.3
463560 1.10623 36 57.5 1 0
463560 1.10623 48 57.5 1 0
463560 1.10623 60 57.5 1 0
463560 1.10623 36 57.5 1 -0.3
463560 1.10623 36 57.5 1 -10
463496 1.11634 24 0 -0.2 -0.45
463423 1.10795 24 55 1.4 0.15
462224 1.11579 24 57.5 1 0.15
462224 1.11579 18 57.5 1 0.15
461754 1.1213 9 62.5 1 -0.3
461754 1.1213 9 62.5 1 0
461697 1.11426 18 55 1.4 -10
461697 1.11426 18 55 1.4 -0.3
461238 1.11567 18 55 0.6 -10
461238 1.11567 18 55 0.6 -0.3
460674 1.13114 9 60 0.6 -10
460021 1.11178 24 0 1 0.15
460021 1.11178 18 0 1 0.15
459882 1.11603 18 60 1 -10
459882 1.11603 18 60 1 -0.3
459405 1.66635 48 70 0.6 1.8
459405 1.66635 48 70 0.6 1.5
459405 1.66635 60 60 1 1.95
459405 1.66635 48 70 0.6 1.95
459405 1.66635 100 45 10 1.8
459405 1.66635 48 62.5 1.4 1.8
459405 1.66635 100 65 1.4 1.8
459405 1.66635 60 70 1 1.8
459405 1.66635 60 70 0.6 1.5
459405 1.66635 48 70 1.4 1.95
459405 1.66635 48 70 10 1.8
459405 1.66635 60 45 0.8 1.95
459405 1.66635 48 70 1.4 1.8
459405 1.66635 100 65 0.6 1.8
459405 1.66635 48 70 10 1.95
459405 1.66635 60 60 1.4 1.8
459405 1.66635 60 55 10 1.95
459405 1.66635 60 60 1.4 1.95
459405 1.66635 48 60 1 1.8
459405 1.66635 48 60 1 1.95
459405 1.66635 48 70 1 1.95
459405 1.66635 100 0 1 1.8
459405 1.66635 60 60 0.6 1.8
459405 1.66635 100 0 1 1.95
459405 1.66635 60 60 1 1.8
459405 1.66635 60 60 10 1.8
459405 1.66635 60 60 10 1.95
459405 1.66635 60 62.5 1 1.8
459405 1.66635 48 70 1 1.5
459405 1.66635 48 70 1 1.8
459405 1.66635 100 45 10 1.95
459405 1.66635 60 70 0.6 1.8
459405 1.66635 60 45 10 1.8
459405 1.66635 60 70 1 1.5
459405 1.66635 100 55 1 1.8
459405 1.66635 48 60 1.4 1.8
459405 1.66635 48 60 1.4 1.95
459405 1.66635 60 62.5 1.4 1.8
459405 1.66635 60 70 10 1.8
459405 1.66635 48 65 10 1.95
459405 1.66635 60 62.5 0.6 1.8
459405 1.66635 60 62.5 10 1.8
459405 1.66635 48 60 0.6 1.8
459405 1.66635 60 62.5 10 1.95
459405 1.66635 60 57.5 1 1.8
459405 1.66635 48 65 10 1.8
459405 1.66635 60 65 1 1.8
459405 1.66635 60 70 1 1.95
459405 1.66635 48 60 10 1.8
459405 1.66635 48 60 10 1.95
459405 1.66635 48 62.5 1 1.8
459405 1.66635 48 65 0.6 1.8
459405 1.66635 60 45 0.8 1.8
459405 1.66635 100 65 10 1.8
459405 1.66635 48 65 1.4 1.8
459405 1.66635 60 57.5 1.4 1.8
459405 1.66635 60 57.5 1.4 1.95
459405 1.66635 100 55 1.4 1.8
459405 1.66635 48 65 1 1.8
459405 1.66635 60 57.5 0.6 1.8
459405 1.66635 48 0 10 1.95
459405 1.66635 60 57.5 0.6 1.95
459405 1.66635 48 55 10 1.95
459405 1.66635 60 57.5 10 1.8
459405 1.66635 60 55 10 1.8
459405 1.66635 60 57.5 10 1.95
459405 1.66635 48 55 10 1.8
459405 1.66635 60 0 1 1.8
459405 1.66635 48 55 0.6 1.95
459405 1.66635 60 0 1 1.95
459405 1.66635 48 55 0.6 1.8
459405 1.66635 100 55 1.4 1.95
459405 1.66635 60 70 0.6 1.95
459405 1.66635 48 0 10 1.8
459405 1.66635 48 55 1.4 1.95
459405 1.66635 48 55 1.4 1.8
459405 1.66635 48 55 1 1.8
459405 1.66635 60 45 10 1.95
459405 1.66635 48 62.5 0.6 1.8
459405 1.66635 100 45 0.8 1.95
459405 1.66635 48 45 10 1.95
459405 1.66635 60 70 1.4 1.8
459405 1.66635 48 62.5 10 1.8
459405 1.66635 48 62.5 10 1.95
459405 1.66635 48 57.5 1 1.8
459405 1.66635 48 45 10 1.8
459405 1.66635 60 0 10 1.8
459405 1.66635 100 55 0.6 1.8
459405 1.66635 60 0 10 1.95
459405 1.66635 60 55 1 1.8
459405 1.66635 60 55 0.6 1.95
459405 1.66635 100 55 0.6 1.95
459405 1.66635 100 0 10 1.8
459405 1.66635 100 55 10 1.8
459405 1.66635 100 65 10 1.95
459405 1.66635 60 70 10 1.95
459405 1.66635 60 55 0.6 1.8
459405 1.66635 100 0 10 1.95
459405 1.66635 48 45 0.8 1.95
459405 1.66635 60 65 0.6 1.8
459405 1.66635 60 65 10 1.95
459405 1.66635 48 57.5 1.4 1.8
459405 1.66635 60 55 1.4 1.95
459405 1.66635 48 57.5 1.4 1.95
459405 1.66635 60 55 1.4 1.8
459405 1.66635 48 57.5 0.6 1.8
459405 1.66635 48 57.5 0.6 1.95
459405 1.66635 48 57.5 10 1.8
459405 1.66635 48 57.5 10 1.95
459405 1.66635 48 45 0.8 1.8
459405 1.66635 100 45 0.8 1.8
459405 1.66635 48 0 1 1.8
459405 1.66635 100 55 10 1.95
459405 1.66635 60 70 1.4 1.95
459405 1.66635 48 0 1 1.95
459405 1.66635 60 65 1.4 1.8
459405 1.66635 100 65 1 1.8
459405 1.66635 60 65 10 1.8
459395 1.12038 12 62.5 1.4 0
459395 1.12038 12 62.5 1.4 -0.3
459395 1.12038 12 62.5 1.4 0.15
457485 1.11479 18 0 -0.2 -0.45
457332 1.10714 24 60 1.4 0.15
456814 1.1042 100 0 -0.2 -0.45
456814 1.1042 36 0 -0.2 -0.45
456814 1.1042 60 0 -0.2 -0.45
456814 1.1042 48 0 -0.2 -0.45
455295 1.12079 9 57.5 1 -10
455185 1.12061 9 57.5 1.4 -10
454938 1.11896 9 60 1.4 0.15
454368 1.10681 24 57.5 1.4 0.15
452477 1.11313 12 55 0.6 -10
451969 1.12125 12 60 1.4 -10
451355 1.12797 9 62.5 0.6 0.15
449591 1.65355 60 0 -1 1.8
449591 1.65355 100 0 -1 1.8
449591 1.65355 100 45 -1.2 1.8
449591 1.65355 48 0 -1 1.8
449591 1.65355 48 45 -1.2 1.8
449591 1.65355 60 45 -1.2 1.8
449556 1.11278 18 57.5 1.4 -10
449556 1.11278 18 57.5 1.4 -0.3
448534 1.65205 60 70 -0.6 1.5
448534 1.65205 60 60 -0.6 1.8
448534 1.65205 60 45 -0.4 1.8
448534 1.65205 100 65 -0.6 1.95
448534 1.65205 60 60 -0.6 2.1
448534 1.65205 60 70 -0.6 2.1
448534 1.65205 60 45 -0.8 1.8
448534 1.65205 48 55 -0.6 1.95
448534 1.65205 60 60 -0.6 1.95
448534 1.65205 100 45 -0.8 1.8
448534 1.65205 48 55 -0.6 2.1
448534 1.65205 48 55 -0.6 1.8
448534 1.65205 60 70 -0.6 1.65
448534 1.65205 100 65 -0.6 2.1
448534 1.65205 60 0 -0.6 1.8
448534 1.65205 48 62.5 -0.6 1.95
448534 1.65205 48 70 -0.6 1.65
448534 1.65205 48 70 -0.6 1.5
448534 1.65205 48 70 -0.6 2.1
448534 1.65205 60 70 -0.6 1.8
448534 1.65205 48 62.5 -0.6 2.1
448534 1.65205 48 70 -0.6 1.8
448534 1.65205 48 62.5 -0.6 1.8
448534 1.65205 48 60 -0.6 1.8
448534 1.65205 48 65 -0.6 1.8
448534 1.65205 48 60 -0.6 2.1
448534 1.65205 100 65 -0.6 1.8
448534 1.65205 48 65 -0.6 2.1
448534 1.65205 48 60 -0.6 1.95
448534 1.65205 60 62.5 -0.6 1.8
448534 1.65205 48 65 -0.6 1.95
448534 1.65205 100 0 -0.6 1.8
448534 1.65205 48 0 -0.6 1.8
448534 1.65205 60 55 -0.6 1.8
448534 1.65205 60 62.5 -0.6 2.1
448534 1.65205 60 57.5 -0.6 1.95
448534 1.65205 100 55 -0.6 1.95
448534 1.65205 60 55 -0.6 2.1
448534 1.65205 60 65 -0.6 1.8
448534 1.65205 60 55 -0.6 1.95
448534 1.65205 48 45 -0.4 1.8
448534 1.65205 48 57.5 -0.6 1.8
448534 1.65205 60 62.5 -0.6 1.95
448534 1.65205 48 57.5 -0.6 2.1
448534 1.65205 60 65 -0.6 1.95
448534 1.65205 100 55 -0.6 1.8
448534 1.65205 48 57.5 -0.6 1.95
448534 1.65205 100 55 -0.6 2.1
448534 1.65205 60 57.5 -0.6 1.8
448534 1.65205 48 45 -0.8 1.8
448534 1.65205 60 57.5 -0.6 2.1
448534 1.65205 60 65 -0.6 2.1
448534 1.65205 100 45 -0.4 1.8
448325 1.11967 9 62.5 1 0.15
446440 1.12724 9 65 0.6 -0.3
446440 1.12724 9 65 0.6 0
446440 1.12724 9 65 0.6 0.15
446440 1.12724 9 65 0.6 -10
445225 1.1188 12 62.5 0.6 0.15
445225 1.1188 12 62.5 0.6 0
445225 1.1188 12 62.5 0.6 -0.3
444549 1.17642 100 80 10 -10
444549 1.17642 100 80 10 0
444189 1.11945 12 57.5 1 -10
443115 1.07298 9 0 0.6 -10
442853 1.50527 100 85 10 0.3
442853 1.50527 100 85 10 -0.45
442853 1.50527 100 85 10 -10
442853 1.50527 100 85 10 0
442853 1.50527 100 85 10 -0.3
442853 1.50527 100 85 10 -0.15
442821 1.11539 24 60 0.6 0.15
442821 1.11539 18 60 0.6 0.15
441077 1.11889 9 55 1.4 -10
440607 1.17474 100 80 1.4 -10
440607 1.17474 100 80 1.4 0
440525 1.11733 9 57.5 1.4 0.15
438906 1.1204 9 60 1 -10
438663 1.09918 36 60 1.4 -0.3
438663 1.09918 60 60 1.4 -10
438663 1.09918 48 60 1.4 0
438663 1.09918 36 60 1.4 -10
438663 1.09918 36 60 1.4 0
438663 1.09918 48 60 1.4 -10
438663 1.09918 60 60 1.4 0
438288 1.10214 48 57.5 0.6 0
438288 1.10214 60 57.5 0.6 0
438288 1.10214 48 57.5 0.6 -10
438288 1.10214 36 57.5 0.6 -10
438288 1.10214 36 57.5 0.6 -0.3
438288 1.10214 36 57.5 0.6 0
438288 1.10214 60 57.5 0.6 -10
438198 1.10989 18 55 1.4 0.15
437765 1.11474 24 57.5 0.6 0.15
437765 1.11474 18 57.5 0.6 0.15
436264 1.11838 9 55 1 -10
433749 1.17806 6 55 1.4 0.3
433749 1.17806 6 57.5 1.4 0.3
433356 1.09845 48 55 1.4 0
433356 1.09845 100 55 1.4 0
433356 1.09845 60 55 1.4 -10
433356 1.09845 36 55 1.4 -10
433356 1.09845 60 55 1.4 0
433356 1.09845 48 55 1.4 -10
433356 1.09845 36 55 1.4 0
433356 1.09845 100 55 1.4 -10
433356 1.09845 36 55 1.4 -0.3
432917 1.1028 60 60 1 -10
432917 1.1028 60 60 1 0
432917 1.1028 48 60 1 -10
432917 1.1028 36 60 1 0
432917 1.1028 36 60 1 -0.3
432917 1.1028 48 60 1 0
432917 1.1028 36 60 1 -10
432826 1.09963 12 0 -0.2 -10
432780 1.11708 9 57.5 1 0.15
432434 1.10903 18 60 1.4 0.15
431367 1.12055 12 60 1 -10
430070 1.12423 100 0 -1 -10
430070 1.12423 60 0 -1 -10
430070 1.12423 48 0 -1 -10
430002 1.11347 18 60 0.6 0
430002 1.11347 24 60 0.6 0
429640 1.10868 18 57.5 1.4 0.15
429145 1.3832 100 77.5 0.6 0.9
429132 1.11094 9 45 0.4 -10
428902 1.10852 12 0 -0.2 -0.3
428042 1.101 36 55 0.6 0
428042 1.101 60 55 0.6 0
428042 1.101 48 55 0.6 -10
428042 1.101 36 55 0.6 -0.3
428042 1.101 60 55 0.6 -10
428042 1.101 36 55 0.6 -10
428042 1.101 100 55 0.6 -10
428042 1.101 48 55 0.6 0
428042 1.101 100 55 0.6 0
426978 1.17815 6 0 1.4 0.3
426290 1.11389 9 55 1.4 0.15
425796 1.10084 36 45 0.8 0.15
425776 1.12565 24 0 -0.2 0
425776 1.12565 18 0 -0.2 0
424688 1.11681 12 55 1 0.15
424152 1.11746 12 62.5 1 0.15
424152 1.11746 12 62.5 1 0
424152 1.11746 12 62.5 1 -0.3
423539 1.14265 60 45 -0.4 0.3
423539 1.14265 100 45 -0.4 0.3
423539 1.14265 36 45 -0.4 0.3
423539 1.14265 48 45 -0.4 0.3
422996 1.12722 24 0 -0.6 -0.45
422370 1.07552 48 0 -0.2 -10
422370 1.07552 60 0 -0.2 -10
422370 1.07552 100 0 -0.2 -10
422365 1.1095 12 55 1 -0.3
422365 1.1095 12 55 1 0
421944 1.09705 60 57.5 1.4 0
421944 1.09705 36 57.5 1.4 0
421944 1.09705 48 57.5 1.4 0
421944 1.09705 48 57.5 1.4 -10
421944 1.09705 36 57.5 1.4 -10
421944 1.09705 36 57.5 1.4 -0.3
421944 1.09705 60 57.5 1.4 -10
421913 1.17143 100 77.5 0.6 -10
421913 1.17143 100 77.5 0.6 0
420092 1.11612 12 57.5 1 0.15
419453 1.11233 24 55 0.6 0.15
419453 1.11233 18 55 0.6 0.15
418100 1.11392 12 57.5 1.4 -10
418093 1.11212 12 0 1 0.15
417912 1.10993 18 60 1 0.15
417912 1.10993 24 60 1 0.15
417497 1.12547 18 0 -0.6 -0.45
417239 1.10941 24 55 1 0
417239 1.10941 18 55 1 0
416880 1.11301 36 0 -0.6 -0.45
416880 1.11301 60 0 -0.6 -0.45
416880 1.11301 100 0 -0.6 -0.45
416880 1.11301 48 0 -0.6 -0.45
415981 1.11439 12 57.5 0.6 -10
415082 1.11284 9 55 1 0.15
414864 1.12595 24 0 -0.6 -10
414550 1.19896 6 45 0.8 0.3
414523 1.61387 48 0 -1 1.65
414523 1.61387 100 45 -1.2 1.65
414523 1.61387 100 0 -1 1.65
414523 1.61387 60 0 -1 1.65
414523 1.61387 60 45 -1.2 1.65
414523 1.61387 48 45 -1.2 1.65
414326 1.1043 9 60 10 0.3
413543 1.61237 36 65 -0.6 1.65
413543 1.61237 100 45 -0.8 1.65
413543 1.61237 36 62.5 -0.6 1.65
413543 1.61237 48 45 -0.8 1.65
413543 1.61237 60 45 -0.8 1.65
412337 1.10114 24 60 1.4 0
412337 1.10114 24 60 1.4 -0.3
412337 1.10114 24 60 1.4 -10
411869 1.10395 9 57.5 10 0.3
410847 1.10854 18 57.5 1 0
410847 1.10854 24 57.5 1 0
410632 1.11218 12 55 1.4 0.15
409458 1.1242 18 0 -0.6 -10
408951 1.12192 9 57.5 0.6 -10
408235 1.60649 100 45 0.8 1.5
408235 1.60649 48 60 1 1.5
408235 1.60649 60 57.5 0.6 1.5
408235 1.60649 60 60 1 1.5
408235 1.60649 100 0 1 1.5
408235 1.60649 48 0 1 1.5
408235 1.60649 60 0 1 1.5
408235 1.60649 60 55 0.6 1.5
408235 1.60649 48 55 0.6 1.5
408235 1.60649 48 45 0.8 1.5
408235 1.60649 48 57.5 0.6 1.5
408235 1.60649 60 45 0.8 1.5
408235 1.60649 100 55 0.6 1.5
407505 1.10762 9 45 0.8 -10
407349 1.10037 24 55 1.4 -10
407349 1.10037 24 55 1.4 0
407349 1.10037 24 55 1.4 -0.3
406346 1.19652 6 0 0.6 0.3
406346 1.19652 6 60 0.6 0.3
406346 1.19652 6 55 0.6 0.3
406346 1.19652 6 57.5 0.6 0.3
405228 1.11106 12 60 1.4 0.15
403509 1.09797 9 62.5 10 0.3
403443 1.10553 9 0 0.6 0
402617 1.16746 6 55 10 0.3
402617 1.16746 6 57.5 10 0.3
402592 1.11069 12 57.5 1.4 0.15
402036 1.10462 12 55 1.4 -0.3
402036 1.10462 12 55 1.4 0
401495 1.1121 9 60 1 0.15
400914 1.10753 9 0 1 0.15
400370 1.1004 18 45 0.8 0.15
400370 1.1004 24 45 0.8 0.15
400000 1.14999 36 55 -0.6 0.15
400000 1.14999 36 57.5 -0.6 0.15
399630 1.08987 9 0 0.6 -0.3
399535 1.5937 48 0 -1 1.5
399535 1.5937 100 45 -1.2 1.5
399535 1.5937 60 0 -1 1.5
399535 1.5937 100 0 -1 1.5
399535 1.5937 48 45 -1.2 1.5
399535 1.5937 60 45 -1.2 1.5
399200 1.23509 24 45 -0.8 0.3
398542 1.5922 60 57.5 -0.6 1.5
398542 1.5922 36 65 -0.6 1.5
398542 1.5922 48 65 -0.6 1.5
398542 1.5922 100 65 -0.6 1.5
398542 1.5922 36 62.5 -0.6 1.5
398542 1.5922 100 45 -0.8 1.5
398542 1.5922 60 60 -0.6 1.5
398542 1.5922 48 62.5 -0.6 1.5
398542 1.5922 60 55 -0.6 1.5
398542 1.5922 60 65 -0.6 1.5
398542 1.5922 100 55 -0.6 1.5
398542 1.5922 48 45 -0.8 1.5
398542 1.5922 48 55 -0.6 1.5
398542 1.5922 48 57.5 -0.6 1.5
398542 1.5922 60 62.5 -0.6 1.5
398542 1.5922 48 60 -0.6 1.5
398542 1.5922 60 45 -0.8 1.5
398415 1.23486 18 45 -0.8 0.3
398402 1.15651 9 55 1.4 0.45
398402 1.15651 9 0 1.4 0.45
398384 1.11892 9 60 0.6 0.15
396671 1.15578 9 57.5 1.4 0.45
396621 1.09889 24 57.5 1.4 -10
396621 1.09889 24 57.5 1.4 -0.3
396621 1.09889 24 57.5 1.4 0
396340 1.16755 6 45 10 0.3
396340 1.16755 6 0 10 0.3
395548 1.09684 9 65 10 0.3
395532 1.21558 100 77.5 1 0.6
394886 1.10983 9 60 1.4 0
394886 1.10983 9 60 1.4 -0.3
394738 1.10392 36 0 -0.6 -10
394008 1.10823 24 57.5 0.6 0
394008 1.10823 18 57.5 0.6 0
393233 1.19109 6 60 1.4 0.3
393203 1.10026 9 0 1 0
392973 1.11032 12 60 0.6 0.15
392872 1.59375 100 85 10 0.6
392657 1.15588 9 0 1 0.45
392657 1.15588 9 57.5 1 0.45
392657 1.15588 9 55 1 0.45
391259 1.10597 9 0 1.4 0.15
389908 1.10268 18 60 1.4 0
389308 1.12925 100 0 -0.2 0.3
389308 1.12925 48 0 -0.2 0.3
389308 1.12925 36 0 -0.2 0.3
389308 1.12925 60 0 -0.2 0.3
388857 1.15417 9 45 1.2 0.45
388508 1.10963 12 57.5 0.6 0.15
388208 1.23677 100 80 10 0.6
387546 1.0963 48 0 1 0
387546 1.0963 36 0 1 0
387546 1.0963 100 0 1 0
387546 1.0963 60 0 1 0
387273 1.10121 12 0 1 0
386462 1.16411 36 45 -0.8 0.15
386187 1.10425 9 45 1.2 -10
386012 1.17399 36 0 -0.6 0.3
386012 1.17399 48 0 -0.6 0.3
386012 1.17399 60 0 -0.6 0.3
386012 1.17399 36 55 -0.6 0.3
386012 1.17399 100 0 -0.6 0.3
386012 1.17399 36 57.5 -0.6 0.3
385794 1.11061 9 45 0.4 0.15
385171 1.10186 18 55 1.4 0
384828 1.23538 100 80 1.4 0.6
384813 1.10695 24 55 0.6 0
384813 1.10695 18 55 0.6 0
383877 1.11685 9 57.5 0.6 0.15
383637 1.10471 18 60 1 0
383637 1.10471 24 60 1 0
383056 1.10296 9 45 0.4 0
382618 1.10083 18 0 1 0
382618 1.10083 24 0 1 0
382519 1.10229 9 45 0.8 0.15
381613 1.10828 12 60 0.6 -0.3
381613 1.10828 12 60 0.6 0
380379 1.10227 12 55 0.6 -0.3
380379 1.10227 12 55 0.6 0
379935 1.26008 9 75 1 0.45
379850 1.10989 12 60 1 0.15
379486 1.09252 12 62.5 10 0.3
379224 1.18485 12 0 -1 -0.45
377849 1.0966 9 45 0.4 -0.3
377805 1.19703 9 45 -0.8 -10
377405 1.1361 12 0 -0.6 -0.3
377288 1.09571 9 45 0.8 0
377047 1.23439 60 75 -1 0
377047 1.23439 48 75 -1 0
377047 1.23439 100 75 -1 -10
377047 1.23439 60 75 -1 -10
377047 1.23439 48 75 -1 -10
377047 1.23439 100 75 -1 0
376069 1.14991 9 45 0.8 0.45
375391 1.31165 9 75 0.6 0.45
375042 1.1003 18 57.5 1.4 0
374689 1.10133 12 45 0.8 0.15
373837 1.20686 6 62.5 0.6 0.3
373526 1.10659 9 57.5 1 -0.3
373526 1.10659 9 57.5 1 0
373427 1.10564 9 57.5 1.4 -0.3
373427 1.10564 9 57.5 1.4 0
373404 1.10842 12 57.5 1 0
373404 1.10842 12 57.5 1 -0.3
373245 1.20668 6 65 0.6 0.3
372412 1.11421 9 60 0.6 0
372412 1.11421 9 60 0.6 -0.3
372246 1.10708 12 55 0.6 0.15
371997 1.09139 12 65 10 0.3
370993 1.13409 48 60 -0.6 -10
370993 1.13409 48 60 -0.6 0
370993 1.13409 36 60 -0.6 0
370993 1.13409 60 60 -0.6 0
370993 1.13409 60 60 -0.6 -10
370993 1.13409 36 60 -0.6 -0.3
370993 1.13409 36 60 -0.6 -0.15
370993 1.13409 36 60 -0.6 -0.45
370993 1.13409 36 60 -0.6 -10
370834 1.11602 9 55 0.6 -10
370769 1.10004 9 45 1.2 0.15
370156 1.16372 6 45 1.2 0.3
369397 1.42322 100 80 0.6 0.9
369397 1.42322 100 80 1 0.9
368989 1.16386 9 60 1.4 0.45
368078 1.13354 36 57.5 -0.6 -0.3
368078 1.13354 36 57.5 -0.6 0
368078 1.13354 48 57.5 -0.6 -10
368078 1.13354 60 57.5 -0.6 0
368078 1.13354 36 57.5 -0.6 -10
368078 1.13354 60 57.5 -0.6 -10
368078 1.13354 48 57.5 -0.6 0
367597 1.13421 12 45 -0.4 -10
367538 1.09634 9 0 1.4 0
366656 1.1765 12 45 -0.8 -10
366092 1.06129 9 0 1 -10
365397 1.10432 12 60 1.4 0
365397 1.10432 12 60 1.4 -0.3
365257 1.16447 9 60 1 0.45
365023 1.17932 6 60 10 0.3
364913 1.09224 36 45 0.8 0
364913 1.09224 48 45 0.8 0
364913 1.09224 100 45 0.8 0
364913 1.09224 60 45 0.8 0
364549 1.12528 100 55 1 0.45
364549 1.12528 36 0 1 0.45
364549 1.12528 36 55 1 0.45
364549 1.12528 60 55 1 0.45
364549 1.12528 36 62.5 1 0.45
364549 1.12528 60 57.5 1 0.45
364549 1.12528 36 57.5 1 0.45
364549 1.12528 48 62.5 1 0.45
364549 1.12528 48 55 1 0.45
364549 1.12528 60 62.5 1 0.45
364549 1.12528 48 57.5 1 0.45
364549 1.12528 36 60 1 0.45
364267 1.10197 24 45 0.8 -10
364267 1.10197 24 45 0.8 -0.3
364076 1.18551 100 45 -1.2 0
364076 1.18551 48 45 -1.2 0
364076 1.18551 60 45 -1.2 0
363334 1.18507 36 45 -1.2 0
362785 1.09963 12 45 0.8 -10
362409 1.09317 12 0 -0.2 -0.45
362341 1.12485 60 65 1 0.45
362341 1.12485 48 65 1 0.45
362341 1.12485 100 65 1 0.45
362341 1.12485 36 65 1 0.45
361846 1.10404 9 55 1.4 -0.3
361846 1.10404 9 55 1.4 0
361173 1.08917 12 55 10 0.3
361120 1.0894 12 45 10 0.3
361120 1.0894 12 0 10 0.3
360499 1.20111 6 62.5 10 0.3
360499 1.20111 6 62.5 1.4 0.3
360194 1.18248 36 60 -0.6 0.3
359552 1.10524 9 0 0.6 0.15
359550 1.10041 18 45 0.8 -10
359550 1.10041 18 45 0.8 -0.3
358407 1.55451 48 70 10 1.5
358407 1.55451 36 70 10 1.5
358407 1.55451 60 70 10 1.5
357912 1.10404 9 55 1 0
357912 1.10404 9 55 1 -0.3
357902 1.1334 12 45 -0.4 0
357623 1.09286 12 45 0.8 0
357527 1.09233 9 45 1.2 0
357455 1.42677 100 82.5 10 1.2
355149 1.55091 36 70 10 1.65
355149 1.55091 36 65 10 1.65
355149 1.55091 36 57.5 10 1.65
355149 1.55091 36 45 10 1.65
355149 1.55091 36 60 10 1.65
355149 1.55091 36 0 10 1.65
355149 1.55091 36 55 10 1.65
355149 1.55091 36 62.5 10 1.65
354804 1.10418 9 60 1 -0.3
354804 1.10418 9 60 1 0
354673 1.09206 9 45 0.8 -0.3
354407 1.14236 36 0 -1 -0.15
354407 1.14236 36 0 -1 -0.3
351801 1.19796 6 65 1.4 0.3
351801 1.19796 6 65 10 0.3
351615 1.0921 48 0 -0.6 -10
351615 1.0921 100 0 -0.6 -10
351615 1.0921 60 0 -0.6 -10
351463 1.10179 12 57.5 1.4 0
351463 1.10179 12 57.5 1.4 -0.3
349927 1.08782 12 57.5 10 0.3
349680 1.10272 12 57.5 0.6 0
349680 1.10272 12 57.5 0.6 -0.3
348968 1.10887 9 55 0.6 0.15
348709 1.10434 12 60 1 -0.3
348709 1.10434 12 60 1 0
346732 1.1458 12 55 1 0.45
346732 1.1458 12 57.5 1 0.45
346732 1.1458 12 0 1 0.45
345435 1.53434 60 57.5 10 1.5
345435 1.53434 36 0 10 1.5
345435 1.53434 36 57.5 10 1.5
345435 1.53434 36 55 10 1.5
345435 1.53434 60 62.5 10 1.5
345435 1.53434 48 45 10 1.5
345435 1.53434 36 62.5 10 1.5
345435 1.53434 48 55 10 1.5
345435 1.53434 48 65 10 1.5
345435 1.53434 100 65 10 1.5
345435 1.53434 36 60 10 1.5
345435 1.53434 60 65 10 1.5
345435 1.53434 36 45 10 1.5
345435 1.53434 48 60 10 1.5
345435 1.53434 60 0 10 1.5
345435 1.53434 48 62.5 10 1.5
345435 1.53434 36 65 10 1.5
345435 1.53434 60 45 10 1.5
345435 1.53434 48 57.5 10 1.5
345435 1.53434 100 55 10 1.5
345435 1.53434 60 55 10 1.5
345435 1.53434 60 60 10 1.5
345435 1.53434 100 0 10 1.5
345435 1.53434 48 0 10 1.5
345435 1.53434 100 45 10 1.5
345231 1.08475 18 62.5 10 0.3
344467 1.08685 12 60 10 0.3
343532 1.08667 9 55 10 0.3
343224 1.15871 9 62.5 1.4 0.45
343137 1.09132 24 45 0.8 0
343137 1.09132 18 45 0.8 0
342759 1.08141 9 0 1 -0.3
342249 1.1994 100 77.5 1.4 0.6
341168 1.1581 9 65 1.4 0.45
340945 1.18928 60 75 -0.2 -10
340945 1.18928 48 75 -0.2 0
340945 1.18928 60 75 -0.2 0
340945 1.18928 100 75 -0.2 -10
340945 1.18928 100 75 -0.2 0
340945 1.18928 48 75 -0.2 -10
340756 1.08905 24 0 1 -0.3
340444 1.11801 60 62.5 1.4 0.45
340444 1.11801 48 62.5 1.4 0.45
340444 1.11801 36 62.5 1.4 0.45
340060 1.15382 6 55 1 0.3
340060 1.15382 6 57.5 1 0.3
338647 1.11924 12 0 -0.2 0
338450 1.08801 60 45 0.8 -10
338450 1.08801 100 45 0.8 -10
338450 1.08801 36 45 0.8 -10
338450 1.08801 36 45 0.8 -0.3
338450 1.08801 48 45 0.8 -10
338419 1.08362 18 65 10 0.3
338405 1.11758 100 65 1.4 0.45
338405 1.11758 48 65 1.4 0.45
338405 1.11758 36 65 1.4 0.45
338405 1.11758 60 65 1.4 0.45
338363 1.03764 36 0 1 -10
336784 1.11716 36 55 1.4 0.45
336344 1.08765 18 0 1 -0.3
336116 1.08869 9 45 1.2 -0.3
335571 1.1389 12 0 -0.6 0
335497 1.1065 9 57.5 0.6 0
335497 1.1065 9 57.5 0.6 -0.3
335326 1.11681 36 57.5 1.4 0.45
335326 1.11681 36 60 1.4 0.45
334645 1.15653 9 62.5 1 0.45
333075 1.5273 100 77.5 0.6 1.2
333075 1.5273 100 77.5 1 1.2
333075 1.5273 100 77.5 1.4 1.2
332643 1.15592 9 65 1 0.45
331865 1.14262 24 60 -0.6 -10
331865 1.14262 24 60 -0.6 -0.15
331865 1.14262 24 60 -0.6 -0.45
331865 1.14262 24 60 -0.6 -0.3
331769 1.05781 9 0 1.4 -10
331254 1.17445 36 55 -0.6 0.45
331254 1.17445 36 57.5 -0.6 0.45
331223 1.14197 12 55 1.4 0.45
331198 1.32402 100 77.5 -0.6 0.6
330911 1.11745 12 0 -0.2 -0.15
330540 1.14232 24 55 -0.6 -10
330540 1.14232 24 55 -0.6 -0.15
330540 1.14232 24 55 -0.6 -0.3
330540 1.14232 24 55 -0.6 -0.45
330469 1.15465 24 0 -1 -0.15
330469 1.15465 24 0 -1 -0.3
330337 1.13968 18 70 -0.2 -0.15
330337 1.13968 18 70 -0.2 -0.45
330337 1.13968 18 70 -0.2 -10
330337 1.13968 24 70 -0.2 -0.15
330337 1.13968 24 70 -0.2 -0.45
330337 1.13968 24 70 -0.2 -10
330337 1.13968 18 70 -0.2 0
330337 1.13968 24 70 -0.2 -0.3
330337 1.13968 18 70 -0.2 -0.3
330337 1.13968 24 70 -0.2 0
329794 1.14125 12 57.5 1.4 0.45
329244 1.14202 24 57.5 -0.6 -0.45
329244 1.14202 24 57.5 -0.6 -0.15
329244 1.14202 24 57.5 -0.6 -10
329244 1.14202 24 57.5 -0.6 -0.3
328472 1.22018 6 45 0.4 0.3
327532 1.14029 18 60 -0.6 -0.15
327532 1.14029 18 60 -0.6 -0.45
327532 1.14029 18 60 -0.6 -0.3
327532 1.14029 18 60 -0.6 -10
327347 1.15024 48 45 -1.2 -10
327347 1.15024 60 45 -1.2 -10
327347 1.15024 100 45 -1.2 -10
326707 1.14987 36 45 -1.2 -0.3
326707 1.14987 36 45 -1.2 -10
326707 1.14987 36 45 -1.2 -0.15
326707 1.14987 36 45 -1.2 -0.45
326645 1.0809 24 65 10 0.3
326287 1.13877 24 45 -0.4 0.3
326287 1.13877 18 45 -0.4 0.3
326255 1.13999 18 55 -0.6 -10
326255 1.13999 18 55 -0.6 -0.15
326255 1.13999 18 55 -0.6 -0.45
326255 1.13999 18 55 -0.6 -0.3
326250 1.08363 9 0 10 0.3
326250 1.08363 9 45 10 0.3
326104 1.08041 24 62.5 10 0.3
325787 1.12258 48 55 -0.6 -10
325787 1.12258 36 55 -0.6 -0.3
325787 1.12258 36 55 -0.6 -10
325787 1.12258 60 55 -0.6 -10
325787 1.12258 100 55 -0.6 0
325787 1.12258 100 55 -0.6 -10
325787 1.12258 60 55 -0.6 0
325787 1.12258 48 55 -0.6 0
325787 1.12258 36 55 -0.6 0
324971 1.13969 18 57.5 -0.6 -10
324971 1.13969 18 57.5 -0.6 -0.45
324971 1.13969 18 57.5 -0.6 -0.3
324971 1.13969 18 57.5 -0.6 -0.15
324861 1.14928 6 0 1 0.3
324028 1.12547 12 45 -0.4 -0.15
323518 1.08696 12 45 0.8 -0.3
323456 1.04299 24 0 1 -10
323092 1.13173 18 57.5 1 0.45
323092 1.13173 18 55 1 0.45
323092 1.13173 18 0 1 0.45
323092 1.13173 24 60 1 0.45
323092 1.13173 18 60 1 0.45
323092 1.13173 24 55 1 0.45
323092 1.13173 24 0 1 0.45
323092 1.13173 24 57.5 1 0.45
322538 1.15338 12 60 1 0.45
322538 1.15338 12 62.5 1 0.45
320612 1.15278 12 65 1 0.45
320288 1.51231 36 70 1.4 1.65
320288 1.51231 36 70 1.4 1.5
320288 1.51231 60 70 1.4 1.5
320288 1.51231 48 70 1.4 1.5
320131 1.24249 100 80 -0.6 0
320131 1.24249 100 80 -0.6 -10
320013 1.12218 24 62.5 1.4 0.45
319512 1.03554 60 0 1 -10
319512 1.03554 48 0 1 -10
319512 1.03554 100 0 1 -10
318857 1.14666 100 0 -1 0
318857 1.14666 60 0 -1 0
318857 1.14666 48 0 -1 0
318498 1.11684 36 45 0.8 0.45
318343 1.08005 18 57.5 10 0.3
318233 1.14629 36 0 -1 0
318097 1.12171 24 65 1.4 0.45
317634 1.20613 48 75 -0.6 0
317634 1.20613 100 75 -0.6 -10
317634 1.20613 60 75 -0.6 -10
317634 1.20613 100 75 -0.6 0
317634 1.20613 60 75 -0.6 0
317634 1.20613 48 75 -0.6 -10
316674 1.14958 18 0 -1 -0.15
316674 1.14958 18 0 -1 -0.3
316601 1.07703 36 0 1 -0.3
316571 1.12126 24 55 1.4 0.45
316564 1.18955 100 77.5 10 0.6
316435 1.13392 12 0 -0.6 -0.15
315201 1.12089 24 60 1.4 0.45
315201 1.12089 24 57.5 1.4 0.45
314990 1.50712 48 75 1 1.2
314990 1.50712 100 75 1 1.2
314990 1.50712 60 75 1 1.2
314927 1.04691 12 0 1 -10
314778 1.14091 100 77.5 1 -10
314778 1.14091 100 77.5 1 0
314418 1.13191 36 0 -1 -0.45
314175 1.49193 48 75 -1 1.2
314175 1.49193 60 75 -1 1.2
314175 1.49193 100 75 -1 1.2
314063 1.15173 9 0 -0.6 -0.15
314063 1.15173 9 0 -0.6 -0.3
313370 1.07908 18 60 10 0.3
313348 1.49043 100 77.5 -0.6 1.2
311935 1.13521 12 45 0.8 0.45
311461 1.15067 12 62.5 1.4 0.45
311230 1.4996 48 75 -0.2 1.2
311230 1.4996 100 75 -0.2 1.2
311230 1.4996 60 75 -0.2 1.2
310990 1.04441 18 0 1 -10
310603 1.07624 9 0 1.4 -0.3
309592 1.15006 12 65 1.4 0.45
309247 1.12424 36 45 -0.8 -0.3
308997 1.12163 12 45 -0.4 -0.3
308997 1.12163 12 45 -0.4 -0.45
308697 1.49213 48 55 1.4 1.5
308697 1.49213 60 60 1.4 1.5
308697 1.49213 48 57.5 1.4 1.5
308697 1.49213 60 57.5 1.4 1.5
308697 1.49213 100 55 1.4 1.5
308697 1.49213 48 60 1.4 1.5
308697 1.49213 60 55 1.4 1.5
308644 1.75911 36 70 0.6 2.1
308644 1.75911 36 70 1 2.1
308644 1.75911 36 70 10 2.1
308644 1.75911 36 60 10 2.1
308644 1.75911 36 0 10 2.1
308644 1.75911 36 0 -0.2 1.8
308644 1.75911 36 57.5 10 2.1
308644 1.75911 36 62.5 10 2.1
308644 1.75911 36 70 1.4 2.1
308644 1.75911 36 55 10 2.1
308644 1.75911 36 65 10 2.1
308644 1.75911 36 45 10 2.1
308461 1.32894 12 45 -0.8 0.3
307817 1.16399 6 60 1 0.3
307128 1.10807 6 55 1 0.15
307019 1.13218 6 62.5 0.6 0
307019 1.13218 6 62.5 0.6 -0.3
307019 1.13218 6 62.5 0.6 -10
306776 1.14787 12 60 1.4 0.45
305731 1.07501 9 65 10 -10
305731 1.07501 9 65 10 -0.3
305731 1.07501 9 65 10 0.15
305731 1.07501 9 65 10 0
304255 1.10022 9 55 0.6 -0.3
304255 1.10022 9 55 0.6 0
304091 1.13895 24 45 -0.8 -0.3
303799 1.10722 6 57.5 1 0.15
303219 1.3823 100 80 -0.6 0.6
302589 1.12611 18 62.5 1.4 0.45
301525 1.19866 100 77.5 -0.6 -10
301525 1.19866 100 77.5 -0.6 0
301113 1.48367 60 70 1 1.2
301113 1.48367 48 70 1 1.2
301113 1.48367 48 70 0.6 1.2
301113 1.48367 60 70 0.6 1.2
301066 1.73653 36 60 1 1.8
301066 1.73653 36 45 10 1.8
301066 1.73653 36 62.5 10 1.8
301066 1.73653 36 70 0.6 1.5
301066 1.73653 36 70 10 1.8
301066 1.73653 36 55 10 1.8
301066 1.73653 36 65 10 1.8
301066 1.73653 36 65 0.6 1.8
301066 1.73653 36 70 0.6 1.8
301066 1.73653 36 55 0.6 1.8
301066 1.73653 36 57.5 1.4 1.8
301066 1.73653 36 60 1.4 1.8
301066 1.73653 36 57.5 10 1.8
301066 1.73653 36 0 10 1.8
301066 1.73653 36 62.5 0.6 1.8
301066 1.73653 36 65 1 1.8
301066 1.73653 36 55 1 1.8
301066 1.73653 36 55 1.4 1.8
301066 1.73653 36 70 1 1.8
301066 1.73653 36 62.5 1.4 1.8
301066 1.73653 36 57.5 1 1.8
301066 1.73653 36 70 0.6 1.95
301066 1.73653 36 45 0.8 1.8
301066 1.73653 36 70 1.4 1.8
301066 1.73653 36 65 1.4 1.8
301066 1.73653 36 60 0.6 1.8
301066 1.73653 36 57.5 0.6 1.8
301066 1.73653 36 70 1 1.5
301066 1.73653 36 0 1 1.8
301066 1.73653 36 60 10 1.8
301066 1.73653 36 62.5 1 1.8
301066 1.73653 36 70 1 1.95
301027 1.48955 100 80 1 1.2
301027 1.48955 100 80 0.6 1.2
301027 1.48955 100 80 1.4 1.2
300802 1.06707 36 65 10 -10
300802 1.06707 60 65 10 -10
300802 1.06707 100 65 10 0
300802 1.06707 36 65 10 0
300802 1.06707 48 65 10 -10
300802 1.06707 100 65 10 -10
300802 1.06707 60 65 10 0
300802 1.06707 48 65 10 0
300779 1.12561 18 65 1.4 0.45
300705 1.07571 24 57.5 10 0.3
300140 1.13662 18 45 -0.8 -0.3
299912 1.12345 24 0 -0.2 0.3
299912 1.12345 18 0 -0.2 0.3
299690 1.07596 12 0 1 -0.3
299335 1.12511 18 55 1.4 0.45
298102 1.13013 6 62.5 0.6 0.15
298046 1.12471 18 60 1.4 0.45
298046 1.12471 18 57.5 1.4 0.45
297896 1.09657 60 70 0.6 0
297896 1.09657 60 70 0.6 -10
297896 1.09657 48 70 0.6 0
297896 1.09657 36 70 0.6 -10
297896 1.09657 48 70 0.6 -10
297896 1.09657 36 70 0.6 0
296503 1.48296 48 75 -0.2 1.35
296503 1.48296 60 75 -0.2 1.35
296503 1.48296 100 75 -0.2 1.35
296371 1.47025 100 75 -0.6 1.2
296371 1.47025 48 75 -0.6 1.2
296371 1.47025 60 75 -0.6 1.2
296010 1.07474 24 60 10 0.3
295929 1.07305 9 62.5 10 -10
295929 1.07305 9 62.5 10 0
295929 1.07305 9 62.5 10 -0.3
294945 1.07276 9 62.5 10 0.15
294868 1.12914 6 65 0.6 -10
294868 1.12914 6 65 0.6 0
294868 1.12914 6 65 0.6 0.15
294868 1.12914 6 65 0.6 -0.3
293937 1.71509 36 65 -0.6 2.1
293937 1.71509 36 57.5 -0.6 1.8
293937 1.71509 36 60 -0.6 1.8
293937 1.71509 36 55 -0.6 1.8
293937 1.71509 36 62.5 -0.6 1.8
293937 1.71509 36 70 -0.6 1.8
293937 1.71509 36 62.5 -0.6 2.1
293937 1.71509 36 0 -0.6 1.8
293937 1.71509 36 65 -0.6 1.8
293937 1.71509 36 45 -0.4 1.8
293937 1.71509 36 70 -0.6 1.65
293937 1.71509 36 70 -0.6 1.5
293937 1.71509 36 70 -0.6 2.1
293843 1.47526 100 80 -0.6 1.2
293843 1.47526 100 80 -0.6 1.35
293150 1.14325 24 0 -1 -0.45
291216 1.13024 9 0 -0.6 -10
290661 1.12786 60 45 -0.8 0
290661 1.12786 48 45 -0.8 0
290661 1.12786 100 45 -0.8 0
290410 1.07073 12 65 10 -0.3
290410 1.07073 12 65 10 0.15
290410 1.07073 12 65 10 0
290410 1.07073 12 65 10 -10
290208 1.07675 18 55 10 0.3
290086 1.12753 36 45 -0.8 0
289355 1.16287 18 0 -0.6 0.3
289355 1.16287 18 55 -0.6 0.3
289355 1.16287 18 57.5 -0.6 0.3
284324 1.16079 24 0 -0.6 0.3
284324 1.16079 24 57.5 -0.6 0.3
284324 1.16079 24 55 -0.6 0.3
284000 1.06349 60 62.5 10 0
284000 1.06349 60 62.5 10 -10
284000 1.06349 36 62.5 10 0
284000 1.06349 48 62.5 10 0
284000 1.06349 36 62.5 10 -10
284000 1.06349 48 62.5 10 -10
283313 1.44681 48 70 -0.6 1.2
283313 1.44681 60 70 -0.6 1.2
283087 1.45512 60 75 -1 1.35
283087 1.45512 100 75 -1 1.35
283087 1.45512 48 75 -1 1.35
282521 1.12516 6 65 1 -0.3
282521 1.12516 6 65 1 -0.15
282521 1.12516 6 65 1 -10
282521 1.12516 6 65 1 -0.45
282521 1.12516 6 65 1 0
282359 1.45361 60 75 -0.6 1.35
282359 1.45361 100 75 -0.6 1.35
282359 1.45361 48 75 -0.6 1.35
282359 1.45361 100 77.5 -0.6 1.35
282264 1.12188 24 45 0.8 0.45
282264 1.12188 18 45 0.8 0.45
282213 1.17061 6 62.5 1 0.3
281772 1.17043 6 65 1 0.3
280938 1.13818 18 0 -1 -0.45
280830 1.4494 48 60 0.6 1.2
280830 1.4494 36 45 0.8 1.2
280830 1.4494 48 55 0.6 1.2
280830 1.4494 60 55 0.6 1.2
280830 1.4494 36 60 0.6 1.2
280830 1.4494 36 57.5 1 1.2
280830 1.4494 60 0 1 1.2
280830 1.4494 48 45 0.8 1.2
280830 1.4494 100 55 1 1.2
280830 1.4494 60 55 1 1.2
280830 1.4494 48 55 1 1.2
280830 1.4494 60 57.5 1 1.2
280830 1.4494 36 60 1 1.2
280830 1.4494 60 57.5 0.6 1.2
280830 1.4494 36 55 0.6 1.2
280830 1.4494 60 60 1 1.2
280830 1.4494 100 55 0.6 1.2
280830 1.4494 48 60 1 1.2
280830 1.4494 100 45 0.8 1.2
280830 1.4494 48 57.5 1 1.2
280830 1.4494 60 45 0.8 1.2
280830 1.4494 36 0 1 1.2
280830 1.4494 48 57.5 0.6 1.2
280830 1.4494 36 55 1 1.2
280830 1.4494 100 0 1 1.2
280830 1.4494 60 60 0.6 1.2
280830 1.4494 36 57.5 0.6 1.2
280830 1.4494 48 0 1 1.2
280338 1.21367 48 75 -0.2 0.6
280338 1.21367 100 75 -0.2 0.6
280338 1.21367 60 75 -0.2 0.6
280169 1.06847 12 62.5 10 -0.3
280169 1.06847 12 62.5 10 0
280169 1.06847 12 62.5 10 0.15
280169 1.06847 12 62.5 10 -10
280095 1.43421 100 0 -1 1.2
280095 1.43421 48 45 -1.2 1.2
280095 1.43421 60 0 -1 1.2
280095 1.43421 100 45 -1.2 1.2
280095 1.43421 48 0 -1 1.2
280095 1.43421 60 45 -1.2 1.2
279555 1.15386 24 45 -1.2 -0.15
279555 1.15386 24 45 -1.2 -0.3
279555 1.15386 24 45 -1.2 -0.45
279555 1.15386 24 45 -1.2 -10
278165 1.1212 6 62.5 1 0
278165 1.1212 6 62.5 1 -10
278165 1.1212 6 62.5 1 -0.3
277628 1.44399 36 65 1 1.2
277628 1.44399 48 62.5 0.6 1.2
277628 1.44399 36 62.5 1 1.2
277628 1.44399 48 65 0.6 1.2
277628 1.44399 60 65 1 1.2
277628 1.44399 100 65 0.6 1.2
277628 1.44399 60 62.5 0.6 1.2
277628 1.44399 48 62.5 1 1.2
277628 1.44399 48 65 1 1.2
277628 1.44399 60 65 0.6 1.2
277628 1.44399 36 65 0.6 1.2
277628 1.44399 100 65 1 1.2
277628 1.44399 60 62.5 1 1.2
277628 1.44399 36 62.5 0.6 1.2
277560 1.17508 9 0 -0.6 0
277470 1.44188 36 0 -0.2 1.2
277470 1.44188 60 0 -0.2 1.2
277470 1.44188 48 0 -0.2 1.2
277470 1.44188 100 0 -0.2 1.2
276868 1.10691 6 62.5 1.4 -0.3
276868 1.10691 6 62.5 1.4 -10
276868 1.10691 6 62.5 1.4 0
276417 1.09975 6 0 1 0.15
275864 1.13264 24 45 -0.8 0.15
275799 1.08912 6 55 1.4 0.15
275322 1.13243 18 45 -0.8 0.15
274520 1.11268 6 60 0.6 0.15
274340 1.10844 6 65 10 -10
274340 1.10844 6 65 1.4 -0.3
274340 1.10844 6 65 1.4 -10
274340 1.10844 6 65 1.4 0.15
274340 1.10844 6 65 10 0.15
274340 1.10844 6 65 10 0
274340 1.10844 6 65 1.4 0
274340 1.10844 6 65 10 -0.3
273821 1.10592 6 62.5 10 -0.3
273821 1.10592 6 62.5 10 -10
273821 1.10592 6 62.5 10 0
273561 1.09069 48 70 1 0
273561 1.09069 36 70 1 0
273561 1.09069 36 70 1 -10
273561 1.09069 60 70 1 0
273561 1.09069 48 70 1 -10
273561 1.09069 60 70 1 -10
273264 1.12421 18 60 -0.6 0
273264 1.12421 24 60 -0.6 0
272397 1.09709 6 55 1 0
272397 1.09709 6 55 1 -0.3
272397 1.09709 6 55 1 -10
272314 1.12577 100 77.5 1.4 -10
272314 1.12577 100 77.5 1.4 0
272197 1.12388 24 55 -0.6 0
272197 1.12388 18 55 -0.6 0
272049 1.08816 6 55 10 0.15
271598 1.08799 6 57.5 1.4 0.15
271509 1.0717 24 55 10 0.3
271120 1.12356 18 57.5 -0.6 0
271120 1.12356 24 57.5 -0.6 0
270072 1.11915 6 62.5 1 0.15
270008 1.17219 18 60 -0.6 0.3
269940 1.16074 48 70 -0.6 0
269940 1.16074 36 70 -0.6 0
269940 1.16074 60 70 -0.6 -10
269940 1.16074 48 70 -0.6 -10
269940 1.16074 36 70 -0.6 -10
269940 1.16074 60 70 -0.6 0
269918 1.43016 48 70 -0.6 1.35
269918 1.43016 60 70 -0.6 1.35
269452 1.12366 60 62.5 -0.6 0
269452 1.12366 60 62.5 -0.6 -10
269452 1.12366 36 62.5 -0.6 -10
269452 1.12366 36 62.5 -0.6 0
269452 1.12366 48 62.5 -0.6 -10
269452 1.12366 48 62.5 -0.6 0
269375 1.07193 18 45 10 0.3
268812 1.10503 6 62.5 1.4 0.15
268614 1.09616 6 57.5 1 -10
268614 1.09616 6 57.5 1 -0.3
268614 1.09616 6 57.5 1 0
267913 1.08704 6 57.5 10 0.15
267909 1.14829 18 45 -1.2 -10
267909 1.14829 18 45 -1.2 -0.15
267909 1.14829 18 45 -1.2 -0.3
267909 1.14829 18 45 -1.2 -0.45
267761 1.07172 18 0 10 0.3
266079 1.09884 6 0 1 0
265860 1.10404 6 62.5 10 0.15
265309 1.16982 24 60 -0.6 0.3
264227 1.41253 100 45 -0.4 1.2
264227 1.41253 60 0 -0.6 1.2
264227 1.41253 48 45 -0.8 1.2
264227 1.41253 60 45 -0.4 1.2
264227 1.41253 36 45 -0.4 1.2
264227 1.41253 60 45 -0.8 1.2
264227 1.41253 48 0 -0.6 1.2
264227 1.41253 48 57.5 -0.6 1.2
264227 1.41253 36 55 -0.6 1.2
264227 1.41253 100 55 -0.6 1.2
264227 1.41253 48 60 -0.6 1.2
264227 1.41253 36 0 -0.6 1.2
264227 1.41253 36 57.5 -0.6 1.2
264227 1.41253 100 0 -0.6 1.2
264227 1.41253 100 45 -0.8 1.2
264227 1.41253 48 45 -0.4 1.2
264227 1.41253 36 60 -0.6 1.2
264227 1.41253 60 57.5 -0.6 1.2
264227 1.41253 60 55 -0.6 1.2
264227 1.41253 48 55 -0.6 1.2
264227 1.41253 60 60 -0.6 1.2
264193 1.06339 18 65 10 0.15
264193 1.06339 18 65 10 -0.3
264193 1.06339 18 65 10 0
264193 1.06339 18 65 10 -10
263505 1.10728 6 0 0.6 0
263039 1.11111 60 62.5 0.6 0.45
263039 1.11111 36 55 0.6 0.45
263039 1.11111 60 60 0.6 0.45
263039 1.11111 48 65 0.6 0.45
263039 1.11111 36 65 0.6 0.45
263039 1.11111 36 60 0.6 0.45
263039 1.11111 60 65 0.6 0.45
263039 1.11111 100 65 0.6 0.45
263039 1.11111 36 57.5 0.6 0.45
263039 1.11111 48 60 0.6 0.45
263039 1.11111 36 62.5 0.6 0.45
263039 1.11111 48 62.5 0.6 0.45
261253 1.12196 100 65 -0.6 -10
261253 1.12196 100 65 -0.6 0
261253 1.12196 60 65 -0.6 0
261253 1.12196 36 65 -0.6 0
261253 1.12196 48 65 -0.6 0
261253 1.12196 48 65 -0.6 -10
261253 1.12196 60 65 -0.6 -10
261253 1.12196 36 65 -0.6 -10
261214 1.40712 100 65 -0.6 1.2
261214 1.40712 60 62.5 -0.6 1.2
261214 1.40712 36 65 -0.6 1.2
261214 1.40712 60 65 -0.6 1.2
261214 1.40712 48 62.5 -0.6 1.2
261214 1.40712 36 62.5 -0.6 1.2
261214 1.40712 48 65 -0.6 1.2
260944 1.06405 12 55 10 0.15
260034 1.10883 6 57.5 0.6 0.15
256610 1.10708 6 60 0.6 0
256610 1.10708 6 60 0.6 -0.3
256610 1.10708 6 60 0.6 -10
256516 1.06493 9 57.5 10 0.15
256020 1.16844 24 45 -1.2 0
255381 1.13734 60 75 1 0.6
255381 1.13734 100 75 1 0.6
255381 1.13734 48 75 1 0.6
255002 1.06082 24 65 10 0
255002 1.06082 24 65 10 -0.3
255002 1.06082 24 65 10 0.15
255002 1.06082 24 65 10 -10
255000 1.59884 100 45 -0.8 2.1
255000 1.59884 60 45 -0.8 2.1
255000 1.59884 48 45 -0.8 2.1
254879 1.06114 18 62.5 10 0
254879 1.06114 18 62.5 10 -10
254879 1.06114 18 62.5 10 -0.3
254879 1.06114 18 62.5 10 0.15
252516 1.11128 6 45 0.4 0
252500 1.06381 9 60 10 0.15
252383 1.3974 48 45 -1.2 1.35
252383 1.3974 100 45 -1.2 1.35
252383 1.3974 60 45 -1.2 1.35
252383 1.3974 100 0 -1 1.35
252383 1.3974 60 0 -1 1.35
252383 1.3974 48 0 -1 1.35
252372 1.1033 6 60 1 0.15
251869 1.11346 100 77.5 10 -10
251869 1.11346 100 77.5 10 0
251817 1.14926 24 70 -0.2 0.3
251817 1.14926 18 70 -0.2 0.3
251735 1.39589 100 45 -0.8 1.35
251735 1.39589 48 45 -0.8 1.35
251735 1.39589 60 45 -0.8 1.35
251207 1.09102 6 60 1.4 0.15
250797 1.14104 12 0 -1 -0.3
249173 1.09041 6 60 10 0.15
249157 1.10542 6 55 0.6 0.15
248961 1.0619 12 57.5 10 0.15
248953 1.30496 36 75 1 0.9
248864 1.39048 36 62.5 -0.6 1.35
248864 1.39048 36 65 -0.6 1.35
248724 1.15942 9 75 0.6 0.3
248574 1.16448 18 45 -1.2 0
248451 1.15876 6 0 -0.6 -0.15
248200 1.06169 9 55 10 0.15
247801 1.11276 12 55 0.6 0.45
247801 1.11276 12 57.5 0.6 0.45
246632 1.10478 6 0 0.6 0.15
246008 1.10348 6 45 0.8 0.15
244640 1.07892 6 55 1.4 -10
244640 1.07892 6 55 1.4 0
244640 1.07892 6 55 1.4 -0.3
244322 1.11942 24 0 -1 0
241350 1.07796 6 55 10 -0.3
241350 1.07796 6 55 10 0
241350 1.07796 6 55 10 -10
240998 1.13202 24 62.5 -0.6 -0.45
240998 1.13202 24 62.5 -0.6 -10
240998 1.13202 24 62.5 -0.6 -0.3
240998 1.13202 24 62.5 -0.6 -0.15
240757 1.05704 24 62.5 10 0.15
240757 1.05704 24 62.5 10 -0.3
240757 1.05704 24 62.5 10 -10
240757 1.05704 24 62.5 10 0
240337 1.21215 60 45 -1.2 0.6
240337 1.21215 48 45 -1.2 0.6
240337 1.21215 100 45 -1.2 0.6
240132 1.07772 6 57.5 1.4 -10
240132 1.07772 6 57.5 1.4 0
240132 1.07772 6 57.5 1.4 -0.3
239847 1.05953 12 60 10 0.15
239421 1.28857 100 77.5 10 1.2
238911 1.11478 9 0 -0.6 -0.45
238907 1.17297 36 75 -0.6 0.3
238184 1.07857 6 0 10 0.15
238075 1.07853 6 45 10 0.15
237870 1.12947 18 62.5 -0.6 -0.45
237870 1.12947 18 62.5 -0.6 -10
237870 1.12947 18 62.5 -0.6 -0.15
237870 1.12947 18 62.5 -0.6 -0.3
237219 1.11634 18 0 -1 0
236894 1.07677 6 57.5 10 0
236894 1.07677 6 57.5 10 -10
236894 1.07677 6 57.5 10 -0.3
236883 1.17039 36 75 -0.2 0.3
236466 1.12215 24 60 0.6 0.45
236466 1.12215 24 65 0.6 0.45
236466 1.12215 18 62.5 0.6 0.45
236466 1.12215 24 62.5 0.6 0.45
236466 1.12215 24 57.5 0.6 0.45
236466 1.12215 18 57.5 0.6 0.45
236466 1.12215 24 55 0.6 0.45
236466 1.12215 18 65 0.6 0.45
236466 1.12215 18 60 0.6 0.45
236466 1.12215 18 55 0.6 0.45
234895 1.1241 24 45 -0.8 0
234895 1.1241 18 45 -0.8 0
234484 1.06768 6 0 1 -10
234086 1.10383 6 45 0.4 0.15
232793 1.0979 6 57.5 0.6 0
232793 1.0979 6 57.5 0.6 -0.3
232793 1.0979 6 57.5 0.6 -10
232532 1.12641 18 75 1 0.45
232244 1.11397 100 75 1 -10
232244 1.11397 48 75 1 0
232244 1.11397 48 75 1 -10
232244 1.11397 100 75 1 0
232244 1.11397 60 75 1 -10
232244 1.11397 60 75 1 0
232135 1.1328 12 75 1 0.45
231686 1.14941 36 75 -0.2 0.15
231528 1.07553 6 0 1.4 0.15
230659 1.12761 18 65 -0.6 -0.45
230659 1.12761 18 65 -0.6 -10
230659 1.12761 24 65 -0.6 -10
230659 1.12761 18 65 -0.6 -0.15
230659 1.12761 18 65 -0.6 -0.3
230659 1.12761 24 65 -0.6 -0.15
230659 1.12761 24 65 -0.6 -0.3
230659 1.12761 24 65 -0.6 -0.45
230506 1.11726 12 65 0.6 0.45
230506 1.11726 12 60 0.6 0.45
230506 1.11726 12 62.5 0.6 0.45
229379 1.05647 12 55 10 0
229379 1.05647 12 55 10 -0.3
229379 1.05647 12 55 10 -10
228727 1.07526 6 45 1.2 0.15
227818 1.07957 6 0 10 0
226828 1.07107 6 0 0.6 -10
226489 1.05456 18 57.5 10 0.15
226445 1.2726 48 75 10 1.2
226445 1.2726 100 75 10 1.2
226445 1.2726 60 75 10 1.2
225659 1.07709 6 0 1 -0.3
225127 1.05686 9 60 10 -10
225127 1.05686 9 60 10 0
225127 1.05686 9 60 10 -0.3
223821 1.3552 36 70 10 1.35
223526 1.10218 6 45 0.8 0
223449 1.09445 6 55 0.6 -0.3
223449 1.09445 6 55 0.6 -10
223449 1.09445 6 55 0.6 0
223052 1.09302 6 60 1 -10
223052 1.09302 6 60 1 0
223052 1.09302 6 60 1 -0.3
221970 1.08153 6 60 1.4 -10
221970 1.08153 6 60 1.4 -0.3
221970 1.08153 6 60 1.4 0
221854 1.25196 100 75 -1 0.6
221854 1.25196 48 75 -1 0.6
221854 1.25196 60 75 -1 0.6
221787 1.35159 36 60 10 1.35
221787 1.35159 36 57.5 10 1.35
221787 1.35159 36 0 10 1.35
221787 1.35159 36 45 10 1.35
221787 1.35159 36 65 10 1.35
221787 1.35159 36 55 10 1.35
221787 1.35159 36 62.5 10 1.35
221707 1.05505 9 55 10 0
221707 1.05505 9 55 10 -10
221707 1.05505 9 55 10 -0.3
221457 1.07846 6 0 1.4 0
220948 1.16793 18 75 -0.6 0.3
220627 1.14368 6 0 -0.6 -0.3
220211 1.08092 6 60 10 -0.3
220211 1.08092 6 60 10 0
220211 1.08092 6 60 10 -10
219430 1.18578 36 75 -0.2 0.45
218442 1.05403 12 45 10 0.15
218243 1.08172 6 0 0.6 -0.3
218197 1.05219 18 60 10 0.15
217423 1.05454 9 57.5 10 -10
217423 1.05454 9 57.5 10 -0.3
217423 1.05454 9 57.5 10 0
217357 1.05398 12 57.5 10 0
217357 1.05398 12 57.5 10 -0.3
217357 1.05398 12 57.5 10 -10
217119 1.16762 18 62.5 -0.6 0.3
217119 1.16762 18 65 -0.6 0.3
217103 1.16516 24 75 -0.6 0.3
217065 1.09917 6 45 0.4 -0.3
217065 1.09917 6 45 0.4 -10
217016 1.15123 36 0 -0.6 0.6
217016 1.15123 100 55 -0.6 0.6
217016 1.15123 48 60 -0.6 0.6
217016 1.15123 48 57.5 -0.6 0.6
217016 1.15123 48 0 -0.6 0.6
217016 1.15123 36 57.5 -0.6 0.6
217016 1.15123 60 55 -0.6 0.6
217016 1.15123 48 55 -0.6 0.6
217016 1.15123 100 0 -0.6 0.6
217016 1.15123 60 57.5 -0.6 0.6
217016 1.15123 36 55 -0.6 0.6
217016 1.15123 60 60 -0.6 0.6
217016 1.15123 36 60 -0.6 0.6
217016 1.15123 60 0 -0.6 0.6
216440 1.25887 100 80 10 1.2
216304 1.08055 6 45 10 0
216256 1.05353 12 60 10 -10
216256 1.05353 12 60 10 -0.3
216256 1.05353 12 60 10 0
215250 1.16215 18 75 -0.2 0.3
215250 1.16215 24 75 -0.2 0.3
215219 1.12222 48 0 -0.2 0.6
215219 1.12222 60 0 -0.2 0.6
215219 1.12222 36 0 -0.2 0.6
215219 1.12222 100 0 -0.2 0.6
214930 1.0716 36 70 1.4 -10
214930 1.0716 48 70 1.4 0
214930 1.0716 36 70 1.4 0
214930 1.0716 60 70 1.4 -10
214930 1.0716 60 70 1.4 0
214930 1.0716 48 70 1.4 -10
214843 1.16544 18 70 -0.6 0.3
214771 1.12802 12 55 -0.6 -10
214176 1.11281 12 0 -0.2 0.3
213942 1.05046 24 57.5 10 0.15
213609 1.1384 36 75 -0.2 0
213609 1.1384 36 75 -0.2 -0.3
213609 1.1384 36 75 -0.2 -10
213339 1.16484 24 62.5 -0.6 0.3
213339 1.16484 24 65 -0.6 0.3
213163 1.15962 12 45 -0.8 0.15
213003 1.12185 9 0 0.6 0.45
213003 1.12185 9 55 0.6 0.45
213003 1.12185 9 57.5 0.6 0.45
212736 1.19518 48 75 -0.6 0.6
212736 1.19518 100 75 -0.6 0.6
212736 1.19518 60 75 -0.6 0.6
211926 1.07284 9 62.5 10 0.45
211922 1.18023 36 75 -0.6 0.45
211614 1.13028 18 70 -0.6 0.15
211095 1.16267 24 70 -0.6 0.3
210648 1.07237 9 65 10 0.45
210529 1.12541 24 75 -0.2 0.15
210529 1.12541 18 75 -0.2 0.15
210283 1.14248 12 0 -1 -0.15
209948 1.32963 60 62.5 1.4 1.2
209948 1.32963 48 57.5 1.4 1.2
209948 1.32963 60 57.5 1.4 1.2
209948 1.32963 60 55 1.4 1.2
209948 1.32963 36 65 1.4 1.2
209948 1.32963 60 70 1.4 1.2
209948 1.32963 36 60 1.4 1.2
209948 1.32963 48 55 1.4 1.2
209948 1.32963 100 65 1.4 1.2
209948 1.32963 36 57.5 1.4 1.2
209948 1.32963 60 65 1.4 1.2
209948 1.32963 36 62.5 1.4 1.2
209948 1.32963 36 70 1.4 1.2
209948 1.32963 36 55 1.4 1.2
209948 1.32963 48 70 1.4 1.2
209948 1.32963 100 55 1.4 1.2
209948 1.32963 60 60 1.4 1.2
209948 1.32963 48 65 1.4 1.2
209948 1.32963 48 60 1.4 1.2
209948 1.32963 48 62.5 1.4 1.2
209891 1.50536 9 0 -0.6 0.3
209891 1.50536 9 55 -0.6 0.3
209891 1.50536 9 57.5 -0.6 0.3
209675 1.05232 18 55 10 0.15
208156 1.07303 9 70 1.4 -10
208156 1.07303 9 70 1.4 -0.3
208156 1.07303 9 70 1.4 -0.15
208156 1.07303 9 70 1.4 0
208156 1.07303 9 70 1.4 -0.45
208079 1.0708 9 45 10 0.45
208079 1.0708 9 0 10 0.45
208079 1.0708 9 55 10 0.45
207797 1.07793 6 45 1.2 0
207620 1.14792 18 75 -1 -0.15
207620 1.14792 18 75 -1 -0.3
207620 1.14792 36 75 -1 0
207620 1.14792 24 75 -1 -0.15
207620 1.14792 24 75 -1 -10
207620 1.14792 18 75 -1 -10
207620 1.14792 36 75 -1 -0.15
207620 1.14792 36 75 -1 -0.3
207620 1.14792 24 75 -1 0
207620 1.14792 36 75 -1 -0.45
207620 1.14792 18 75 -1 -0.45
207620 1.14792 24 75 -1 -0.45
207620 1.14792 36 75 -1 -10
207620 1.14792 24 75 -1 -0.3
207620 1.14792 18 75 -1 0
207531 1.09222 36 70 1 0.6
207531 1.09222 48 70 1 0.6
207531 1.09222 60 70 1 0.6
207199 1.07043 9 57.5 10 0.45
207199 1.07043 9 60 10 0.45
207157 1.1196 12 75 10 0.45
206642 1.07272 12 70 0.6 -10
206642 1.07272 12 70 0.6 0
206642 1.07272 12 70 0.6 -0.45
206642 1.07272 12 70 0.6 -0.15
206642 1.07272 12 70 0.6 -0.3
206306 1.05055 12 0 10 0.15
206106 1.04809 24 60 10 0.15
202865 1.34714 36 75 1 1.05
202242 1.15316 12 45 -1.2 -10
201912 1.12114 18 70 -0.6 0
201912 1.12114 18 70 -0.6 -10
201912 1.12114 18 70 -0.6 -0.3
201311 1.12342 24 70 -0.6 0.15
201293 1.1406 12 60 -0.6 -10
200909 1.18527 12 45 -1.2 0
200786 1.05448 6 0 10 -10
200524 1.04418 60 57.5 10 -10
200524 1.04418 48 57.5 10 0
200524 1.04418 60 57.5 10 0
200524 1.04418 48 57.5 10 -10
200524 1.04418 36 57.5 10 0
200524 1.04418 36 57.5 10 -10
200023 1.31299 36 70 1.4 1.35
199978 1.18977 12 55 -0.6 0.3
199978 1.18977 12 57.5 -0.6 0.3
199978 1.18977 12 0 -0.6 0.3
199511 1.04375 60 60 10 -10
199511 1.04375 48 60 10 0
199511 1.04375 36 60 10 0
199511 1.04375 60 60 10 0
199511 1.04375 48 60 10 -10
199511 1.04375 36 60 10 -10
199408 1.17897 24 75 -0.2 0.45
199408 1.17897 18 75 -0.2 0.45
199004 1.15039 36 75 -0.6 0
199004 1.15039 36 75 -0.6 -10
199004 1.15039 36 75 -0.6 0.15
199004 1.15039 36 75 -0.6 -0.3
198459 1.1107 24 62.5 -0.6 0
198459 1.1107 18 62.5 -0.6 0
198141 1.12922 9 60 0.6 0.45
197964 1.14729 9 55 -0.6 -10
197883 1.12721 12 45 -0.4 0.3
197739 1.04665 18 57.5 10 -10
197739 1.04665 18 57.5 10 0
197739 1.04665 18 57.5 10 -0.3
197528 1.07397 9 70 0.6 0
197528 1.07397 9 70 0.6 -0.3
197528 1.07397 9 70 0.6 -0.45
197528 1.07397 9 70 0.6 -0.15
197528 1.07397 9 70 0.6 -10
197358 1.04858 9 45 10 0.15
197352 1.46253 24 57.5 1.4 1.2
197352 1.46253 36 70 0.6 1.2
197352 1.46253 24 65 1.4 1.2
197352 1.46253 24 62.5 1.4 1.2
197352 1.46253 36 70 1 1.2
197352 1.46253 36 75 1 1.2
197352 1.46253 24 60 1.4 1.2
197352 1.46253 24 55 1.4 1.2
196735 1.04619 18 60 10 -10
196735 1.04619 18 60 10 0
196735 1.04619 18 60 10 -0.3
196627 1.06918 12 70 1.4 -0.3
196627 1.06918 12 70 1.4 -0.15
196627 1.06918 12 70 1.4 -10
196627 1.06918 12 70 1.4 0
196627 1.06918 12 70 1.4 -0.45
196454 1.20566 12 75 -1 0
196454 1.20566 12 75 -1 -10
196454 1.20566 12 75 -1 -0.45
196454 1.20566 12 75 -1 -0.15
196454 1.20566 12 75 -1 -0.3
196165 1.04755 24 55 10 0.15
195996 1.17564 18 75 -0.6 0.45
195586 1.10682 36 0 -1 0.3
195159 1.05363 6 0 1.4 -10
194969 1.45124 36 75 -0.2 1.2
194822 1.11599 6 0 -0.6 -0.45
194822 1.11599 6 0 -0.6 -10
194477 1.16625 36 75 1 0.75
194118 1.11283 18 75 -0.2 0
194118 1.11283 24 75 -0.2 -0.3
194118 1.11283 18 75 -0.2 -0.3
194118 1.11283 24 75 -0.2 -10
194118 1.11283 24 75 -0.2 0
194118 1.11283 18 75 -0.2 -10
193789 1.08732 48 70 0.6 0.6
193789 1.08732 36 70 0.6 0.6
193789 1.08732 60 70 0.6 0.6
193185 1.06117 6 0 10 -0.3
192584 1.17232 24 75 -0.6 0.45
192438 1.10866 18 65 -0.6 0
192438 1.10866 24 65 -0.6 0
192311 1.06665 12 62.5 10 0.45
192210 1.04391 48 55 10 -10
192210 1.04391 36 55 10 -10
192210 1.04391 100 55 10 -10
192210 1.04391 60 55 10 -10
192210 1.04391 60 55 10 0
192210 1.04391 36 55 10 0
192210 1.04391 100 55 10 0
192210 1.04391 48 55 10 0
192115 1.09006 6 45 0.8 -0.3
192115 1.09006 6 45 0.8 -10
192086 1.13052 12 57.5 -0.6 -10
192072 1.11427 24 70 -0.6 -0.3
192072 1.11427 24 70 -0.6 -10
192072 1.11427 24 70 -0.6 0
192000 1.92 9 45 -0.8 0.3
191930 1.07225 18 70 1 0
191930 1.07225 24 70 1 -0.15
191930 1.07225 18 70 1 -0.45
191930 1.07225 24 70 1 0
191930 1.07225 18 70 1 -0.15
191930 1.07225 24 70 1 -0.45
191930 1.07225 24 70 1 -10
191930 1.07225 18 70 1 -10
191930 1.07225 18 70 1 -0.3
191930 1.07225 24 70 1 -0.3
191585 1.0658 12 70 1 -0.45
191585 1.0658 12 70 1 -0.15
191585 1.0658 12 70 1 -10
191585 1.0658 12 70 1 -0.3
191585 1.0658 12 70 1 0
191399 1.914 9 55 -0.6 0.45
191399 1.914 9 57.5 -0.6 0.45
191198 1.11164 9 75 0.6 0.15
191153 1.06619 12 65 10 0.45
190951 1.06557 9 70 1 0
190951 1.06557 9 70 1 -0.15
190951 1.06557 9 70 1 -0.3
190951 1.06557 9 70 1 -10
190951 1.06557 9 70 1 -0.45
190152 1.17981 24 75 10 0.9
190091 1.1265 18 75 -0.6 0.15
190091 1.1265 18 75 -0.6 -0.3
190091 1.1265 18 75 -0.6 0
190091 1.1265 18 75 -0.6 -10
189893 1.2086 12 75 -0.6 0.3
189506 1.1614 6 0 -0.6 0
187813 1.06019 6 0 1.4 -0.3
186781 1.04255 24 57.5 10 -10
186781 1.04255 24 57.5 10 -0.3
186781 1.04255 24 57.5 10 0
186604 1.20812 12 62.5 -0.6 0.3
186604 1.20812 12 60 -0.6 0.3
186604 1.20812 12 65 -0.6 0.3
186388 1.0451 9 0 10 0.15
186329 1.16717 18 70 -0.6 0.45
185910 1.07005 6 45 10 -10
185910 1.07005 6 45 10 -0.3
185836 1.04209 24 60 10 0
185836 1.04209 24 60 10 -10
185836 1.04209 24 60 10 -0.3
185675 1.40722 36 75 -0.6 1.2
185675 1.40722 36 70 -0.6 1.2
185530 1.17708 24 70 10 0.9
184645 1.20486 12 70 -0.6 0.3
184635 1.8465 36 75 10 2.1
184635 1.8465 36 75 -0.2 1.8
184447 1.11153 12 55 -0.6 0.15
184447 1.11153 12 57.5 -0.6 0.15
184304 1.04474 18 55 10 -10
184304 1.04474 18 55 10 0
184304 1.04474 18 55 10 -0.3
184090 1.18821 24 75 1 0.75
183343 1.12558 9 45 0.4 0.45
183087 1.16384 24 70 -0.6 0.45
182702 1.1268 9 45 -0.8 -0.3
181680 1.06163 12 45 10 0.45
181680 1.06163 12 55 10 0.45
181680 1.06163 12 0 10 0.45
181677 1.116 12 45 -0.8 -0.3
181529 1.11786 9 65 0.6 0.45
181529 1.11786 9 62.5 0.6 0.45
180834 1.11849 24 75 -0.6 -0.3
180834 1.11849 24 75 -0.6 -10
180834 1.11849 24 75 -0.6 0.15
180834 1.11849 24 75 -0.6 0
180610 1.14874 60 70 -0.6 0.6
180610 1.14874 36 70 -0.6 0.6
180610 1.14874 48 70 -0.6 0.6
180551 1.10917 12 55 -0.6 0
180551 1.10917 12 55 -0.6 -0.3
180240 1.11583 12 0 -1 0
180121 1.80135 36 75 1 1.8
180121 1.80135 36 75 1 1.5
180121 1.80135 36 75 10 1.95
180121 1.80135 36 75 10 1.5
180121 1.80135 36 75 10 1.8
178603 1.06743 6 45 1.2 -0.3
178603 1.06743 6 45 1.2 -10
178488 1.1455 48 45 -0.8 0.6
178488 1.1455 100 45 -0.8 0.6
178488 1.1455 60 45 -0.8 0.6
177749 1.04199 12 45 10 0
177671 1.08224 12 70 0.6 0.3
177239 1.15505 24 75 10 0.75
176897 1.38226 36 70 -0.6 1.35
176359 1.15287 9 60 -0.6 -10
176295 1.09906 9 75 0.6 -10
176295 1.09906 9 75 0.6 -0.3
176295 1.09906 9 75 0.6 0
176284 1.76298 60 85 -1 0
176284 1.76298 60 85 -1 1.5
176284 1.76298 48 85 -1 1.8
176284 1.76298 48 85 -1 1.2
176284 1.76298 48 85 -1 0.6
176284 1.76298 48 85 -1 1.5
176284 1.76298 48 85 -1 1.65
176284 1.76298 48 85 -1 1.35
176284 1.76298 48 85 -1 -10
176284 1.76298 60 85 -1 1.8
176284 1.76298 48 85 -1 0
176284 1.76298 60 85 -1 0.6
176284 1.76298 60 85 -1 1.65
176284 1.76298 60 85 -1 1.35
176284 1.76298 60 85 -1 -10
176284 1.76298 60 85 -1 1.2
176032 1.05987 12 57.5 10 0.45
175833 1.75847 48 85 10 1.8
175833 1.75847 48 85 10 2.1
175833 1.75847 48 85 10 1.5
175833 1.75847 48 85 10 1.65
175833 1.75847 60 85 1 1.65
175833 1.75847 36 75 -0.6 1.8
175833 1.75847 48 85 -0.2 -10
175833 1.75847 48 85 10 1.35
175833 1.75847 48 85 -0.2 1.35
175833 1.75847 60 85 -0.2 -10
175833 1.75847 48 85 -0.2 1.65
175833 1.75847 48 85 -0.2 1.5
175833 1.75847 48 85 -0.2 2.1
175833 1.75847 48 85 -0.2 1.8
175833 1.75847 48 85 -0.2 1.2
175833 1.75847 48 85 -0.2 0.6
175833 1.75847 48 85 -0.2 0
175833 1.75847 60 85 -0.2 1.65
175833 1.75847 60 85 -0.2 0
175833 1.75847 60 85 1 1.35
175833 1.75847 36 85 10 1.35
175833 1.75847 48 85 -0.6 -10
175833 1.75847 48 85 -0.6 1.35
175833 1.75847 48 85 -0.6 1.65
175833 1.75847 36 85 10 1.65
175833 1.75847 36 85 10 1.5
175833 1.75847 48 85 -0.6 1.5
175833 1.75847 48 85 -0.6 2.1
175833 1.75847 48 85 -0.6 1.8
175833 1.75847 48 85 -0.6 1.2
175833 1.75847 48 85 -0.6 0.6
175833 1.75847 48 85 -0.6 0
175833 1.75847 48 85 1 1.35
175833 1.75847 60 85 -0.6 -10
175833 1.75847 48 85 1 1.65
175833 1.75847 60 85 -0.6 1.5
175833 1.75847 48 85 1 2.1
175833 1.75847 48 85 1 1.8
175833 1.75847 48 85 1 1.2
175833 1.75847 36 85 10 2.1
175833 1.75847 36 85 10 1.8
175833 1.75847 48 85 1 0.6
175833 1.75847 36 85 -0.6 0.6
175833 1.75847 36 85 1 1.35
175833 1.75847 60 85 10 1.35
175833 1.75847 60 85 -0.2 1.35
175833 1.75847 60 85 10 1.65
175833 1.75847 60 85 -0.2 2.1
175833 1.75847 60 85 -0.6 1.2
175833 1.75847 48 85 1 1.5
175833 1.75847 60 85 10 1.5
175833 1.75847 60 85 -0.6 1.35
175833 1.75847 60 85 10 2.1
175833 1.75847 60 85 -0.6 1.65
175833 1.75847 60 85 1 1.5
175833 1.75847 36 85 -0.2 -10
175833 1.75847 60 85 1 2.1
175833 1.75847 60 85 -0.2 0.6
175833 1.75847 60 85 -0.2 1.2
175833 1.75847 36 85 -0.2 1.35
175833 1.75847 60 85 -0.6 0
175833 1.75847 36 85 -0.2 1.65
175833 1.75847 36 85 -0.2 1.5
175833 1.75847 60 85 -0.6 1.8
175833 1.75847 36 85 -0.6 0
175833 1.75847 60 85 1 0.6
175833 1.75847 36 85 -0.2 2.1
175833 1.75847 60 85 -0.6 2.1
175833 1.75847 36 85 -0.2 1.8
175833 1.75847 60 85 -0.6 0.6
175833 1.75847 36 85 -0.2 1.2
175833 1.75847 60 85 -0.2 1.5
175833 1.75847 60 85 1 1.2
175833 1.75847 36 85 -0.2 0.6
175833 1.75847 60 85 1 1.8
175833 1.75847 36 85 -0.2 0
175833 1.75847 60 85 10 1.8
175833 1.75847 36 85 -0.6 -10
175833 1.75847 36 85 -0.6 1.35
175833 1.75847 36 85 1 1.65
175833 1.75847 36 85 -0.6 1.65
175833 1.75847 36 85 -0.6 1.5
175833 1.75847 36 85 1 0.6
175833 1.75847 36 85 -0.6 2.1
175833 1.75847 60 85 -0.2 1.8
175833 1.75847 36 85 -0.6 1.2
175833 1.75847 36 85 -0.6 1.8
175833 1.75847 36 85 1 1.5
175833 1.75847 36 85 1 1.2
175833 1.75847 36 85 1 1.8
175833 1.75847 36 85 1 2.1
175648 1.13714 36 75 -0.2 0.6
174950 1.06118 18 62.5 10 0.45
174490 1.14008 36 62.5 -0.6 0.6
174490 1.14008 100 65 -0.6 0.6
174490 1.14008 48 62.5 -0.6 0.6
174490 1.14008 60 62.5 -0.6 0.6
174490 1.14008 36 65 -0.6 0.6
174490 1.14008 60 65 -0.6 0.6
174490 1.14008 48 65 -0.6 0.6
174226 1.17042 24 0 10 0.9
174226 1.17042 24 45 10 0.9
173906 1.06071 18 65 10 0.45
173854 1.11126 24 70 -1 -0.3
173854 1.11126 24 70 -1 0
173854 1.11126 24 70 -1 -10
173854 1.11126 24 70 -1 -0.15
173854 1.11126 24 70 -1 -0.45
173801 1.11574 12 70 -0.6 0.15
173722 1.16926 36 45 -1.2 0.6
173036 1.04039 12 0 10 0
172493 1.18226 12 75 -0.2 0.45
172430 1.03997 24 55 10 -10
172430 1.03997 24 55 10 0
172430 1.03997 24 55 10 -0.3
172418 1.14733 9 57.5 -0.6 -10
172266 1.05813 12 60 10 0.45
172119 1.11447 12 60 -0.6 0.15
172119 1.11447 12 62.5 -0.6 0.15
172119 1.11447 12 65 -0.6 0.15
171624 1.19476 12 55 -0.6 0.45
171624 1.19476 12 57.5 -0.6 0.45
171506 1.26199 12 75 1 0.6
170819 1.10849 18 70 -1 0
170819 1.10849 18 70 -1 -0.15
170819 1.10849 18 70 -1 -10
170819 1.10849 18 70 -1 -0.45
170819 1.10849 18 70 -1 -0.3
170590 1.08545 9 70 0.6 0.3
170494 1.36148 9 57.5 1 0.6
170494 1.36148 9 0 1 0.6
170494 1.36148 9 55 1 0.6
170494 1.36148 9 62.5 1 0.6
170494 1.36148 9 60 1 0.6
170446 1.1199 12 45 -0.8 0
170020 1.10551 12 45 -1.2 -0.45
170020 1.10551 12 45 -1.2 -0.15
170020 1.10551 12 45 -1.2 -0.3
169474 1.35626 9 65 1 0.6
169221 1.35496 9 45 0.8 0.6
169221 1.35496 9 70 1 0.6
168987 1.12102 3 45 0.8 -0.15
168447 1.23501 12 75 -0.6 0.45
167853 1.05879 24 65 10 0.45
167836 1.1266 36 45 -1.2 0.3
167677 1.09545 100 45 -0.4 0.6
167677 1.09545 48 45 -0.4 0.6
167677 1.09545 36 45 -0.4 0.6
167677 1.09545 60 45 -0.4 0.6
167546 1.11221 12 62.5 -0.6 -10
167131 1.67171 36 0 -1 1.8
167131 1.67171 36 45 -0.8 1.8
167131 1.67171 36 45 -1.2 1.8
166274 1.07639 48 75 10 -10
166274 1.07639 100 75 10 -10
166274 1.07639 60 75 10 0
166274 1.07639 100 75 10 0
166274 1.07639 60 75 10 -10
166274 1.07639 48 75 10 0
166239 1.14703 3 65 10 -0.45
166239 1.14703 3 65 10 -0.3
166239 1.14703 3 65 10 -0.15
166239 1.14703 3 65 1.4 -0.45
166239 1.14703 3 65 1.4 -0.15
166239 1.14703 3 65 10 0
166239 1.14703 3 65 1.4 -10
166239 1.14703 3 65 10 -10
166239 1.14703 3 65 1.4 -0.3
166239 1.14703 3 65 1.4 0
166110 1.66126 100 80 -0.6 2.4
166110 1.66126 100 80 1 2.4
166110 1.66126 100 80 1.4 2.4
166110 1.66126 100 80 10 2.4
166110 1.66126 100 80 0.6 2.4
165832 1.10507 12 70 -0.6 -0.3
165832 1.10507 12 70 -0.6 -10
165832 1.10507 12 70 -0.6 0
165748 1.12708 100 0 -1 0.6
165748 1.12708 60 0 -1 0.6
165748 1.12708 48 0 -1 0.6
165519 1.06636 36 0 1 0.6
165519 1.06636 36 57.5 1 0.6
165519 1.06636 36 55 1 0.6
165519 1.06636 36 60 1 0.6
165519 1.06636 60 60 1 0.6
165519 1.06636 60 57.5 1 0.6
165519 1.06636 48 0 1 0.6
165519 1.06636 60 0 1 0.6
165519 1.06636 48 62.5 1 0.6
165519 1.06636 100 55 1 0.6
165519 1.06636 60 55 1 0.6
165519 1.06636 36 62.5 1 0.6
165519 1.06636 60 62.5 1 0.6
165519 1.06636 48 55 1 0.6
165519 1.06636 48 60 1 0.6
165519 1.06636 48 57.5 1 0.6
165519 1.06636 100 0 1 0.6
165444 1.03779 12 45 10 -10
165444 1.03779 12 45 10 -0.3
165397 1.11658 3 45 0.8 -10
165397 1.11658 3 45 0.8 -0.45
165397 1.11658 3 45 0.8 -0.3
165367 1.03817 9 45 10 0
165259 1.05812 24 62.5 10 0.45
164928 1.34822 36 85 1 0
164928 1.34822 48 85 1 -10
164928 1.34822 36 85 1 -10
164928 1.34822 60 85 1 0
164928 1.34822 60 85 1 -10
164928 1.34822 48 85 1 0
164534 1.06575 60 65 1 0.6
164534 1.06575 48 65 1 0.6
164534 1.06575 36 65 1 0.6
164534 1.06575 100 65 1 0.6
164438 1.14428 3 65 1 0
164438 1.14428 3 65 1 -0.3
164438 1.14428 3 65 1 -0.15
164438 1.14428 3 65 1 -0.45
164438 1.14428 3 65 1 -10
163946 1.63961 60 0 1 3
163946 1.63961 60 60 1 3
163946 1.63961 60 55 1.4 3
163946 1.63961 100 82.5 1 2.4
163946 1.63961 100 0 1 3
163946 1.63961 100 75 10 3
163946 1.63961 100 82.5 1 3
163946 1.63961 60 57.5 10 3
163946 1.63961 100 82.5 -0.6 2.4
163946 1.63961 100 80 1 3
163946 1.63961 60 45 0.8 3
163946 1.63961 60 45 -1.2 3
163946 1.63961 60 75 -1 3
163946 1.63961 100 82.5 -0.6 3
163946 1.63961 100 55 -0.6 3
163946 1.63961 100 55 0.6 3
163946 1.63961 100 82.5 1.4 2.4
163946 1.63961 100 45 -0.4 3
163946 1.63961 60 60 -0.6 3
163946 1.63961 100 0 -1 3
163946 1.63961 100 82.5 1.4 3
163946 1.63961 100 55 10 3
163946 1.63961 100 45 10 3
163946 1.63961 60 60 1.4 3
163946 1.63961 60 55 10 3
163946 1.63961 60 75 1 3
163946 1.63961 100 77.5 1 3
163946 1.63961 60 45 -0.4 3
163946 1.63961 60 60 0.6 3
163946 1.63961 60 75 -0.6 3
163946 1.63961 100 82.5 0.6 2.4
163946 1.63961 60 55 0.6 3
163946 1.63961 100 82.5 0.6 3
163946 1.63961 60 55 1 3
163946 1.63961 60 65 10 3
163946 1.63961 60 60 10 3
163946 1.63961 100 75 -0.2 3
163946 1.63961 60 70 10 3
163946 1.63961 100 77.5 10 3
163946 1.63961 100 80 -0.6 3
163946 1.63961 100 65 1 3
163946 1.63961 60 62.5 1 3
163946 1.63961 60 0 10 3
163946 1.63961 60 45 -0.8 3
163946 1.63961 60 70 1 3
163946 1.63961 100 65 -0.6 3
163946 1.63961 60 65 -0.6 3
163946 1.63961 60 57.5 1.4 3
163946 1.63961 60 55 -0.6 3
163946 1.63961 60 62.5 -0.6 3
163946 1.63961 60 70 0.6 3
163946 1.63961 60 45 10 3
163946 1.63961 100 80 0.6 3
163946 1.63961 100 55 1.4 3
163946 1.63961 100 45 -0.8 3
163946 1.63961 60 62.5 1.4 3
163946 1.63961 100 77.5 0.6 3
163946 1.63961 100 80 10 3
163946 1.63961 100 65 1.4 3
163946 1.63961 60 0 -1 3
163946 1.63961 100 0 -0.2 3
163946 1.63961 100 75 -1 3
163946 1.63961 60 62.5 0.6 3
163946 1.63961 100 65 0.6 3
163946 1.63961 100 77.5 1.4 3
163946 1.63961 60 65 0.6 3
163946 1.63961 100 82.5 10 2.4
163946 1.63961 100 65 10 3
163946 1.63961 100 75 1 3
163946 1.63961 60 75 10 3
163946 1.63961 60 62.5 10 3
163946 1.63961 60 65 1 3
163946 1.63961 100 45 0.8 3
163946 1.63961 60 70 -0.6 3
163946 1.63961 100 82.5 10 3
163946 1.63961 60 0 -0.2 3
163946 1.63961 100 45 -1.2 3
163946 1.63961 60 75 -0.2 3
163946 1.63961 100 55 1 3
163946 1.63961 100 75 -0.6 3
163946 1.63961 60 65 1.4 3
163946 1.63961 100 0 -0.6 3
163946 1.63961 60 57.5 1 3
163946 1.63961 60 57.5 0.6 3
163946 1.63961 60 70 1.4 3
163946 1.63961 100 77.5 -0.6 3
163946 1.63961 60 0 -0.6 3
163946 1.63961 100 80 1.4 3
163946 1.63961 60 57.5 -0.6 3
163946 1.63961 100 0 10 3
163183 1.1361 12 75 -0.2 0.3
162744 1.09239 12 60 -0.6 -0.3
162744 1.09239 12 60 -0.6 0
162411 1.09734 9 55 -0.6 -0.3
161741 1.03712 18 45 10 0.15
161575 1.12713 9 57.5 -0.6 0.15
161575 1.12713 9 55 -0.6 0.15
161476 1.09089 12 57.5 -0.6 -0.3
161476 1.09089 12 57.5 -0.6 0
160973 1.03657 9 0 10 0
160145 1.22089 12 70 -0.6 0.45
160145 1.22089 12 60 -0.6 0.45
160145 1.22089 12 65 -0.6 0.45
160145 1.22089 12 62.5 -0.6 0.45
160143 1.05439 18 57.5 10 0.45
160003 1.07996 36 75 1 0.6
159618 1.59632 48 60 10 2.4
159618 1.59632 48 65 1 2.4
159618 1.59632 60 0 1 2.4
159618 1.59632 48 55 10 2.4
159618 1.59632 60 55 1.4 2.4
159618 1.59632 48 65 -0.6 2.4
159618 1.59632 48 55 0.6 2.4
159618 1.59632 48 60 0.6 2.4
159618 1.59632 100 75 10 2.4
159618 1.59632 48 55 1.4 2.4
159618 1.59632 60 45 -0.8 2.4
159618 1.59632 48 55 -0.6 2.4
159618 1.59632 48 65 1.4 2.4
159618 1.59632 60 57.5 10 2.4
159618 1.59632 60 75 -0.6 2.4
159618 1.59632 100 45 0.8 2.4
159618 1.59632 48 55 1 2.4
159618 1.59632 48 62.5 10 2.4
159618 1.59632 100 75 -1 2.1
159618 1.59632 60 70 10 2.4
159618 1.59632 48 45 10 2.4
159618 1.59632 60 65 -0.6 2.4
159618 1.59632 60 55 10 2.4
159618 1.59632 100 55 1.4 2.4
159618 1.59632 48 62.5 0.6 2.4
159618 1.59632 48 45 -1.2 2.4
159618 1.59632 100 65 -0.6 2.4
159618 1.59632 100 75 -1 2.4
159618 1.59632 48 57.5 1 2.4
159618 1.59632 100 45 10 2.4
159618 1.59632 48 45 -0.4 2.4
159618 1.59632 48 70 10 2.4
159618 1.59632 60 57.5 0.6 2.4
159618 1.59632 48 45 -0.8 2.4
159618 1.59632 60 55 -0.6 2.4
159618 1.59632 48 45 0.8 2.4
159618 1.59632 100 55 -0.6 2.4
159618 1.59632 60 45 -1.2 2.4
159618 1.59632 48 57.5 -0.6 2.4
159618 1.59632 48 65 0.6 2.4
159618 1.59632 100 55 0.6 2.4
159618 1.59632 100 45 -0.4 2.4
159618 1.59632 100 55 1 2.4
159618 1.59632 60 60 -0.6 2.4
159618 1.59632 48 62.5 -0.6 2.4
159618 1.59632 60 45 0.8 2.4
159618 1.59632 60 57.5 1.4 2.4
159618 1.59632 48 60 1.4 2.4
159618 1.59632 48 57.5 1.4 2.4
159618 1.59632 60 0 10 2.4
159618 1.59632 60 62.5 1.4 2.4
159618 1.59632 100 0 10 2.4
159618 1.59632 60 62.5 1 2.4
159618 1.59632 100 77.5 10 2.4
159618 1.59632 60 60 1 2.4
159618 1.59632 48 65 10 2.4
159618 1.59632 48 75 1 2.4
159618 1.59632 48 57.5 0.6 2.4
159618 1.59632 100 0 -1 2.4
159618 1.59632 100 55 10 2.4
159618 1.59632 48 75 -0.6 2.4
159618 1.59632 60 55 1 2.4
159618 1.59632 60 0 -0.6 2.4
159618 1.59632 60 70 1.4 2.4
159618 1.59632 48 75 -0.2 2.4
159618 1.59632 60 57.5 -0.6 2.4
159618 1.59632 48 57.5 10 2.4
159618 1.59632 48 62.5 1 2.4
159618 1.59632 60 62.5 -0.6 2.4
159618 1.59632 60 60 1.4 2.4
159618 1.59632 100 75 -0.2 2.4
159618 1.59632 100 77.5 -0.6 2.4
159618 1.59632 60 75 -1 2.1
159618 1.59632 100 77.5 1 2.4
159618 1.59632 60 65 1.4 2.4
159618 1.59632 48 0 1 2.4
159618 1.59632 48 75 -1 2.4
159618 1.59632 48 75 -1 2.1
159618 1.59632 48 75 10 2.4
159618 1.59632 60 57.5 1 2.4
159618 1.59632 100 0 -0.6 2.4
159618 1.59632 100 75 -0.6 2.4
159618 1.59632 48 60 1 2.4
159618 1.59632 60 0 -0.2 2.4
159618 1.59632 48 62.5 1.4 2.4
159618 1.59632 60 70 -0.6 2.4
159618 1.59632 100 0 1 2.4
159618 1.59632 48 70 1 2.4
159618 1.59632 60 62.5 10 2.4
159618 1.59632 60 55 0.6 2.4
159618 1.59632 48 0 -0.6 2.4
159618 1.59632 60 75 10 2.4
159618 1.59632 100 75 1 2.4
159618 1.59632 100 0 -0.2 2.4
159618 1.59632 60 75 -0.2 2.4
159618 1.59632 60 75 1 2.4
159618 1.59632 60 45 -0.4 2.4
159618 1.59632 60 65 0.6 2.4
159618 1.59632 60 60 0.6 2.4
159618 1.59632 48 60 -0.6 2.4
159618 1.59632 48 0 -0.2 2.4
159618 1.59632 100 65 10 2.4
159618 1.59632 60 45 10 2.4
159618 1.59632 48 70 -0.6 2.4
159618 1.59632 100 77.5 1.4 2.4
159618 1.59632 60 70 1 2.4
159618 1.59632 60 65 1 2.4
159618 1.59632 100 65 0.6 2.4
159618 1.59632 60 70 0.6 2.4
159618 1.59632 48 70 1.4 2.4
159618 1.59632 48 0 -1 2.4
159618 1.59632 60 62.5 0.6 2.4
159618 1.59632 60 0 -1 2.4
159618 1.59632 60 60 10 2.4
159618 1.59632 100 45 -1.2 2.4
159618 1.59632 100 45 -0.8 2.4
159618 1.59632 48 70 0.6 2.4
159618 1.59632 100 65 1.4 2.4
159618 1.59632 60 75 -1 2.4
159618 1.59632 100 77.5 0.6 2.4
159618 1.59632 100 65 1 2.4
159618 1.59632 48 0 10 2.4
159618 1.59632 60 65 10 2.4
159606 1.14999 24 75 -0.2 0.6
159601 1.09757 12 75 -0.2 0.15
159424 1.1311 3 55 10 -10
159424 1.1311 3 55 1.4 -0.3
159424 1.1311 3 55 10 -0.45
159424 1.1311 3 55 10 -0.15
159424 1.1311 3 55 1.4 -0.45
159424 1.1311 3 55 1.4 -10
159424 1.1311 3 55 1.4 -0.15
159424 1.1311 3 55 10 -0.3
158873 1.26983 36 45 -1.2 1.2
158873 1.26983 36 0 -1 1.2
158842 1.13524 3 45 0.8 0
158462 1.12952 3 57.5 1.4 -0.15
158462 1.12952 3 57.5 1.4 -0.3
158462 1.12952 3 57.5 1.4 -0.45
158462 1.12952 3 57.5 1.4 -10
158462 1.12952 3 57.5 10 -0.45
158462 1.12952 3 57.5 10 -0.3
158462 1.12952 3 57.5 10 -10
158462 1.12952 3 57.5 10 -0.15
158064 1.12881 3 55 1.4 0
158064 1.12881 3 55 10 0
157881 1.25735 6 70 -0.2 -0.45
157881 1.25735 6 70 -0.2 0
157881 1.25735 6 70 -0.2 -0.3
157881 1.25735 6 70 -0.2 -0.15
157881 1.25735 6 70 -0.2 -10
157340 1.12774 3 60 1.4 -10
157340 1.12774 3 62.5 10 -0.3
157340 1.12774 3 60 10 -0.45
157340 1.12774 3 60 1.4 -0.45
157340 1.12774 3 60 1.4 -0.15
157340 1.12774 3 62.5 10 0
157340 1.12774 3 62.5 1.4 0
157340 1.12774 3 60 10 -10
157340 1.12774 3 62.5 1.4 -0.3
157340 1.12774 3 60 1.4 -0.3
157340 1.12774 3 62.5 1.4 -0.15
157340 1.12774 3 60 10 -0.15
157340 1.12774 3 60 1.4 0
157340 1.12774 3 62.5 1.4 -10
157340 1.12774 3 62.5 10 -0.15
157340 1.12774 3 62.5 10 -0.45
157340 1.12774 3 62.5 10 -10
157340 1.12774 3 60 10 0
157340 1.12774 3 60 10 -0.3
157340 1.12774 3 62.5 1.4 -0.45
157152 1.10404 18 0 -0.2 0.6
157152 1.10404 24 0 -0.2 0.6
157110 1.12724 3 57.5 10 0
157110 1.12724 3 57.5 1.4 0
156717 1.05265 18 60 10 0.45
156127 1.10829 12 75 -0.6 0
156127 1.10829 12 75 -0.6 0.15
156127 1.10829 12 75 -0.6 -10
156127 1.10829 12 75 -0.6 -0.3
155472 1.03452 9 45 10 -10
155472 1.03452 9 45 10 -0.3
154770 1.11889 3 45 0.4 -0.15
153999 1.17958 100 65 10 1.2
153999 1.17958 36 65 10 1.2
153999 1.17958 48 65 10 1.2
153999 1.17958 60 62.5 10 1.2
153999 1.17958 48 62.5 10 1.2
153999 1.17958 60 65 10 1.2
153999 1.17958 36 62.5 10 1.2
153940 1.26444 3 45 -0.8 -10
153395 1.0607 48 57.5 0.6 0.6
153395 1.0607 60 55 0.6 0.6
153395 1.0607 60 57.5 0.6 0.6
153395 1.0607 36 65 0.6 0.6
153395 1.0607 48 62.5 0.6 0.6
153395 1.0607 36 62.5 0.6 0.6
153395 1.0607 36 55 0.6 0.6
153395 1.0607 100 65 0.6 0.6
153395 1.0607 60 62.5 0.6 0.6
153395 1.0607 48 65 0.6 0.6
153395 1.0607 48 55 0.6 0.6
153395 1.0607 48 60 0.6 0.6
153395 1.0607 36 57.5 0.6 0.6
153395 1.0607 36 60 0.6 0.6
153395 1.0607 60 60 0.6 0.6
153395 1.0607 100 55 0.6 0.6
153395 1.0607 60 65 0.6 0.6
153192 1.12088 3 55 1 -0.15
153192 1.12088 3 55 1 -0.3
153192 1.12088 3 55 1 -0.45
153192 1.12088 3 55 1 -10
152957 1.12048 3 57.5 1 -0.3
152957 1.12048 3 57.5 1 -0.15
152957 1.12048 3 57.5 1 -0.45
152957 1.12048 3 57.5 1 -10
152585 1.52597 60 65 -0.6 2.25
152585 1.52597 60 0 -1 2.1
152585 1.52597 60 45 -1.2 2.1
152585 1.52597 48 45 -1.2 2.1
152585 1.52597 60 57.5 -0.6 2.25
152585 1.52597 48 57.5 -0.6 2.25
152585 1.52597 48 60 -0.6 2.25
152585 1.52597 60 62.5 -0.6 2.25
152585 1.52597 60 60 -0.6 2.25
152585 1.52597 48 55 -0.6 2.25
152585 1.52597 48 62.5 -0.6 2.25
152585 1.52597 48 0 -1 2.1
152585 1.52597 100 55 -0.6 2.25
152585 1.52597 60 55 -0.6 2.25
152585 1.52597 100 0 -1 2.1
152585 1.52597 100 45 -1.2 2.1
152585 1.52597 48 65 -0.6 2.25
152585 1.52597 100 65 -0.6 2.25
151885 1.11859 3 55 1 0
151874 1.1187 3 62.5 1 0
151874 1.1187 3 60 1 -10
151874 1.1187 3 60 1 -0.45
151874 1.1187 3 60 1 0
151874 1.1187 3 62.5 1 -10
151874 1.1187 3 62.5 1 -0.45
151874 1.1187 3 60 1 -0.15
151874 1.1187 3 60 1 -0.3
151874 1.1187 3 62.5 1 -0.3
151874 1.1187 3 62.5 1 -0.15
151850 1.03344 18 0 10 0.15
151845 1.17918 60 70 10 1.2
151845 1.17918 48 70 10 1.2
151845 1.17918 36 70 10 1.2
151652 1.1182 3 57.5 1 0
151480 1.11334 3 45 0.4 -0.3
151480 1.11334 3 45 0.4 -0.45
151480 1.11334 3 45 0.4 -10
151272 1.05133 24 57.5 10 0.45
151120 1.18423 24 75 10 1.05
151104 1.17747 100 0 10 1.2
151104 1.17747 36 60 10 1.2
151104 1.17747 36 45 10 1.2
151104 1.17747 48 57.5 10 1.2
151104 1.17747 60 57.5 10 1.2
151104 1.17747 48 60 10 1.2
151104 1.17747 100 55 10 1.2
151104 1.17747 48 45 10 1.2
151104 1.17747 36 57.5 10 1.2
151104 1.17747 48 55 10 1.2
151104 1.17747 36 0 10 1.2
151104 1.17747 100 45 10 1.2
151104 1.17747 60 45 10 1.2
151104 1.17747 60 0 10 1.2
151104 1.17747 48 0 10 1.2
151104 1.17747 60 55 10 1.2
151104 1.17747 36 55 10 1.2
151104 1.17747 60 60 10 1.2
150760 1.12573 18 55 -0.6 0.6
150760 1.12573 18 60 -0.6 0.6
150760 1.12573 18 57.5 -0.6 0.6
150760 1.12573 18 0 -0.6 0.6
150245 1.23957 36 45 -0.8 1.2
150157 1.09486 24 0 -1 0.3
150111 1.50131 9 60 0.6 0.6
150111 1.50131 9 62.5 0.6 0.6
150111 1.50131 9 0 0.6 0.6
150111 1.50131 9 57.5 0.6 0.6
150111 1.50131 9 70 0.6 0.6
150111 1.50131 9 75 0.6 0.6
150111 1.50131 9 75 1 0.6
150111 1.50131 9 65 0.6 0.6
150111 1.50131 9 55 0.6 0.6
149871 1.05843 100 45 0.8 0.6
149871 1.05843 60 45 0.8 0.6
149871 1.05843 48 45 0.8 0.6
149871 1.05843 36 45 0.8 0.6
149336 1.07558 48 75 10 0.6
149336 1.07558 60 75 10 0.6
149336 1.07558 100 75 10 0.6
148884 1.14754 3 57.5 0.6 -0.3
148884 1.14754 3 57.5 0.6 -0.15
148884 1.14754 3 57.5 0.6 -0.45
148884 1.14754 3 57.5 0.6 -10
148872 1.14705 3 65 0.6 -0.45
148872 1.14705 3 65 0.6 0
148872 1.14705 3 65 0.6 -0.15
148872 1.14705 3 65 0.6 -0.3
148872 1.14705 3 65 0.6 -10
148545 1.48564 9 45 0.4 0.6
148418 1.05879 9 70 1.4 0.3
148284 1.48303 12 0 -1 0.3
148284 1.48303 12 75 -1 0.3
148274 1.2028 9 0 1.4 0.6
148274 1.2028 9 62.5 1.4 0.6
148274 1.2028 9 55 1.4 0.6
148274 1.2028 9 57.5 1.4 0.6
148274 1.2028 9 60 1.4 0.6
148189 1.05077 18 45 10 0.45
148142 1.12157 24 0 -0.6 0.6
148142 1.12157 24 60 -0.6 0.6
148142 1.12157 24 57.5 -0.6 0.6
148142 1.12157 24 55 -0.6 0.6
148055 1.18196 24 45 10 1.05
148055 1.18196 24 0 10 1.05
148041 1.0496 24 60 10 0.45
147643 1.20167 9 45 1.2 0.6
147611 1.14449 3 60 0.6 -0.45
147611 1.14449 3 57.5 0.6 0
147611 1.14449 3 62.5 0.6 0
147611 1.14449 3 62.5 0.6 -0.3
147611 1.14449 3 60 0.6 -0.3
147611 1.14449 3 62.5 0.6 -0.15
147611 1.14449 3 62.5 0.6 -0.45
147611 1.14449 3 62.5 0.6 -10
147611 1.14449 3 60 0.6 -0.15
147611 1.14449 3 60 0.6 -10
147611 1.14449 3 60 0.6 0
147539 1.09153 18 0 -1 0.3
147530 1.1494 9 57.5 10 0.6
147530 1.1494 9 45 10 0.6
147530 1.1494 9 0 10 0.6
147530 1.1494 9 60 10 0.6
147530 1.1494 9 55 10 0.6
147440 1.18151 24 70 10 1.05
147392 1.19932 9 65 1.4 0.6
147303 1.05049 18 0 10 0.45
147177 1.19845 9 70 1.4 0.6
147159 1.08289 12 75 -0.2 0
147159 1.08289 12 75 -0.2 -0.3
147159 1.08289 12 75 -0.2 -10
146984 1.12826 36 45 -0.8 0.6
146980 1.07389 12 62.5 -0.6 -0.3
146980 1.07389 12 62.5 -0.6 0
146796 1.11637 9 62.5 -0.6 -10
146695 1.06589 24 62.5 1 0.6
146695 1.06589 18 0 1 0.6
146695 1.06589 18 62.5 1 0.6
146695 1.06589 24 55 1 0.6
146695 1.06589 24 57.5 1 0.6
146695 1.06589 24 60 1 0.6
146695 1.06589 18 55 1 0.6
146695 1.06589 18 57.5 1 0.6
146695 1.06589 18 60 1 0.6
146695 1.06589 24 0 1 0.6
146455 1.07848 12 62.5 1 0.6
146455 1.07848 12 55 1 0.6
146455 1.07848 12 0 1 0.6
146455 1.07848 12 57.5 1 0.6
146455 1.07848 12 60 1 0.6
145975 1.05007 18 55 10 0.45
145839 1.06513 24 65 1 0.6
145839 1.06513 18 65 1 0.6
145614 1.06495 18 70 1 0.6
145614 1.06495 24 70 1 0.6
145575 1.07747 12 65 1 0.6
145516 1.07012 36 75 1 0
145516 1.07012 36 75 1 -10
145475 1.1371 3 45 0.4 0
145363 1.07721 12 70 1 0.6
145288 1.12134 9 70 -0.6 -0.15
145288 1.12134 9 70 -0.6 0
145288 1.12134 9 70 -0.6 -10
145288 1.12134 9 70 -0.6 -0.45
145288 1.12134 9 70 -0.6 -0.3
145199 1.452 6 70 -1 -10
145199 1.452 6 70 -1 -0.45
145199 1.452 6 70 -1 -0.15
145199 1.452 6 70 -1 0
145199 1.452 6 70 -1 -0.3
145103 1.02755 9 0 10 -0.3
143479 1.12251 9 45 -0.8 0
143333 1.07344 24 75 1 0.6
143333 1.07344 18 75 1 0.6
142571 1.09063 9 60 -0.6 0
142571 1.09063 9 60 -0.6 -0.15
142571 1.09063 9 60 -0.6 -0.3
142571 1.09063 9 60 -0.6 -0.45
142524 1.07134 12 65 -0.6 -0.3
142524 1.07134 12 65 -0.6 -10
142524 1.07134 12 65 -0.6 0
142386 1.09134 6 55 -0.6 -0.15
142004 1.08963 9 55 -0.6 0
141867 1.19167 36 75 10 1.2
141867 1.19167 24 75 10 1.2
141460 1.08863 9 57.5 -0.6 -0.3
141460 1.08863 9 57.5 -0.6 0
140129 1.08829 6 55 -0.6 -10
140129 1.08829 6 55 -0.6 -0.3
140129 1.08829 6 55 -0.6 -0.45
139623 1.11731 9 62.5 10 0.6
139588 1.05325 12 70 1.4 0.3
139450 1.02629 48 45 10 0
139450 1.02629 36 45 10 0
139450 1.02629 100 45 10 0
139450 1.02629 60 45 10 0
139016 1.02493 12 0 10 -0.3
138816 1.11031 36 0 -1 0.6
138781 1.11539 9 65 10 0.6
137910 1.06223 18 57.5 0.6 0.6
137910 1.06223 18 62.5 0.6 0.6
137910 1.06223 18 60 0.6 0.6
137910 1.06223 24 60 0.6 0.6
137910 1.06223 24 55 0.6 0.6
137910 1.06223 24 62.5 0.6 0.6
137910 1.06223 24 65 0.6 0.6
137910 1.06223 24 57.5 0.6 0.6
137910 1.06223 18 65 0.6 0.6
137910 1.06223 18 55 0.6 0.6
137583 1.37598 12 75 -0.2 0.6
136566 1.04652 24 55 10 0.45
136537 1.06874 12 45 0.8 0.6
136352 1.01614 9 0 10 -10
136250 1.09729 6 45 -0.8 -0.45
136250 1.09729 6 45 -0.8 -10
136250 1.09729 6 45 -0.8 -0.3
136233 1.05892 18 70 1 0.3
136233 1.05892 24 70 1 0.3
136158 1.04961 9 70 1 0.3
136038 1.13332 24 45 -1.2 0.6
136004 1.04951 12 70 1 0.3
135948 1.10954 3 55 0.6 -0.3
135948 1.10954 3 55 0.6 -0.45
135948 1.10954 3 55 0.6 -10
135948 1.10954 3 55 0.6 -0.15
135852 1.04557 36 62.5 1.4 0.6
135852 1.04557 60 62.5 1.4 0.6
135852 1.04557 48 55 1.4 0.6
135852 1.04557 48 62.5 1.4 0.6
135852 1.04557 48 57.5 1.4 0.6
135852 1.04557 36 60 1.4 0.6
135852 1.04557 60 55 1.4 0.6
135852 1.04557 36 57.5 1.4 0.6
135852 1.04557 60 57.5 1.4 0.6
135852 1.04557 48 60 1.4 0.6
135852 1.04557 60 60 1.4 0.6
135852 1.04557 100 55 1.4 0.6
135852 1.04557 36 55 1.4 0.6
135385 1.11203 9 70 10 0.6
135289 1.02423 48 0 10 0
135289 1.02423 36 0 10 0
135289 1.02423 100 0 10 0
135289 1.02423 60 0 10 0
135026 1.04496 36 65 1.4 0.6
135026 1.04496 60 65 1.4 0.6
135026 1.04496 100 65 1.4 0.6
135026 1.04496 48 65 1.4 0.6
134826 1.04481 60 70 1.4 0.6
134826 1.04481 48 70 1.4 0.6
134826 1.04481 36 70 1.4 0.6
134786 1.10649 3 55 0.6 0
134442 1.06598 12 65 0.6 0.6
134442 1.06598 12 57.5 0.6 0.6
134442 1.06598 12 62.5 0.6 0.6
134442 1.06598 12 70 0.6 0.6
134442 1.06598 12 55 0.6 0.6
134442 1.06598 12 60 0.6 0.6
134025 1.10863 9 45 -0.8 0.15
133281 1.0949 36 75 -0.6 0.6
133206 1.11692 24 75 1 0.9
133199 1.332 3 65 -0.6 -10
133199 1.332 3 65 -0.6 -0.45
133199 1.332 3 65 -0.6 -0.15
133199 1.332 3 65 -0.6 -0.3
133199 1.332 3 62.5 -0.6 -0.15
133199 1.332 6 70 -0.6 -0.45
133199 1.332 3 60 -0.6 0
133199 1.332 3 65 -0.6 0
133199 1.332 3 62.5 -0.6 -0.45
133199 1.332 3 60 -0.6 -0.45
133199 1.332 3 55 -0.6 0
133199 1.332 3 55 -0.6 -0.3
133199 1.332 3 62.5 -0.6 -0.3
133199 1.332 6 70 -0.6 -10
133199 1.332 6 70 -0.6 -0.3
133199 1.332 3 57.5 -0.6 -0.3
133199 1.332 3 62.5 -0.6 0
133199 1.332 3 62.5 -0.6 -10
133199 1.332 3 57.5 -0.6 -0.15
133199 1.332 3 60 -0.6 -10
133199 1.332 3 57.5 -0.6 -0.45
133199 1.332 3 55 -0.6 -0.45
133199 1.332 3 57.5 -0.6 -10
133199 1.332 6 70 -0.6 0
133199 1.332 6 70 -0.6 -0.15
133199 1.332 3 55 -0.6 -10
133199 1.332 3 55 -0.6 -0.15
133199 1.332 3 60 -0.6 -0.15
133199 1.332 3 0 -0.6 0
133199 1.332 3 60 -0.6 -0.3
133199 1.332 3 57.5 -0.6 0
133082 1.02367 100 45 10 -10
133082 1.02367 48 45 10 -10
133082 1.02367 36 45 10 -10
133082 1.02367 60 45 10 -10
133032 1.05335 9 75 1.4 0
133032 1.05335 9 75 1.4 0.3
133032 1.05335 9 75 1.4 -0.15
133032 1.05335 9 75 1.4 -0.45
133032 1.05335 9 75 1.4 -0.3
133032 1.05335 9 75 1.4 -10
132834 1.05598 18 45 0.8 0.6
132834 1.05598 24 45 0.8 0.6
132409 1.09457 12 75 10 0.6
132063 1.16812 18 45 -1.2 0.6
131621 1.02507 18 45 10 0
131527 1.08508 24 70 10 0.75
130559 1.17957 24 65 10 1.2
130559 1.17957 24 62.5 10 1.2
130554 1.14565 9 75 1.4 0.6
130372 1.06089 24 75 1 0
130372 1.06089 24 75 1 0.3
130372 1.06089 18 75 1 -10
130372 1.06089 18 75 1 0.3
130372 1.06089 24 75 1 -10
130372 1.06089 18 75 1 0.15
130372 1.06089 18 75 1 0
130285 1.05101 9 75 1 0
130285 1.05101 9 75 1 -10
130285 1.05101 9 75 1 0.15
130285 1.05101 9 75 1 0.3
130143 1.0509 12 75 1 0.15
130143 1.0509 12 75 1 0
130143 1.0509 12 75 1 -10
130143 1.0509 12 75 1 0.3
129848 1.06191 12 55 10 0.6
129848 1.06191 12 45 10 0.6
129848 1.06191 12 0 10 0.6
129277 1.06068 6 70 10 0
129277 1.06068 6 70 10 -10
129277 1.06068 6 70 10 -0.45
129277 1.06068 6 70 10 -0.15
129277 1.06068 6 70 10 -0.3
128765 1.06596 9 62.5 -0.6 -0.3
128765 1.06596 9 62.5 -0.6 -0.15
128765 1.06596 9 62.5 -0.6 -0.45
128765 1.06596 9 62.5 -0.6 0
128096 1.17692 24 45 10 1.2
128096 1.17692 24 57.5 10 1.2
128096 1.17692 24 0 10 1.2
128096 1.17692 24 55 10 1.2
128096 1.17692 24 60 10 1.2
127929 1.0433 3 0 10 -10
127929 1.0433 3 0 1.4 -10
127698 1.04354 24 57.5 1.4 0.6
127698 1.04354 24 62.5 1.4 0.6
127698 1.04354 24 60 1.4 0.6
127698 1.04354 24 55 1.4 0.6
127650 1.08051 24 70 -1 0.3
127557 1.17635 24 70 10 1.2
127350 1.02327 18 0 10 0
126926 1.04286 24 65 1.4 0.6
126453 1.02787 60 70 10 0
126453 1.02787 36 70 10 -10
126453 1.02787 36 70 10 0
126453 1.02787 48 70 10 -10
126453 1.02787 48 70 10 0
126453 1.02787 60 70 10 -10
126356 1.05989 12 57.5 10 0.6
126088 1.10373 36 85 10 -10
126088 1.10373 48 85 10 0
126088 1.10373 60 85 10 0
126088 1.10373 60 85 10 -10
126088 1.10373 36 85 10 0
126088 1.10373 48 85 10 -10
125617 1.02231 18 45 10 -10
125617 1.02231 18 45 10 -0.3
125433 1.06048 9 75 10 -0.3
125433 1.06048 9 75 10 -0.45
125433 1.06048 9 75 10 0.3
125433 1.06048 9 75 10 -10
125433 1.06048 9 75 10 -0.15
125433 1.06048 9 75 10 0
125421 1.07635 18 75 -1 0.3
125421 1.07635 18 70 -1 0.3
125421 1.07635 36 75 -1 0.3
125421 1.07635 24 75 -1 0.3
124972 1.01072 12 0 10 -10
124860 1.06256 9 65 -0.6 -10
124860 1.06256 9 65 -0.6 -0.45
124860 1.06256 9 65 -0.6 0
124860 1.06256 9 65 -0.6 -0.3
124860 1.06256 9 65 -0.6 -0.15
124498 1.02107 24 45 10 0
124286 1.05471 12 57.5 1.4 0.6
124286 1.05471 12 55 1.4 0.6
124286 1.05471 12 60 1.4 0.6
124286 1.05471 12 62.5 1.4 0.6
123770 1.07981 6 60 -0.6 -0.3
123770 1.07981 6 60 -0.6 -0.45
123770 1.07981 6 60 -0.6 -10
123677 1.1002 9 75 -0.6 -0.3
123677 1.1002 9 75 -0.6 0
123677 1.1002 9 75 -0.6 -10
123677 1.1002 9 75 -0.6 -0.45
123677 1.1002 9 75 -0.6 -0.15
123652 1.05789 12 60 10 0.6
123609 1.02485 9 70 10 -10
123609 1.02485 9 70 10 0
123543 1.0537 12 65 1.4 0.6
123351 1.05344 12 70 1.4 0.6
123085 1.06076 9 75 10 0.6
122830 1.07403 12 0 -0.2 0.6
122797 1.07741 6 57.5 -0.6 -0.3
122797 1.07741 6 57.5 -0.6 -10
122797 1.07741 6 57.5 -0.6 -0.15
122797 1.07741 6 57.5 -0.6 -0.45
122597 1.07356 18 70 -0.2 0.6
122597 1.07356 24 70 -0.2 0.6
121628 1.052 6 70 1 0
121628 1.052 6 70 1 -10
121628 1.052 6 70 1 -0.45
121628 1.052 6 70 1 -0.3
121628 1.052 6 70 1 -0.15
121243 1.09864 18 70 -0.6 0.6
121243 1.09864 18 62.5 -0.6 0.6
121243 1.09864 18 65 -0.6 0.6
121013 1.09802 24 0 -1 0.6
121013 1.09802 24 70 -1 0.6
120781 1.0189 24 0 10 0
120739 1.04134 18 55 1.4 0.6
120739 1.04134 18 57.5 1.4 0.6
120739 1.04134 18 62.5 1.4 0.6
120739 1.04134 18 60 1.4 0.6
120709 1.03591 3 0 1 -10
120028 1.04058 18 65 1.4 0.6
119852 1.00403 36 0 10 -10
119141 1.09309 24 70 -0.6 0.6
119141 1.09309 24 65 -0.6 0.6
119141 1.09309 24 62.5 -0.6 0.6
119141 1.09309 24 45 -0.8 0.6
118819 1.01831 24 45 10 -10
117966 1.05549 12 75 10 0.15
117966 1.05549 12 75 10 -10
117966 1.05549 12 75 10 0
117966 1.05549 12 75 10 0.3
117501 1.11517 18 45 -0.8 0.6
117501 1.11517 18 0 -1 0.6
0
2213804 100 82.5 1 -0.12